# alpha = 3
# xi_min = 0.01, xi_max = 1000
# Lmin = 0.001, Lmax = 1000
# c = 1, f0 = 1, tau = 1, Phi = 0.5
# V range: 1e-05 -- 1000000
# columns: V    F_ss(V)
1.000000000000e-05 2.817849438634e+00
1.023292992281e-05 2.806633518447e+00
1.047128548051e-05 2.795423153606e+00
1.071519305238e-05 2.784218441987e+00
1.096478196143e-05 2.773019483021e+00
1.122018454302e-05 2.761826377719e+00
1.148153621497e-05 2.750639228683e+00
1.174897554940e-05 2.739458140134e+00
1.202264434617e-05 2.728283217924e+00
1.230268770812e-05 2.717114569569e+00
1.258925411794e-05 2.705952304255e+00
1.288249551693e-05 2.694796532866e+00
1.318256738556e-05 2.683647368005e+00
1.348962882592e-05 2.672504924011e+00
1.380384264603e-05 2.661369316981e+00
1.412537544623e-05 2.650240664794e+00
1.445439770746e-05 2.639119087126e+00
1.479108388168e-05 2.628004705473e+00
1.513561248436e-05 2.616897643173e+00
1.548816618912e-05 2.605798025428e+00
1.584893192461e-05 2.594705979318e+00
1.621810097359e-05 2.583621633819e+00
1.659586907438e-05 2.572545119863e+00
1.698243652462e-05 2.561476570293e+00
1.737800828749e-05 2.550416119929e+00
1.778279410039e-05 2.539363905580e+00
1.819700858610e-05 2.528320066056e+00
1.862087136663e-05 2.517284742198e+00
1.905460717963e-05 2.506258076896e+00
1.949844599758e-05 2.495240215105e+00
1.995262314969e-05 2.484231303868e+00
2.041737944670e-05 2.473231492344e+00
2.089296130854e-05 2.462240931812e+00
2.137962089502e-05 2.451259775705e+00
2.187761623950e-05 2.440288179620e+00
2.238721138568e-05 2.429326301347e+00
2.290867652768e-05 2.418374300881e+00
2.344228815320e-05 2.407432340443e+00
2.398832919019e-05 2.396500584496e+00
2.454708915685e-05 2.385579199782e+00
2.511886431510e-05 2.374668355311e+00
2.570395782769e-05 2.363768222401e+00
2.630267991895e-05 2.352878974686e+00
2.691534803927e-05 2.342000788141e+00
2.754228703338e-05 2.331133841091e+00
2.818382931264e-05 2.320278314241e+00
2.884031503127e-05 2.309434390675e+00
2.951209226666e-05 2.298602255887e+00
3.019951720402e-05 2.287782097789e+00
3.090295432514e-05 2.276974106731e+00
3.162277660168e-05 2.266178475513e+00
3.235936569296e-05 2.255395399383e+00
3.311311214826e-05 2.244625076127e+00
3.388441561392e-05 2.233867705965e+00
3.467368504525e-05 2.223123491646e+00
3.548133892336e-05 2.212392638432e+00
3.630780547701e-05 2.201675354129e+00
3.715352290972e-05 2.190971849073e+00
3.801893963206e-05 2.180282336160e+00
3.890451449943e-05 2.169607030849e+00
3.981071705535e-05 2.158946151166e+00
4.073802778041e-05 2.148299917735e+00
4.168693834703e-05 2.137668553754e+00
4.265795188016e-05 2.127052285024e+00
4.365158322402e-05 2.116451339946e+00
4.466835921510e-05 2.105865949538e+00
4.570881896149e-05 2.095296347426e+00
4.677351412872e-05 2.084742769854e+00
4.786300923226e-05 2.074205455677e+00
4.897788193684e-05 2.063684646404e+00
5.011872336273e-05 2.053180586138e+00
5.128613839914e-05 2.042693521613e+00
5.248074602498e-05 2.032223702189e+00
5.370317963703e-05 2.021771379845e+00
5.495408738576e-05 2.011336809174e+00
5.623413251903e-05 2.000920247395e+00
5.754399373372e-05 1.990521954321e+00
5.888436553556e-05 1.980142192371e+00
6.025595860744e-05 1.969781226557e+00
6.165950018615e-05 1.959439324475e+00
6.309573444802e-05 1.949116756294e+00
6.456542290347e-05 1.938813794703e+00
6.606934480076e-05 1.928530715064e+00
6.760829753920e-05 1.918267795146e+00
6.918309709189e-05 1.908025315281e+00
7.079457843841e-05 1.897803558291e+00
7.244359600750e-05 1.887602809498e+00
7.413102413009e-05 1.877423356665e+00
7.585775750292e-05 1.867265490000e+00
7.762471166287e-05 1.857129502124e+00
7.943282347243e-05 1.847015688037e+00
8.128305161641e-05 1.836924345130e+00
8.317637711027e-05 1.826855773094e+00
8.511380382024e-05 1.816810273931e+00
8.709635899561e-05 1.806788151911e+00
8.912509381337e-05 1.796789713548e+00
9.120108393559e-05 1.786815267541e+00
9.332543007970e-05 1.776865124754e+00
9.549925860214e-05 1.766939598150e+00
9.772372209558e-05 1.757039002832e+00
1.000000000000e-04 1.747163655872e+00
1.023292992281e-04 1.737313876353e+00
1.047128548051e-04 1.727489985297e+00
1.071519305238e-04 1.717692305614e+00
1.096478196143e-04 1.707921162051e+00
1.122018454302e-04 1.698176881130e+00
1.148153621497e-04 1.688459791126e+00
1.174897554940e-04 1.678770221952e+00
1.202264434617e-04 1.669108505138e+00
1.230268770812e-04 1.659474973756e+00
1.258925411794e-04 1.649869962356e+00
1.288249551693e-04 1.640293806900e+00
1.318256738556e-04 1.630746844688e+00
1.348962882592e-04 1.621229414287e+00
1.380384264603e-04 1.611741855461e+00
1.412537544623e-04 1.602284509078e+00
1.445439770746e-04 1.592857717076e+00
1.479108388168e-04 1.583461822316e+00
1.513561248436e-04 1.574097168544e+00
1.548816618912e-04 1.564764100290e+00
1.584893192461e-04 1.555462962766e+00
1.621810097359e-04 1.546194101850e+00
1.659586907438e-04 1.536957863872e+00
1.698243652462e-04 1.527754595605e+00
1.737800828749e-04 1.518584644132e+00
1.778279410039e-04 1.509448356786e+00
1.819700858610e-04 1.500346080994e+00
1.862087136663e-04 1.491278164206e+00
1.905460717963e-04 1.482244953742e+00
1.949844599758e-04 1.473246796844e+00
1.995262314969e-04 1.464284040323e+00
2.041737944670e-04 1.455357030606e+00
2.089296130854e-04 1.446466113583e+00
2.137962089502e-04 1.437611634490e+00
2.187761623950e-04 1.428793937789e+00
2.238721138568e-04 1.420013367027e+00
2.290867652768e-04 1.411270264795e+00
2.344228815320e-04 1.402564972479e+00
2.398832919019e-04 1.393897830222e+00
2.454708915685e-04 1.385269176768e+00
2.511886431510e-04 1.376679349335e+00
2.570395782769e-04 1.368128683486e+00
2.630267991895e-04 1.359617512995e+00
2.691534803927e-04 1.351146169711e+00
2.754228703338e-04 1.342714983427e+00
2.818382931264e-04 1.334324281739e+00
2.884031503127e-04 1.325974389891e+00
2.951209226666e-04 1.317665630716e+00
3.019951720402e-04 1.309398324375e+00
3.090295432514e-04 1.301172788298e+00
3.162277660168e-04 1.292989336981e+00
3.235936569296e-04 1.284848282010e+00
3.311311214826e-04 1.276749931669e+00
3.388441561392e-04 1.268694590965e+00
3.467368504525e-04 1.260682561421e+00
3.548133892336e-04 1.252714141019e+00
3.630780547701e-04 1.244789623926e+00
3.715352290972e-04 1.236909300440e+00
3.801893963206e-04 1.229073456825e+00
3.890451449943e-04 1.221282375167e+00
3.981071705535e-04 1.213536333234e+00
4.073802778041e-04 1.205835604335e+00
4.168693834703e-04 1.198180457175e+00
4.265795188016e-04 1.190571155723e+00
4.365158322402e-04 1.183007959067e+00
4.466835921510e-04 1.175491121240e+00
4.570881896149e-04 1.168020891245e+00
4.677351412872e-04 1.160597512673e+00
4.786300923226e-04 1.153221223741e+00
4.897788193684e-04 1.145892257115e+00
5.011872336273e-04 1.138610839783e+00
5.128613839914e-04 1.131377192928e+00
5.248074602498e-04 1.124191531800e+00
5.370317963703e-04 1.117054065600e+00
5.495408738576e-04 1.109964997357e+00
5.623413251903e-04 1.102924523808e+00
5.754399373372e-04 1.095932835253e+00
5.888436553556e-04 1.088990115592e+00
6.025595860744e-04 1.082096541982e+00
6.165950018615e-04 1.075252284896e+00
6.309573444802e-04 1.068457507898e+00
6.456542290347e-04 1.061712367871e+00
6.606934480076e-04 1.055017014425e+00
6.760829753920e-04 1.048371590149e+00
6.918309709189e-04 1.041776230387e+00
7.079457843841e-04 1.035231063331e+00
7.244359600750e-04 1.028736209685e+00
7.413102413009e-04 1.022291782762e+00
7.585775750292e-04 1.015897888372e+00
7.762471166287e-04 1.009554624758e+00
7.943282347243e-04 1.003262082530e+00
8.128305161641e-04 9.970203446120e-01
8.317637711027e-04 9.908294861884e-01
8.511380382024e-04 9.846895746582e-01
8.709635899561e-04 9.786006695912e-01
8.912509381337e-04 9.725628226139e-01
9.120108393559e-04 9.665760776921e-01
9.332543007970e-04 9.606404706204e-01
9.549925860214e-04 9.547560293276e-01
9.772372209558e-04 9.489227737759e-01
1.000000000000e-03 9.431407159475e-01
1.023292992281e-03 9.374098598374e-01
1.047128548051e-03 9.317302014508e-01
1.071519305238e-03 9.261017288054e-01
1.096478196143e-03 9.205244219393e-01
1.122018454302e-03 9.149982529235e-01
1.148153621497e-03 9.095231858044e-01
1.174897554940e-03 9.040991769353e-01
1.202264434617e-03 8.987261745289e-01
1.230268770812e-03 8.934041190153e-01
1.258925411794e-03 8.881329429961e-01
1.288249551693e-03 8.829125712865e-01
1.318256738556e-03 8.777429209620e-01
1.348962882592e-03 8.726239014138e-01
1.380384264603e-03 8.675554143188e-01
1.412537544623e-03 8.625373540379e-01
1.445439770746e-03 8.575696071656e-01
1.479108388168e-03 8.526520529549e-01
1.513561248436e-03 8.477845632978e-01
1.548816618912e-03 8.429670028077e-01
1.584893192461e-03 8.381992288993e-01
1.621810097359e-03 8.334810918759e-01
1.659586907438e-03 8.288124350203e-01
1.698243652462e-03 8.241930946887e-01
1.737800828749e-03 8.196229004088e-01
1.778279410039e-03 8.151016749810e-01
1.819700858610e-03 8.106292345839e-01
1.862087136663e-03 8.062053888814e-01
1.905460717963e-03 8.018299411348e-01
1.949844599758e-03 7.975026883160e-01
1.995262314969e-03 7.932234212255e-01
2.041737944670e-03 7.889919246110e-01
2.089296130854e-03 7.848079772905e-01
2.137962089502e-03 7.806713522764e-01
2.187761623950e-03 7.765818169024e-01
2.238721138568e-03 7.725391329524e-01
2.290867652768e-03 7.685430566395e-01
2.344228815320e-03 7.645933393626e-01
2.398832919019e-03 7.606897268800e-01
2.454708915685e-03 7.568319601035e-01
2.511886431510e-03 7.530197750829e-01
2.570395782769e-03 7.492529030778e-01
2.630267991895e-03 7.455310707973e-01
2.691534803927e-03 7.418540004737e-01
2.754228703338e-03 7.382214100204e-01
2.818382931264e-03 7.346330130297e-01
2.884031503127e-03 7.310885195086e-01
2.951209226666e-03 7.275876351049e-01
3.019951720402e-03 7.241300618797e-01
3.090295432514e-03 7.207154982892e-01
3.162277660168e-03 7.173436393278e-01
3.235936569296e-03 7.140141766680e-01
3.311311214826e-03 7.107267988080e-01
3.388441561392e-03 7.074811912105e-01
3.467368504525e-03 7.042770364456e-01
3.548133892336e-03 7.011140143321e-01
3.630780547701e-03 6.979918020775e-01
3.715352290972e-03 6.949100744181e-01
3.801893963206e-03 6.918685037574e-01
3.890451449943e-03 6.888667603039e-01
3.981071705535e-03 6.859045122076e-01
4.073802778041e-03 6.829814256951e-01
4.168693834703e-03 6.800971652041e-01
4.265795188016e-03 6.772513935154e-01
4.365158322402e-03 6.744437718845e-01
4.466835921510e-03 6.716739601708e-01
4.570881896149e-03 6.689416169660e-01
4.677351412872e-03 6.662463997199e-01
4.786300923226e-03 6.635879648653e-01
4.897788193684e-03 6.609659679403e-01
5.011872336273e-03 6.583800637096e-01
5.128613839914e-03 6.558299062885e-01
5.248074602498e-03 6.533151492383e-01
5.370317963703e-03 6.508354457134e-01
5.495408738576e-03 6.483904485530e-01
5.623413251903e-03 6.459798101046e-01
5.754399373372e-03 6.436031835368e-01
5.888436553556e-03 6.412602210830e-01
6.025595860744e-03 6.389505754288e-01
6.165950018615e-03 6.366738994813e-01
6.309573444802e-03 6.344298464696e-01
6.456542290347e-03 6.322180700421e-01
6.606934480076e-03 6.300382243617e-01
6.760829753920e-03 6.278899641986e-01
6.918309709189e-03 6.257729450214e-01
7.079457843841e-03 6.236868230851e-01
7.244359600750e-03 6.216312555171e-01
7.413102413009e-03 6.196059003934e-01
7.585775750292e-03 6.176104168507e-01
7.762471166287e-03 6.156444651194e-01
7.943282347243e-03 6.137077066311e-01
8.128305161641e-03 6.117998040851e-01
8.317637711027e-03 6.099204215213e-01
8.511380382024e-03 6.080692243893e-01
8.709635899561e-03 6.062458796166e-01
8.912509381337e-03 6.044500556737e-01
9.120108393559e-03 6.026814226374e-01
9.332543007970e-03 6.009396522516e-01
9.549925860214e-03 5.992244179864e-01
9.772372209558e-03 5.975353950941e-01
1.000000000000e-02 5.958722606640e-01
1.023292992281e-02 5.942346936748e-01
1.047128548051e-02 5.926223750443e-01
1.071519305238e-02 5.910349876781e-01
1.096478196143e-02 5.894722165151e-01
1.122018454302e-02 5.879337485721e-01
1.148153621497e-02 5.864192729853e-01
1.174897554940e-02 5.849284810507e-01
1.202264434617e-02 5.834610662623e-01
1.230268770812e-02 5.820167243483e-01
1.258925411794e-02 5.805951533053e-01
1.288249551693e-02 5.791960534312e-01
1.318256738556e-02 5.778191273557e-01
1.348962882592e-02 5.764640800694e-01
1.380384264603e-02 5.751306189512e-01
1.412537544623e-02 5.738184537936e-01
1.445439770746e-02 5.725272968268e-01
1.479108388168e-02 5.712568627409e-01
1.513561248436e-02 5.700068687066e-01
1.548816618912e-02 5.687770343945e-01
1.584893192461e-02 5.675670819924e-01
1.621810097359e-02 5.663767362216e-01
1.659586907438e-02 5.652057243517e-01
1.698243652462e-02 5.640537762136e-01
1.737800828749e-02 5.629206242114e-01
1.778279410039e-02 5.618060033333e-01
1.819700858610e-02 5.607096511604e-01
1.862087136663e-02 5.596313078748e-01
1.905460717963e-02 5.585707162663e-01
1.949844599758e-02 5.575276217378e-01
1.995262314969e-02 5.565017723101e-01
2.041737944670e-02 5.554929186243e-01
2.089296130854e-02 5.545008139446e-01
2.137962089502e-02 5.535252141587e-01
2.187761623950e-02 5.525658777785e-01
2.238721138568e-02 5.516225659382e-01
2.290867652768e-02 5.506950423986e-01
2.344228815320e-02 5.497830735212e-01
2.398832919019e-02 5.488864282986e-01
2.454708915685e-02 5.480048783266e-01
2.511886431510e-02 5.471381978047e-01
2.570395782769e-02 5.462861635295e-01
2.630267991895e-02 5.454485548874e-01
2.691534803927e-02 5.446251538467e-01
2.754228703338e-02 5.438157449489e-01
2.818382931264e-02 5.430201152993e-01
2.884031503127e-02 5.422380545566e-01
2.951209226666e-02 5.414693549226e-01
3.019951720402e-02 5.407138111304e-01
3.090295432514e-02 5.399712204327e-01
3.162277660168e-02 5.392413825890e-01
3.235936569296e-02 5.385240998524e-01
3.311311214826e-02 5.378191769565e-01
3.388441561392e-02 5.371264210951e-01
3.467368504525e-02 5.364456419296e-01
3.548133892336e-02 5.357766515413e-01
3.630780547701e-02 5.351192644377e-01
3.715352290972e-02 5.344732975309e-01
3.801893963206e-02 5.338385701215e-01
3.890451449943e-02 5.332149038816e-01
3.981071705535e-02 5.326021228378e-01
4.073802778041e-02 5.320000533541e-01
4.168693834703e-02 5.314085241137e-01
4.265795188016e-02 5.308273661013e-01
4.365158322402e-02 5.302564125847e-01
4.466835921510e-02 5.296954990963e-01
4.570881896149e-02 5.291444634141e-01
4.677351412872e-02 5.286031455431e-01
4.786300923226e-02 5.280713876955e-01
4.897788193684e-02 5.275490342768e-01
5.011872336273e-02 5.270359318462e-01
5.128613839914e-02 5.265319291259e-01
5.248074602498e-02 5.260368769621e-01
5.370317963703e-02 5.255506283098e-01
5.495408738576e-02 5.250730382125e-01
5.623413251903e-02 5.246039637817e-01
5.754399373372e-02 5.241432641771e-01
5.888436553556e-02 5.236908005854e-01
6.025595860744e-02 5.232464362002e-01
6.165950018615e-02 5.228100362013e-01
6.309573444802e-02 5.223814677339e-01
6.456542290347e-02 5.219605998882e-01
6.606934480076e-02 5.215473036784e-01
6.760829753920e-02 5.211414520220e-01
6.918309709189e-02 5.207429197191e-01
7.079457843841e-02 5.203515834318e-01
7.244359600750e-02 5.199673216630e-01
7.413102413009e-02 5.195900147360e-01
7.585775750292e-02 5.192195447741e-01
7.762471166287e-02 5.188557956790e-01
7.943282347243e-02 5.184986531113e-01
8.128305161641e-02 5.181480044690e-01
8.317637711027e-02 5.178037388675e-01
8.511380382024e-02 5.174657471189e-01
8.709635899561e-02 5.171339217118e-01
8.912509381337e-02 5.168081567907e-01
9.120108393559e-02 5.164883481361e-01
9.332543007970e-02 5.161743931442e-01
9.549925860214e-02 5.158661908067e-01
9.772372209558e-02 5.155636416910e-01
1.000000000000e-01 5.152666479206e-01
1.023292992281e-01 5.149751131546e-01
1.047128548051e-01 5.146889425690e-01
1.071519305238e-01 5.144080428365e-01
1.096478196143e-01 5.141323221073e-01
1.122018454302e-01 5.138616899900e-01
1.148153621497e-01 5.135960575323e-01
1.174897554940e-01 5.133353372018e-01
1.202264434617e-01 5.130794428677e-01
1.230268770812e-01 5.128282897812e-01
1.258925411794e-01 5.125817945579e-01
1.288249551693e-01 5.123398751583e-01
1.318256738556e-01 5.121024508705e-01
1.348962882592e-01 5.118694422913e-01
1.380384264603e-01 5.116407713083e-01
1.412537544623e-01 5.114163610826e-01
1.445439770746e-01 5.111961360302e-01
1.479108388168e-01 5.109800218053e-01
1.513561248436e-01 5.107679452822e-01
1.548816618912e-01 5.105598345388e-01
1.584893192461e-01 5.103556188388e-01
1.621810097359e-01 5.101552286153e-01
1.659586907438e-01 5.099585954538e-01
1.698243652462e-01 5.097656520756e-01
1.737800828749e-01 5.095763323217e-01
1.778279410039e-01 5.093905711361e-01
1.819700858610e-01 5.092083045502e-01
1.862087136663e-01 5.090294696663e-01
1.905460717963e-01 5.088540046425e-01
1.949844599758e-01 5.086818486765e-01
1.995262314969e-01 5.085129419907e-01
2.041737944670e-01 5.083472258165e-01
2.089296130854e-01 5.081846423796e-01
2.137962089502e-01 5.080251348851e-01
2.187761623950e-01 5.078686475021e-01
2.238721138568e-01 5.077151253501e-01
2.290867652768e-01 5.075645145537e-01
2.344228815320e-01 5.074167619480e-01
2.398832919019e-01 5.072718154875e-01
2.454708915685e-01 5.071296239489e-01
2.511886431510e-01 5.069901369883e-01
2.570395782769e-01 5.068533051279e-01
2.630267991895e-01 5.067190797425e-01
2.691534803927e-01 5.065874130461e-01
2.754228703338e-01 5.064582580791e-01
2.818382931264e-01 5.063315686952e-01
2.884031503127e-01 5.062072995487e-01
2.951209226666e-01 5.060854060818e-01
3.019951720402e-01 5.059658445125e-01
3.090295432514e-01 5.058485718220e-01
3.162277660168e-01 5.057335457426e-01
3.235936569296e-01 5.056207247459e-01
3.311311214826e-01 5.055100680310e-01
3.388441561392e-01 5.054015355127e-01
3.467368504525e-01 5.052950878103e-01
3.548133892336e-01 5.051906862358e-01
3.630780547701e-01 5.050882927833e-01
3.715352290972e-01 5.049878701175e-01
3.801893963206e-01 5.048893815630e-01
3.890451449943e-01 5.047927910937e-01
3.981071705535e-01 5.046980633220e-01
4.073802778041e-01 5.046051634885e-01
4.168693834703e-01 5.045140574516e-01
4.265795188016e-01 5.044247116774e-01
4.365158322402e-01 5.043370932300e-01
4.466835921510e-01 5.042511697609e-01
4.570881896149e-01 5.041669095002e-01
4.677351412872e-01 5.040842812463e-01
4.786300923226e-01 5.040032543568e-01
4.897788193684e-01 5.039237987392e-01
5.011872336273e-01 5.038458848413e-01
5.128613839914e-01 5.037694836430e-01
5.248074602498e-01 5.036945666466e-01
5.370317963703e-01 5.036211058682e-01
5.495408738576e-01 5.035490738295e-01
5.623413251903e-01 5.034784435488e-01
5.754399373372e-01 5.034091885327e-01
5.888436553556e-01 5.033412827680e-01
6.025595860744e-01 5.032747006744e-01
6.165950018615e-01 5.032094172532e-01
6.309573444802e-01 5.031454078433e-01
6.456542290347e-01 5.030826482719e-01
6.606934480076e-01 5.030211148065e-01
6.760829753920e-01 5.029607841476e-01
6.918309709189e-01 5.029016334216e-01
7.079457843841e-01 5.028436401729e-01
7.244359600750e-01 5.027867823572e-01
7.413102413009e-01 5.027310383342e-01
7.585775750292e-01 5.026763868606e-01
7.762471166287e-01 5.026228070832e-01
7.943282347243e-01 5.025702785325e-01
8.128305161641e-01 5.025187811155e-01
8.317637711027e-01 5.024682951093e-01
8.511380382024e-01 5.024188011550e-01
8.709635899561e-01 5.023702802511e-01
8.912509381337e-01 5.023227137470e-01
9.120108393559e-01 5.022760833374e-01
9.332543007970e-01 5.022303710557e-01
9.549925860214e-01 5.021855592686e-01
9.772372209558e-01 5.021416306697e-01
1.000000000000e+00 5.020985682741e-01
1.023292992281e+00 5.020563554127e-01
1.047128548051e+00 5.020149757263e-01
1.071519305238e+00 5.019744131607e-01
1.096478196143e+00 5.019346519606e-01
1.122018454302e+00 5.018956766650e-01
1.148153621497e+00 5.018574721014e-01
1.174897554940e+00 5.018200233809e-01
1.202264434617e+00 5.017833158932e-01
1.230268770812e+00 5.017473353017e-01
1.258925411794e+00 5.017120675382e-01
1.288249551693e+00 5.016774987986e-01
1.318256738556e+00 5.016436155378e-01
1.348962882592e+00 5.016104044655e-01
1.380384264603e+00 5.015778525408e-01
1.412537544623e+00 5.015459469688e-01
1.445439770746e+00 5.015146751953e-01
1.479108388168e+00 5.014840249029e-01
1.513561248436e+00 5.014539840064e-01
1.548816618912e+00 5.014245406490e-01
1.584893192461e+00 5.013956831980e-01
1.621810097359e+00 5.013674002406e-01
1.659586907438e+00 5.013396805800e-01
1.698243652462e+00 5.013125132317e-01
1.737800828749e+00 5.012858874191e-01
1.778279410039e+00 5.012597925704e-01
1.819700858610e+00 5.012342183144e-01
1.862087136663e+00 5.012091544768e-01
1.905460717963e+00 5.011845910771e-01
1.949844599758e+00 5.011605183244e-01
1.995262314969e+00 5.011369266145e-01
2.041737944670e+00 5.011138065260e-01
2.089296130854e+00 5.010911488175e-01
2.137962089502e+00 5.010689444237e-01
2.187761623950e+00 5.010471844526e-01
2.238721138568e+00 5.010258601820e-01
2.290867652768e+00 5.010049630566e-01
2.344228815320e+00 5.009844846849e-01
2.398832919019e+00 5.009644168360e-01
2.454708915685e+00 5.009447514369e-01
2.511886431510e+00 5.009254805694e-01
2.570395782769e+00 5.009065964671e-01
2.630267991895e+00 5.008880915129e-01
2.691534803927e+00 5.008699582362e-01
2.754228703338e+00 5.008521893097e-01
2.818382931264e+00 5.008347775475e-01
2.884031503127e+00 5.008177159019e-01
2.951209226666e+00 5.008009974609e-01
3.019951720402e+00 5.007846154458e-01
3.090295432514e+00 5.007685632089e-01
3.162277660168e+00 5.007528342306e-01
3.235936569296e+00 5.007374221173e-01
3.311311214826e+00 5.007223205990e-01
3.388441561392e+00 5.007075235270e-01
3.467368504525e+00 5.006930248715e-01
3.548133892336e+00 5.006788187195e-01
3.630780547701e+00 5.006648992727e-01
3.715352290972e+00 5.006512608450e-01
3.801893963206e+00 5.006378978608e-01
3.890451449943e+00 5.006248048526e-01
3.981071705535e+00 5.006119764592e-01
4.073802778041e+00 5.005994074235e-01
4.168693834703e+00 5.005870925907e-01
4.265795188016e+00 5.005750269062e-01
4.365158322402e+00 5.005632054138e-01
4.466835921510e+00 5.005516232540e-01
4.570881896149e+00 5.005402756618e-01
4.677351412872e+00 5.005291579652e-01
4.786300923226e+00 5.005182655834e-01
4.897788193684e+00 5.005075940250e-01
5.011872336273e+00 5.004971388864e-01
5.128613839914e+00 5.004868958498e-01
5.248074602498e+00 5.004768606821e-01
5.370317963703e+00 5.004670292329e-01
5.495408738576e+00 5.004573974331e-01
5.623413251903e+00 5.004479612932e-01
5.754399373372e+00 5.004387169019e-01
5.888436553556e+00 5.004296604247e-01
6.025595860744e+00 5.004207881021e-01
6.165950018615e+00 5.004120962486e-01
6.309573444802e+00 5.004035812509e-01
6.456542290347e+00 5.003952395667e-01
6.606934480076e+00 5.003870677235e-01
6.760829753920e+00 5.003790623169e-01
6.918309709189e+00 5.003712200095e-01
7.079457843841e+00 5.003635375296e-01
7.244359600750e+00 5.003560116700e-01
7.413102413009e+00 5.003486392867e-01
7.585775750292e+00 5.003414172976e-01
7.762471166287e+00 5.003343426813e-01
7.943282347243e+00 5.003274124763e-01
8.128305161641e+00 5.003206237793e-01
8.317637711027e+00 5.003139737444e-01
8.511380382024e+00 5.003074595820e-01
8.709635899561e+00 5.003010785576e-01
8.912509381337e+00 5.002948279908e-01
9.120108393559e+00 5.002887052542e-01
9.332543007970e+00 5.002827077725e-01
9.549925860214e+00 5.002768330213e-01
9.772372209558e+00 5.002710785263e-01
1.000000000000e+01 5.002654418621e-01
1.023292992281e+01 5.002599206516e-01
1.047128548051e+01 5.002545125647e-01
1.071519305238e+01 5.002492153176e-01
1.096478196143e+01 5.002440266718e-01
1.122018454302e+01 5.002389444335e-01
1.148153621497e+01 5.002339664522e-01
1.174897554940e+01 5.002290906202e-01
1.202264434617e+01 5.002243148720e-01
1.230268770812e+01 5.002196371829e-01
1.258925411794e+01 5.002150555686e-01
1.288249551693e+01 5.002105680843e-01
1.318256738556e+01 5.002061728240e-01
1.348962882592e+01 5.002018679198e-01
1.380384264603e+01 5.001976515407e-01
1.412537544623e+01 5.001935218925e-01
1.445439770746e+01 5.001894772168e-01
1.479108388168e+01 5.001855157902e-01
1.513561248436e+01 5.001816359237e-01
1.548816618912e+01 5.001778359622e-01
1.584893192461e+01 5.001741142836e-01
1.621810097359e+01 5.001704692982e-01
1.659586907438e+01 5.001668994481e-01
1.698243652462e+01 5.001634032065e-01
1.737800828749e+01 5.001599790775e-01
1.778279410039e+01 5.001566255947e-01
1.819700858610e+01 5.001533413214e-01
1.862087136663e+01 5.001501248495e-01
1.905460717963e+01 5.001469747993e-01
1.949844599758e+01 5.001438898186e-01
1.995262314969e+01 5.001408685825e-01
2.041737944670e+01 5.001379097926e-01
2.089296130854e+01 5.001350121765e-01
2.137962089502e+01 5.001321744874e-01
2.187761623950e+01 5.001293955037e-01
2.238721138568e+01 5.001266740282e-01
2.290867652768e+01 5.001240088877e-01
2.344228815320e+01 5.001213989328e-01
2.398832919019e+01 5.001188430371e-01
2.454708915685e+01 5.001163400968e-01
2.511886431510e+01 5.001138890306e-01
2.570395782769e+01 5.001114887786e-01
2.630267991895e+01 5.001091383026e-01
2.691534803927e+01 5.001068365851e-01
2.754228703338e+01 5.001045826292e-01
2.818382931264e+01 5.001023754581e-01
2.884031503127e+01 5.001002141146e-01
2.951209226666e+01 5.000980976611e-01
3.019951720402e+01 5.000960251786e-01
3.090295432514e+01 5.000939957669e-01
3.162277660168e+01 5.000920085438e-01
3.235936569296e+01 5.000900626450e-01
3.311311214826e+01 5.000881572237e-01
3.388441561392e+01 5.000862914503e-01
3.467368504525e+01 5.000844645117e-01
3.548133892336e+01 5.000826756116e-01
3.630780547701e+01 5.000809239696e-01
3.715352290972e+01 5.000792088210e-01
3.801893963206e+01 5.000775294170e-01
3.890451449943e+01 5.000758850235e-01
3.981071705535e+01 5.000742749215e-01
4.073802778041e+01 5.000726984066e-01
4.168693834703e+01 5.000711547886e-01
4.265795188016e+01 5.000696433914e-01
4.365158322402e+01 5.000681635524e-01
4.466835921510e+01 5.000667146227e-01
4.570881896149e+01 5.000652959664e-01
4.677351412872e+01 5.000639069607e-01
4.786300923226e+01 5.000625469951e-01
4.897788193684e+01 5.000612154719e-01
5.011872336273e+01 5.000599118053e-01
5.128613839914e+01 5.000586354215e-01
5.248074602498e+01 5.000573857583e-01
5.370317963703e+01 5.000561622650e-01
5.495408738576e+01 5.000549644022e-01
5.623413251903e+01 5.000537916411e-01
5.754399373372e+01 5.000526434642e-01
5.888436553556e+01 5.000515193640e-01
6.025595860744e+01 5.000504188438e-01
6.165950018615e+01 5.000493414167e-01
6.309573444802e+01 5.000482866059e-01
6.456542290347e+01 5.000472539441e-01
6.606934480076e+01 5.000462429739e-01
6.760829753920e+01 5.000452532468e-01
6.918309709189e+01 5.000442843238e-01
7.079457843841e+01 5.000433357746e-01
7.244359600750e+01 5.000424071779e-01
7.413102413009e+01 5.000414981208e-01
7.585775750292e+01 5.000406081989e-01
7.762471166287e+01 5.000397370162e-01
7.943282347243e+01 5.000388841846e-01
8.128305161641e+01 5.000380493239e-01
8.317637711027e+01 5.000372320619e-01
8.511380382024e+01 5.000364320339e-01
8.709635899561e+01 5.000356488825e-01
8.912509381337e+01 5.000348822579e-01
9.120108393559e+01 5.000341318171e-01
9.332543007970e+01 5.000333972245e-01
9.549925860214e+01 5.000326781511e-01
9.772372209558e+01 5.000319742748e-01
1.000000000000e+02 5.000312852799e-01
1.023292992281e+02 5.000306108574e-01
1.047128548051e+02 5.000299507044e-01
1.071519305238e+02 5.000293045245e-01
1.096478196143e+02 5.000286720269e-01
1.122018454302e+02 5.000280529274e-01
1.148153621497e+02 5.000274469470e-01
1.174897554940e+02 5.000268538128e-01
1.202264434617e+02 5.000262732575e-01
1.230268770812e+02 5.000257050191e-01
1.258925411794e+02 5.000251488411e-01
1.288249551693e+02 5.000246044721e-01
1.318256738556e+02 5.000240716662e-01
1.348962882592e+02 5.000235501822e-01
1.380384264603e+02 5.000230397840e-01
1.412537544623e+02 5.000225402404e-01
1.445439770746e+02 5.000220513249e-01
1.479108388168e+02 5.000215728156e-01
1.513561248436e+02 5.000211044953e-01
1.548816618912e+02 5.000206461511e-01
1.584893192461e+02 5.000201975745e-01
1.621810097359e+02 5.000197585615e-01
1.659586907438e+02 5.000193289120e-01
1.698243652462e+02 5.000189084303e-01
1.737800828749e+02 5.000184969244e-01
1.778279410039e+02 5.000180942067e-01
1.819700858610e+02 5.000177000930e-01
1.862087136663e+02 5.000173144032e-01
1.905460717963e+02 5.000169369608e-01
1.949844599758e+02 5.000165675929e-01
1.995262314969e+02 5.000162061302e-01
2.041737944670e+02 5.000158524070e-01
2.089296130854e+02 5.000155062608e-01
2.137962089502e+02 5.000151675326e-01
2.187761623950e+02 5.000148360668e-01
2.238721138568e+02 5.000145117106e-01
2.290867652768e+02 5.000141943148e-01
2.344228815320e+02 5.000138837331e-01
2.398832919019e+02 5.000135798221e-01
2.454708915685e+02 5.000132824415e-01
2.511886431510e+02 5.000129914539e-01
2.570395782769e+02 5.000127067247e-01
2.630267991895e+02 5.000124281221e-01
2.691534803927e+02 5.000121555170e-01
2.754228703338e+02 5.000118887830e-01
2.818382931264e+02 5.000116277962e-01
2.884031503127e+02 5.000113724356e-01
2.951209226666e+02 5.000111225822e-01
3.019951720402e+02 5.000108781199e-01
3.090295432514e+02 5.000106389347e-01
3.162277660168e+02 5.000104049153e-01
3.235936569296e+02 5.000101759522e-01
3.311311214826e+02 5.000099519387e-01
3.388441561392e+02 5.000097327700e-01
3.467368504525e+02 5.000095183435e-01
3.548133892336e+02 5.000093085589e-01
3.630780547701e+02 5.000091033177e-01
3.715352290972e+02 5.000089025236e-01
3.801893963206e+02 5.000087060824e-01
3.890451449943e+02 5.000085139018e-01
3.981071705535e+02 5.000083258911e-01
4.073802778041e+02 5.000081419621e-01
4.168693834703e+02 5.000079620278e-01
4.265795188016e+02 5.000077860034e-01
4.365158322402e+02 5.000076138057e-01
4.466835921510e+02 5.000074453534e-01
4.570881896149e+02 5.000072805667e-01
4.677351412872e+02 5.000071193675e-01
4.786300923226e+02 5.000069616794e-01
4.897788193684e+02 5.000068074275e-01
5.011872336273e+02 5.000066565386e-01
5.128613839914e+02 5.000065089408e-01
5.248074602498e+02 5.000063645640e-01
5.370317963703e+02 5.000062233393e-01
5.495408738576e+02 5.000060851994e-01
5.623413251903e+02 5.000059500782e-01
5.754399373372e+02 5.000058179112e-01
5.888436553556e+02 5.000056886352e-01
6.025595860744e+02 5.000055621883e-01
6.165950018615e+02 5.000054385097e-01
6.309573444802e+02 5.000053175403e-01
6.456542290347e+02 5.000051992218e-01
6.606934480076e+02 5.000050834973e-01
6.760829753920e+02 5.000049703113e-01
6.918309709189e+02 5.000048596090e-01
7.079457843841e+02 5.000047513372e-01
7.244359600750e+02 5.000046454435e-01
7.413102413009e+02 5.000045418768e-01
7.585775750292e+02 5.000044405870e-01
7.762471166287e+02 5.000043415250e-01
7.943282347243e+02 5.000042446428e-01
8.128305161641e+02 5.000041498933e-01
8.317637711027e+02 5.000040572306e-01
8.511380382024e+02 5.000039666097e-01
8.709635899561e+02 5.000038779863e-01
8.912509381337e+02 5.000037913173e-01
9.120108393559e+02 5.000037065604e-01
9.332543007970e+02 5.000036236744e-01
9.549925860214e+02 5.000035426185e-01
9.772372209558e+02 5.000034633533e-01
1.000000000000e+03 5.000033858399e-01
1.023292992281e+03 5.000033100403e-01
1.047128548051e+03 5.000032359173e-01
1.071519305238e+03 5.000031634345e-01
1.096478196143e+03 5.000030925563e-01
1.122018454302e+03 5.000030232478e-01
1.148153621497e+03 5.000029554748e-01
1.174897554940e+03 5.000028892040e-01
1.202264434617e+03 5.000028244026e-01
1.230268770812e+03 5.000027610387e-01
1.258925411794e+03 5.000026990809e-01
1.288249551693e+03 5.000026384984e-01
1.318256738556e+03 5.000025792615e-01
1.348962882592e+03 5.000025213405e-01
1.380384264603e+03 5.000024647069e-01
1.412537544623e+03 5.000024093324e-01
1.445439770746e+03 5.000023551895e-01
1.479108388168e+03 5.000023022513e-01
1.513561248436e+03 5.000022504915e-01
1.548816618912e+03 5.000021998841e-01
1.584893192461e+03 5.000021504039e-01
1.621810097359e+03 5.000021020263e-01
1.659586907438e+03 5.000020547270e-01
1.698243652462e+03 5.000020084824e-01
1.737800828749e+03 5.000019632693e-01
1.778279410039e+03 5.000019190650e-01
1.819700858610e+03 5.000018758474e-01
1.862087136663e+03 5.000018335948e-01
1.905460717963e+03 5.000017922858e-01
1.949844599758e+03 5.000017518999e-01
1.995262314969e+03 5.000017124165e-01
2.041737944670e+03 5.000016738158e-01
2.089296130854e+03 5.000016360784e-01
2.137962089502e+03 5.000015991852e-01
2.187761623950e+03 5.000015631176e-01
2.238721138568e+03 5.000015278574e-01
2.290867652768e+03 5.000014933866e-01
2.344228815320e+03 5.000014596879e-01
2.398832919019e+03 5.000014267442e-01
2.454708915685e+03 5.000013945388e-01
2.511886431510e+03 5.000013630553e-01
2.570395782769e+03 5.000013322778e-01
2.630267991895e+03 5.000013021906e-01
2.691534803927e+03 5.000012727784e-01
2.754228703338e+03 5.000012440262e-01
2.818382931264e+03 5.000012159194e-01
2.884031503127e+03 5.000011884438e-01
2.951209226666e+03 5.000011615851e-01
3.019951720402e+03 5.000011353299e-01
3.090295432514e+03 5.000011096646e-01
3.162277660168e+03 5.000010845761e-01
3.235936569296e+03 5.000010600517e-01
3.311311214826e+03 5.000010360787e-01
3.388441561392e+03 5.000010126448e-01
3.467368504525e+03 5.000009897382e-01
3.548133892336e+03 5.000009673470e-01
3.630780547701e+03 5.000009454598e-01
3.715352290972e+03 5.000009240652e-01
3.801893963206e+03 5.000009031524e-01
3.890451449943e+03 5.000008827106e-01
3.981071705535e+03 5.000008627292e-01
4.073802778041e+03 5.000008431980e-01
4.168693834703e+03 5.000008241070e-01
4.265795188016e+03 5.000008054463e-01
4.365158322402e+03 5.000007872062e-01
4.466835921510e+03 5.000007693774e-01
4.570881896149e+03 5.000007519507e-01
4.677351412872e+03 5.000007349171e-01
4.786300923226e+03 5.000007182678e-01
4.897788193684e+03 5.000007019942e-01
5.011872336273e+03 5.000006860878e-01
5.128613839914e+03 5.000006705405e-01
5.248074602498e+03 5.000006553442e-01
5.370317963703e+03 5.000006404910e-01
5.495408738576e+03 5.000006259733e-01
5.623413251903e+03 5.000006117835e-01
5.754399373372e+03 5.000005979142e-01
5.888436553556e+03 5.000005843584e-01
6.025595860744e+03 5.000005711088e-01
6.165950018615e+03 5.000005581587e-01
6.309573444802e+03 5.000005455014e-01
6.456542290347e+03 5.000005331302e-01
6.606934480076e+03 5.000005210387e-01
6.760829753920e+03 5.000005092207e-01
6.918309709189e+03 5.000004976699e-01
7.079457843841e+03 5.000004863805e-01
7.244359600750e+03 5.000004753464e-01
7.413102413009e+03 5.000004645620e-01
7.585775750292e+03 5.000004540216e-01
7.762471166287e+03 5.000004437198e-01
7.943282347243e+03 5.000004336512e-01
8.128305161641e+03 5.000004238105e-01
8.317637711027e+03 5.000004141926e-01
8.511380382024e+03 5.000004047924e-01
8.709635899561e+03 5.000003956051e-01
8.912509381337e+03 5.000003866259e-01
9.120108393559e+03 5.000003778501e-01
9.332543007970e+03 5.000003692731e-01
9.549925860214e+03 5.000003608903e-01
9.772372209558e+03 5.000003526975e-01
1.000000000000e+04 5.000003446904e-01
1.023292992281e+04 5.000003368647e-01
1.047128548051e+04 5.000003292163e-01
1.071519305238e+04 5.000003217413e-01
1.096478196143e+04 5.000003144358e-01
1.122018454302e+04 5.000003072959e-01
1.148153621497e+04 5.000003003178e-01
1.174897554940e+04 5.000002934980e-01
1.202264434617e+04 5.000002868328e-01
1.230268770812e+04 5.000002803187e-01
1.258925411794e+04 5.000002739524e-01
1.288249551693e+04 5.000002677305e-01
1.318256738556e+04 5.000002616497e-01
1.348962882592e+04 5.000002557069e-01
1.380384264603e+04 5.000002498988e-01
1.412537544623e+04 5.000002442226e-01
1.445439770746e+04 5.000002386751e-01
1.479108388168e+04 5.000002332536e-01
1.513561248436e+04 5.000002279550e-01
1.548816618912e+04 5.000002227767e-01
1.584893192461e+04 5.000002177159e-01
1.621810097359e+04 5.000002127700e-01
1.659586907438e+04 5.000002079364e-01
1.698243652462e+04 5.000002032125e-01
1.737800828749e+04 5.000001985958e-01
1.778279410039e+04 5.000001940839e-01
1.819700858610e+04 5.000001896745e-01
1.862087136663e+04 5.000001853652e-01
1.905460717963e+04 5.000001811537e-01
1.949844599758e+04 5.000001770379e-01
1.995262314969e+04 5.000001730155e-01
2.041737944670e+04 5.000001690845e-01
2.089296130854e+04 5.000001652428e-01
2.137962089502e+04 5.000001614883e-01
2.187761623950e+04 5.000001578191e-01
2.238721138568e+04 5.000001542333e-01
2.290867652768e+04 5.000001507289e-01
2.344228815320e+04 5.000001473041e-01
2.398832919019e+04 5.000001439571e-01
2.454708915685e+04 5.000001406861e-01
2.511886431510e+04 5.000001374895e-01
2.570395782769e+04 5.000001343655e-01
2.630267991895e+04 5.000001313125e-01
2.691534803927e+04 5.000001283288e-01
2.754228703338e+04 5.000001254130e-01
2.818382931264e+04 5.000001225634e-01
2.884031503127e+04 5.000001197786e-01
2.951209226666e+04 5.000001170570e-01
3.019951720402e+04 5.000001143973e-01
3.090295432514e+04 5.000001117981e-01
3.162277660168e+04 5.000001092579e-01
3.235936569296e+04 5.000001067755e-01
3.311311214826e+04 5.000001043495e-01
3.388441561392e+04 5.000001019787e-01
3.467368504525e+04 5.000000996617e-01
3.548133892336e+04 5.000000973974e-01
3.630780547701e+04 5.000000951846e-01
3.715352290972e+04 5.000000930221e-01
3.801893963206e+04 5.000000909087e-01
3.890451449943e+04 5.000000888434e-01
3.981071705535e+04 5.000000868251e-01
4.073802778041e+04 5.000000848526e-01
4.168693834703e+04 5.000000829250e-01
4.265795188016e+04 5.000000810412e-01
4.365158322402e+04 5.000000792003e-01
4.466835921510e+04 5.000000774012e-01
4.570881896149e+04 5.000000756430e-01
4.677351412872e+04 5.000000739248e-01
4.786300923226e+04 5.000000722457e-01
4.897788193684e+04 5.000000706047e-01
5.011872336273e+04 5.000000690011e-01
5.128613839914e+04 5.000000674339e-01
5.248074602498e+04 5.000000659024e-01
5.370317963703e+04 5.000000644057e-01
5.495408738576e+04 5.000000629431e-01
5.623413251903e+04 5.000000615137e-01
5.754399373372e+04 5.000000601168e-01
5.888436553556e+04 5.000000587517e-01
6.025595860744e+04 5.000000574176e-01
6.165950018615e+04 5.000000561139e-01
6.309573444802e+04 5.000000548399e-01
6.456542290347e+04 5.000000535948e-01
6.606934480076e+04 5.000000523780e-01
6.760829753920e+04 5.000000511889e-01
6.918309709189e+04 5.000000500269e-01
7.079457843841e+04 5.000000488913e-01
7.244359600750e+04 5.000000477815e-01
7.413102413009e+04 5.000000466970e-01
7.585775750292e+04 5.000000456372e-01
7.762471166287e+04 5.000000446014e-01
7.943282347243e+04 5.000000435892e-01
8.128305161641e+04 5.000000426001e-01
8.317637711027e+04 5.000000416334e-01
8.511380382024e+04 5.000000406888e-01
8.709635899561e+04 5.000000397656e-01
8.912509381337e+04 5.000000388634e-01
9.120108393559e+04 5.000000379818e-01
9.332543007970e+04 5.000000371202e-01
9.549925860214e+04 5.000000362782e-01
9.772372209558e+04 5.000000354554e-01
1.000000000000e+05 5.000000346513e-01
1.023292992281e+05 5.000000338655e-01
1.047128548051e+05 5.000000330976e-01
1.071519305238e+05 5.000000323471e-01
1.096478196143e+05 5.000000316137e-01
1.122018454302e+05 5.000000308970e-01
1.148153621497e+05 5.000000301966e-01
1.174897554940e+05 5.000000295122e-01
1.202264434617e+05 5.000000288433e-01
1.230268770812e+05 5.000000281897e-01
1.258925411794e+05 5.000000275509e-01
1.288249551693e+05 5.000000269266e-01
1.318256738556e+05 5.000000263166e-01
1.348962882592e+05 5.000000257204e-01
1.380384264603e+05 5.000000251378e-01
1.412537544623e+05 5.000000245685e-01
1.445439770746e+05 5.000000240121e-01
1.479108388168e+05 5.000000234684e-01
1.513561248436e+05 5.000000229370e-01
1.548816618912e+05 5.000000224177e-01
1.584893192461e+05 5.000000219103e-01
1.621810097359e+05 5.000000214144e-01
1.659586907438e+05 5.000000209298e-01
1.698243652462e+05 5.000000204562e-01
1.737800828749e+05 5.000000199934e-01
1.778279410039e+05 5.000000195411e-01
1.819700858610e+05 5.000000190991e-01
1.862087136663e+05 5.000000186672e-01
1.905460717963e+05 5.000000182451e-01
1.949844599758e+05 5.000000178326e-01
1.995262314969e+05 5.000000174295e-01
2.041737944670e+05 5.000000170356e-01
2.089296130854e+05 5.000000166506e-01
2.137962089502e+05 5.000000162744e-01
2.187761623950e+05 5.000000159068e-01
2.238721138568e+05 5.000000155475e-01
2.290867652768e+05 5.000000151964e-01
2.344228815320e+05 5.000000148533e-01
2.398832919019e+05 5.000000145180e-01
2.454708915685e+05 5.000000141903e-01
2.511886431510e+05 5.000000138701e-01
2.570395782769e+05 5.000000135572e-01
2.630267991895e+05 5.000000132514e-01
2.691534803927e+05 5.000000129525e-01
2.754228703338e+05 5.000000126605e-01
2.818382931264e+05 5.000000123751e-01
2.884031503127e+05 5.000000120962e-01
2.951209226666e+05 5.000000118236e-01
3.019951720402e+05 5.000000115573e-01
3.090295432514e+05 5.000000112970e-01
3.162277660168e+05 5.000000110426e-01
3.235936569296e+05 5.000000107940e-01
3.311311214826e+05 5.000000105511e-01
3.388441561392e+05 5.000000103137e-01
3.467368504525e+05 5.000000100818e-01
3.548133892336e+05 5.000000098550e-01
3.630780547701e+05 5.000000096335e-01
3.715352290972e+05 5.000000094170e-01
3.801893963206e+05 5.000000092054e-01
3.890451449943e+05 5.000000089987e-01
3.981071705535e+05 5.000000087966e-01
4.073802778041e+05 5.000000085991e-01
4.168693834703e+05 5.000000084062e-01
4.265795188016e+05 5.000000082176e-01
4.365158322402e+05 5.000000080333e-01
4.466835921510e+05 5.000000078533e-01
4.570881896149e+05 5.000000076773e-01
4.677351412872e+05 5.000000075053e-01
4.786300923226e+05 5.000000073372e-01
4.897788193684e+05 5.000000071730e-01
5.011872336273e+05 5.000000070125e-01
5.128613839914e+05 5.000000068556e-01
5.248074602498e+05 5.000000067024e-01
5.370317963703e+05 5.000000065526e-01
5.495408738576e+05 5.000000064062e-01
5.623413251903e+05 5.000000062631e-01
5.754399373372e+05 5.000000061233e-01
5.888436553556e+05 5.000000059867e-01
6.025595860744e+05 5.000000058532e-01
6.165950018615e+05 5.000000057228e-01
6.309573444802e+05 5.000000055953e-01
6.456542290347e+05 5.000000054707e-01
6.606934480076e+05 5.000000053489e-01
6.760829753920e+05 5.000000052299e-01
6.918309709189e+05 5.000000051137e-01
7.079457843841e+05 5.000000050000e-01
7.244359600750e+05 5.000000048890e-01
7.413102413009e+05 5.000000047805e-01
7.585775750292e+05 5.000000046744e-01
7.762471166287e+05 5.000000045708e-01
7.943282347243e+05 5.000000044695e-01
8.128305161641e+05 5.000000043705e-01
8.317637711027e+05 5.000000042738e-01
8.511380382024e+05 5.000000041793e-01
8.709635899561e+05 5.000000040870e-01
8.912509381337e+05 5.000000039967e-01
9.120108393559e+05 5.000000039085e-01
9.332543007970e+05 5.000000038223e-01
9.549925860214e+05 5.000000037381e-01
9.772372209558e+05 5.000000036557e-01
1.000000000000e+06 5.000000035753e-01
