# alpha = 1.5
# xi_min = 0.01, xi_max = 1000
# Lmin = 0.001, Lmax = 1000
# c = 1, f0 = 1, tau = 1, Phi = 0.5
# V range: 1e-05 -- 1000000
# columns: V    F_ss(V)
1.000000000000e-05 8.217293006954e+00
1.023292992281e-05 8.205780848195e+00
1.047128548051e-05 8.194268704561e+00
1.071519305238e-05 8.182756576339e+00
1.096478196143e-05 8.171244463824e+00
1.122018454302e-05 8.159732367315e+00
1.148153621497e-05 8.148220287117e+00
1.174897554940e-05 8.136708223541e+00
1.202264434617e-05 8.125196176903e+00
1.230268770812e-05 8.113684147523e+00
1.258925411794e-05 8.102172135731e+00
1.288249551693e-05 8.090660141858e+00
1.318256738556e-05 8.079148166246e+00
1.348962882592e-05 8.067636209238e+00
1.380384264603e-05 8.056124271187e+00
1.412537544623e-05 8.044612352451e+00
1.445439770746e-05 8.033100453395e+00
1.479108388168e-05 8.021588574389e+00
1.513561248436e-05 8.010076715811e+00
1.548816618912e-05 7.998564878046e+00
1.584893192461e-05 7.987053061484e+00
1.621810097359e-05 7.975541266523e+00
1.659586907438e-05 7.964029493570e+00
1.698243652462e-05 7.952517743036e+00
1.737800828749e-05 7.941006015341e+00
1.778279410039e-05 7.929494310912e+00
1.819700858610e-05 7.917982630184e+00
1.862087136663e-05 7.906470973599e+00
1.905460717963e-05 7.894959341607e+00
1.949844599758e-05 7.883447734666e+00
1.995262314969e-05 7.871936153243e+00
2.041737944670e-05 7.860424597810e+00
2.089296130854e-05 7.848913068851e+00
2.137962089502e-05 7.837401566857e+00
2.187761623950e-05 7.825890092327e+00
2.238721138568e-05 7.814378645768e+00
2.290867652768e-05 7.802867227699e+00
2.344228815320e-05 7.791355838644e+00
2.398832919019e-05 7.779844479139e+00
2.454708915685e-05 7.768333149727e+00
2.511886431510e-05 7.756821850962e+00
2.570395782769e-05 7.745310583408e+00
2.630267991895e-05 7.733799347637e+00
2.691534803927e-05 7.722288144231e+00
2.754228703338e-05 7.710776973782e+00
2.818382931264e-05 7.699265836894e+00
2.884031503127e-05 7.687754734180e+00
2.951209226666e-05 7.676243666261e+00
3.019951720402e-05 7.664732633773e+00
3.090295432514e-05 7.653221637359e+00
3.162277660168e-05 7.641710677676e+00
3.235936569296e-05 7.630199755389e+00
3.311311214826e-05 7.618688871176e+00
3.388441561392e-05 7.607178025726e+00
3.467368504525e-05 7.595667219740e+00
3.548133892336e-05 7.584156453929e+00
3.630780547701e-05 7.572645729019e+00
3.715352290972e-05 7.561135045745e+00
3.801893963206e-05 7.549624404856e+00
3.890451449943e-05 7.538113807112e+00
3.981071705535e-05 7.526603253288e+00
4.073802778041e-05 7.515092744168e+00
4.168693834703e-05 7.503582280552e+00
4.265795188016e-05 7.492071863253e+00
4.365158322402e-05 7.480561493096e+00
4.466835921510e-05 7.469051170920e+00
4.570881896149e-05 7.457540897577e+00
4.677351412872e-05 7.446030673934e+00
4.786300923226e-05 7.434520500872e+00
4.897788193684e-05 7.423010379286e+00
5.011872336273e-05 7.411500310084e+00
5.128613839914e-05 7.399990294191e+00
5.248074602498e-05 7.388480332546e+00
5.370317963703e-05 7.376970426102e+00
5.495408738576e-05 7.365460575829e+00
5.623413251903e-05 7.353950782711e+00
5.754399373372e-05 7.342441047748e+00
5.888436553556e-05 7.330931371956e+00
6.025595860744e-05 7.319421756367e+00
6.165950018615e-05 7.307912202031e+00
6.309573444802e-05 7.296402710011e+00
6.456542290347e-05 7.284893281388e+00
6.606934480076e-05 7.273383917263e+00
6.760829753920e-05 7.261874618750e+00
6.918309709189e-05 7.250365386982e+00
7.079457843841e-05 7.238856223110e+00
7.244359600750e-05 7.227347128301e+00
7.413102413009e-05 7.215838103744e+00
7.585775750292e-05 7.204329150641e+00
7.762471166287e-05 7.192820270217e+00
7.943282347243e-05 7.181311463712e+00
8.128305161641e-05 7.169802732388e+00
8.317637711027e-05 7.158294077524e+00
8.511380382024e-05 7.146785500420e+00
8.709635899561e-05 7.135277002394e+00
8.912509381337e-05 7.123768584785e+00
9.120108393559e-05 7.112260248952e+00
9.332543007970e-05 7.100751996274e+00
9.549925860214e-05 7.089243828150e+00
9.772372209558e-05 7.077735746001e+00
1.000000000000e-04 7.066227751269e+00
1.023292992281e-04 7.054719845416e+00
1.047128548051e-04 7.043212029927e+00
1.071519305238e-04 7.031704306307e+00
1.096478196143e-04 7.020196676084e+00
1.122018454302e-04 7.008689140810e+00
1.148153621497e-04 6.997181702056e+00
1.174897554940e-04 6.985674361419e+00
1.202264434617e-04 6.974167120517e+00
1.230268770812e-04 6.962659980991e+00
1.258925411794e-04 6.951152944508e+00
1.288249551693e-04 6.939646012755e+00
1.318256738556e-04 6.928139187448e+00
1.348962882592e-04 6.916632470322e+00
1.380384264603e-04 6.905125863139e+00
1.412537544623e-04 6.893619367687e+00
1.445439770746e-04 6.882112985777e+00
1.479108388168e-04 6.870606719246e+00
1.513561248436e-04 6.859100569957e+00
1.548816618912e-04 6.847594539798e+00
1.584893192461e-04 6.836088630683e+00
1.621810097359e-04 6.824582844554e+00
1.659586907438e-04 6.813077183377e+00
1.698243652462e-04 6.801571649147e+00
1.737800828749e-04 6.790066243885e+00
1.778279410039e-04 6.778560969640e+00
1.819700858610e-04 6.767055828488e+00
1.862087136663e-04 6.755550822534e+00
1.905460717963e-04 6.744045953909e+00
1.949844599758e-04 6.732541224775e+00
1.995262314969e-04 6.721036637322e+00
2.041737944670e-04 6.709532193767e+00
2.089296130854e-04 6.698027896359e+00
2.137962089502e-04 6.686523747375e+00
2.187761623950e-04 6.675019749122e+00
2.238721138568e-04 6.663515903937e+00
2.290867652768e-04 6.652012214188e+00
2.344228815320e-04 6.640508682273e+00
2.398832919019e-04 6.629005310620e+00
2.454708915685e-04 6.617502101690e+00
2.511886431510e-04 6.605999057973e+00
2.570395782769e-04 6.594496181995e+00
2.630267991895e-04 6.582993476308e+00
2.691534803927e-04 6.571490943501e+00
2.754228703338e-04 6.559988586194e+00
2.818382931264e-04 6.548486407039e+00
2.884031503127e-04 6.536984408722e+00
2.951209226666e-04 6.525482593962e+00
3.019951720402e-04 6.513980965511e+00
3.090295432514e-04 6.502479526157e+00
3.162277660168e-04 6.490978278720e+00
3.235936569296e-04 6.479477226055e+00
3.311311214826e-04 6.467976371053e+00
3.388441561392e-04 6.456475716638e+00
3.467368504525e-04 6.444975265771e+00
3.548133892336e-04 6.433475021449e+00
3.630780547701e-04 6.421974986702e+00
3.715352290972e-04 6.410475164600e+00
3.801893963206e-04 6.398975558247e+00
3.890451449943e-04 6.387476170785e+00
3.981071705535e-04 6.375977005391e+00
4.073802778041e-04 6.364478065283e+00
4.168693834703e-04 6.352979353713e+00
4.265795188016e-04 6.341480873975e+00
4.365158322402e-04 6.329982629397e+00
4.466835921510e-04 6.318484623349e+00
4.570881896149e-04 6.306986859238e+00
4.677351412872e-04 6.295489340511e+00
4.786300923226e-04 6.283992070654e+00
4.897788193684e-04 6.272495053194e+00
5.011872336273e-04 6.260998291698e+00
5.128613839914e-04 6.249501789773e+00
5.248074602498e-04 6.238005551065e+00
5.370317963703e-04 6.226509579266e+00
5.495408738576e-04 6.215013878105e+00
5.623413251903e-04 6.203518451355e+00
5.754399373372e-04 6.192023302831e+00
5.888436553556e-04 6.180528436390e+00
6.025595860744e-04 6.169033855933e+00
6.165950018615e-04 6.157539565403e+00
6.309573444802e-04 6.146045568787e+00
6.456542290347e-04 6.134551870117e+00
6.606934480076e-04 6.123058473468e+00
6.760829753920e-04 6.111565382961e+00
6.918309709189e-04 6.100072602761e+00
7.079457843841e-04 6.088580137079e+00
7.244359600750e-04 6.077087990172e+00
7.413102413009e-04 6.065596166343e+00
7.585775750292e-04 6.054104669942e+00
7.762471166287e-04 6.042613505367e+00
7.943282347243e-04 6.031122677060e+00
8.128305161641e-04 6.019632189516e+00
8.317637711027e-04 6.008142047275e+00
8.511380382024e-04 5.996652254926e+00
8.709635899561e-04 5.985162817109e+00
8.912509381337e-04 5.973673738511e+00
9.120108393559e-04 5.962185023872e+00
9.332543007970e-04 5.950696677981e+00
9.549925860214e-04 5.939208705677e+00
9.772372209558e-04 5.927721111854e+00
1.000000000000e-03 5.916233901455e+00
1.023292992281e-03 5.904747079476e+00
1.047128548051e-03 5.893260650966e+00
1.071519305238e-03 5.881774621028e+00
1.096478196143e-03 5.870288994820e+00
1.122018454302e-03 5.858803777553e+00
1.148153621497e-03 5.847318974492e+00
1.174897554940e-03 5.835834590961e+00
1.202264434617e-03 5.824350632337e+00
1.230268770812e-03 5.812867104055e+00
1.258925411794e-03 5.801384011608e+00
1.288249551693e-03 5.789901360546e+00
1.318256738556e-03 5.778419156476e+00
1.348962882592e-03 5.766937405067e+00
1.380384264603e-03 5.755456112045e+00
1.412537544623e-03 5.743975283198e+00
1.445439770746e-03 5.732494924374e+00
1.479108388168e-03 5.721015041483e+00
1.513561248436e-03 5.709535640496e+00
1.548816618912e-03 5.698056727448e+00
1.584893192461e-03 5.686578308436e+00
1.621810097359e-03 5.675100389623e+00
1.659586907438e-03 5.663622977236e+00
1.698243652462e-03 5.652146077567e+00
1.737800828749e-03 5.640669696973e+00
1.778279410039e-03 5.629193841881e+00
1.819700858610e-03 5.617718518783e+00
1.862087136663e-03 5.606243734241e+00
1.905460717963e-03 5.594769494884e+00
1.949844599758e-03 5.583295807413e+00
1.995262314969e-03 5.571822678598e+00
2.041737944670e-03 5.560350115282e+00
2.089296130854e-03 5.548878124378e+00
2.137962089502e-03 5.537406712874e+00
2.187761623950e-03 5.525935887830e+00
2.238721138568e-03 5.514465656381e+00
2.290867652768e-03 5.502996025739e+00
2.344228815320e-03 5.491527003191e+00
2.398832919019e-03 5.480058596100e+00
2.454708915685e-03 5.468590811909e+00
2.511886431510e-03 5.457123658139e+00
2.570395782769e-03 5.445657142389e+00
2.630267991895e-03 5.434191272342e+00
2.691534803927e-03 5.422726055760e+00
2.754228703338e-03 5.411261500489e+00
2.818382931264e-03 5.399797614456e+00
2.884031503127e-03 5.388334405676e+00
2.951209226666e-03 5.376871882245e+00
3.019951720402e-03 5.365410052349e+00
3.090295432514e-03 5.353948924259e+00
3.162277660168e-03 5.342488506336e+00
3.235936569296e-03 5.331028807027e+00
3.311311214826e-03 5.319569834874e+00
3.388441561392e-03 5.308111598506e+00
3.467368504525e-03 5.296654106646e+00
3.548133892336e-03 5.285197368112e+00
3.630780547701e-03 5.273741391814e+00
3.715352290972e-03 5.262286186758e+00
3.801893963206e-03 5.250831762048e+00
3.890451449943e-03 5.239378126883e+00
3.981071705535e-03 5.227925290565e+00
4.073802778041e-03 5.216473262492e+00
4.168693834703e-03 5.205022052166e+00
4.265795188016e-03 5.193571669189e+00
4.365158322402e-03 5.182122123268e+00
4.466835921510e-03 5.170673424214e+00
4.570881896149e-03 5.159225581944e+00
4.677351412872e-03 5.147778606481e+00
4.786300923226e-03 5.136332507959e+00
4.897788193684e-03 5.124887296618e+00
5.011872336273e-03 5.113442982812e+00
5.128613839914e-03 5.101999577005e+00
5.248074602498e-03 5.090557089774e+00
5.370317963703e-03 5.079115531811e+00
5.495408738576e-03 5.067674913926e+00
5.623413251903e-03 5.056235247041e+00
5.754399373372e-03 5.044796542204e+00
5.888436553556e-03 5.033358810576e+00
6.025595860744e-03 5.021922063443e+00
6.165950018615e-03 5.010486312212e+00
6.309573444802e-03 4.999051568414e+00
6.456542290347e-03 4.987617843706e+00
6.606934480076e-03 4.976185149871e+00
6.760829753920e-03 4.964753498822e+00
6.918309709189e-03 4.953322902600e+00
7.079457843841e-03 4.941893373377e+00
7.244359600750e-03 4.930464923459e+00
7.413102413009e-03 4.919037565284e+00
7.585775750292e-03 4.907611311427e+00
7.762471166287e-03 4.896186174549e+00
7.943282347243e-03 4.884762167653e+00
8.128305161641e-03 4.873339303577e+00
8.317637711027e-03 4.861917595504e+00
8.511380382024e-03 4.850497056709e+00
8.709635899561e-03 4.839077700614e+00
8.912509381337e-03 4.827659540785e+00
9.120108393559e-03 4.816242590936e+00
9.332543007970e-03 4.804826864934e+00
9.549925860214e-03 4.793412376793e+00
9.772372209558e-03 4.781999140684e+00
1.000000000000e-02 4.770587170931e+00
1.023292992281e-02 4.759176482013e+00
1.047128548051e-02 4.747767088571e+00
1.071519305238e-02 4.736359005403e+00
1.096478196143e-02 4.724952247469e+00
1.122018454302e-02 4.713546829893e+00
1.148153621497e-02 4.702142767965e+00
1.174897554940e-02 4.690740077141e+00
1.202264434617e-02 4.679338773046e+00
1.230268770812e-02 4.667938871476e+00
1.258925411794e-02 4.656540388399e+00
1.288249551693e-02 4.645143339959e+00
1.318256738556e-02 4.633747742476e+00
1.348962882592e-02 4.622353612446e+00
1.380384264603e-02 4.610960966548e+00
1.412537544623e-02 4.599569821642e+00
1.445439770746e-02 4.588180194772e+00
1.479108388168e-02 4.576792103168e+00
1.513561248436e-02 4.565405564249e+00
1.548816618912e-02 4.554020595623e+00
1.584893192461e-02 4.542637215092e+00
1.621810097359e-02 4.531255440650e+00
1.659586907438e-02 4.519875290488e+00
1.698243652462e-02 4.508496782997e+00
1.737800828749e-02 4.497119936766e+00
1.778279410039e-02 4.485744770590e+00
1.819700858610e-02 4.474371303464e+00
1.862087136663e-02 4.462999554596e+00
1.905460717963e-02 4.451629543398e+00
1.949844599758e-02 4.440261289496e+00
1.995262314969e-02 4.428894812729e+00
2.041737944670e-02 4.417530133153e+00
2.089296130854e-02 4.406167271041e+00
2.137962089502e-02 4.394806246887e+00
2.187761623950e-02 4.383447081407e+00
2.238721138568e-02 4.372089795543e+00
2.290867652768e-02 4.360734410466e+00
2.344228815320e-02 4.349380947574e+00
2.398832919019e-02 4.338029428499e+00
2.454708915685e-02 4.326679875108e+00
2.511886431510e-02 4.315332309504e+00
2.570395782769e-02 4.303986754030e+00
2.630267991895e-02 4.292643231274e+00
2.691534803927e-02 4.281301764063e+00
2.754228703338e-02 4.269962375477e+00
2.818382931264e-02 4.258625088843e+00
2.884031503127e-02 4.247289927740e+00
2.951209226666e-02 4.235956916003e+00
3.019951720402e-02 4.224626077724e+00
3.090295432514e-02 4.213297437257e+00
3.162277660168e-02 4.201971019216e+00
3.235936569296e-02 4.190646848483e+00
3.311311214826e-02 4.179324950208e+00
3.388441561392e-02 4.168005349810e+00
3.467368504525e-02 4.156688072986e+00
3.548133892336e-02 4.145373145706e+00
3.630780547701e-02 4.134060594220e+00
3.715352290972e-02 4.122750445063e+00
3.801893963206e-02 4.111442725052e+00
3.890451449943e-02 4.100137461294e+00
3.981071705535e-02 4.088834681186e+00
4.073802778041e-02 4.077534412420e+00
4.168693834703e-02 4.066236682984e+00
4.265795188016e-02 4.054941521166e+00
4.365158322402e-02 4.043648955557e+00
4.466835921510e-02 4.032359015055e+00
4.570881896149e-02 4.021071728865e+00
4.677351412872e-02 4.009787126506e+00
4.786300923226e-02 3.998505237812e+00
4.897788193684e-02 3.987226092933e+00
5.011872336273e-02 3.975949722344e+00
5.128613839914e-02 3.964676156842e+00
5.248074602498e-02 3.953405427554e+00
5.370317963703e-02 3.942137565936e+00
5.495408738576e-02 3.930872603780e+00
5.623413251903e-02 3.919610573216e+00
5.754399373372e-02 3.908351506714e+00
5.888436553556e-02 3.897095437089e+00
6.025595860744e-02 3.885842397502e+00
6.165950018615e-02 3.874592421470e+00
6.309573444802e-02 3.863345542858e+00
6.456542290347e-02 3.852101795894e+00
6.606934480076e-02 3.840861215167e+00
6.760829753920e-02 3.829623835629e+00
6.918309709189e-02 3.818389692601e+00
7.079457843841e-02 3.807158821778e+00
7.244359600750e-02 3.795931259229e+00
7.413102413009e-02 3.784707041402e+00
7.585775750292e-02 3.773486205130e+00
7.762471166287e-02 3.762268787631e+00
7.943282347243e-02 3.751054826514e+00
8.128305161641e-02 3.739844359781e+00
8.317637711027e-02 3.728637425833e+00
8.511380382024e-02 3.717434063472e+00
8.709635899561e-02 3.706234311907e+00
8.912509381337e-02 3.695038210753e+00
9.120108393559e-02 3.683845800040e+00
9.332543007970e-02 3.672657120216e+00
9.549925860214e-02 3.661472212147e+00
9.772372209558e-02 3.650291117127e+00
1.000000000000e-01 3.639113876876e+00
1.023292992281e-01 3.627940533549e+00
1.047128548051e-01 3.616771129735e+00
1.071519305238e-01 3.605605708467e+00
1.096478196143e-01 3.594444313221e+00
1.122018454302e-01 3.583286987922e+00
1.148153621497e-01 3.572133776948e+00
1.174897554940e-01 3.560984725135e+00
1.202264434617e-01 3.549839877779e+00
1.230268770812e-01 3.538699280645e+00
1.258925411794e-01 3.527562979964e+00
1.288249551693e-01 3.516431022442e+00
1.318256738556e-01 3.505303455265e+00
1.348962882592e-01 3.494180326100e+00
1.380384264603e-01 3.483061683103e+00
1.412537544623e-01 3.471947574918e+00
1.445439770746e-01 3.460838050688e+00
1.479108388168e-01 3.449733160055e+00
1.513561248436e-01 3.438632953165e+00
1.548816618912e-01 3.427537480675e+00
1.584893192461e-01 3.416446793752e+00
1.621810097359e-01 3.405360944086e+00
1.659586907438e-01 3.394279983884e+00
1.698243652462e-01 3.383203965885e+00
1.737800828749e-01 3.372132943358e+00
1.778279410039e-01 3.361066970106e+00
1.819700858610e-01 3.350006100477e+00
1.862087136663e-01 3.338950389361e+00
1.905460717963e-01 3.327899892202e+00
1.949844599758e-01 3.316854664995e+00
1.995262314969e-01 3.305814764298e+00
2.041737944670e-01 3.294780247231e+00
2.089296130854e-01 3.283751171485e+00
2.137962089502e-01 3.272727595324e+00
2.187761623950e-01 3.261709577591e+00
2.238721138568e-01 3.250697177712e+00
2.290867652768e-01 3.239690455703e+00
2.344228815320e-01 3.228689472173e+00
2.398832919019e-01 3.217694288327e+00
2.454708915685e-01 3.206704965977e+00
2.511886431510e-01 3.195721567538e+00
2.570395782769e-01 3.184744156043e+00
2.630267991895e-01 3.173772795140e+00
2.691534803927e-01 3.162807549101e+00
2.754228703338e-01 3.151848482824e+00
2.818382931264e-01 3.140895661843e+00
2.884031503127e-01 3.129949152327e+00
2.951209226666e-01 3.119009021091e+00
3.019951720402e-01 3.108075335594e+00
3.090295432514e-01 3.097148163952e+00
3.162277660168e-01 3.086227574937e+00
3.235936569296e-01 3.075313637984e+00
3.311311214826e-01 3.064406423198e+00
3.388441561392e-01 3.053506001356e+00
3.467368504525e-01 3.042612443913e+00
3.548133892336e-01 3.031725823009e+00
3.630780547701e-01 3.020846211474e+00
3.715352290972e-01 3.009973682828e+00
3.801893963206e-01 2.999108311294e+00
3.890451449943e-01 2.988250171798e+00
3.981071705535e-01 2.977399339974e+00
4.073802778041e-01 2.966555892172e+00
4.168693834703e-01 2.955719905463e+00
4.265795188016e-01 2.944891457639e+00
4.365158322402e-01 2.934070627227e+00
4.466835921510e-01 2.923257493485e+00
4.570881896149e-01 2.912452136415e+00
4.677351412872e-01 2.901654636762e+00
4.786300923226e-01 2.890865076024e+00
4.897788193684e-01 2.880083536452e+00
5.011872336273e-01 2.869310101061e+00
5.128613839914e-01 2.858544853632e+00
5.248074602498e-01 2.847787878715e+00
5.370317963703e-01 2.837039261640e+00
5.495408738576e-01 2.826299088516e+00
5.623413251903e-01 2.815567446240e+00
5.754399373372e-01 2.804844422502e+00
5.888436553556e-01 2.794130105787e+00
6.025595860744e-01 2.783424585383e+00
6.165950018615e-01 2.772727951385e+00
6.309573444802e-01 2.762040294702e+00
6.456542290347e-01 2.751361707058e+00
6.606934480076e-01 2.740692280999e+00
6.760829753920e-01 2.730032109902e+00
6.918309709189e-01 2.719381287971e+00
7.079457843841e-01 2.708739910252e+00
7.244359600750e-01 2.698108072630e+00
7.413102413009e-01 2.687485871837e+00
7.585775750292e-01 2.676873405460e+00
7.762471166287e-01 2.666270771939e+00
7.943282347243e-01 2.655678070576e+00
8.128305161641e-01 2.645095401543e+00
8.317637711027e-01 2.634522865877e+00
8.511380382024e-01 2.623960565495e+00
8.709635899561e-01 2.613408603193e+00
8.912509381337e-01 2.602867082652e+00
9.120108393559e-01 2.592336108440e+00
9.332543007970e-01 2.581815786023e+00
9.549925860214e-01 2.571306221761e+00
9.772372209558e-01 2.560807522921e+00
1.000000000000e+00 2.550319797674e+00
1.023292992281e+00 2.539843155103e+00
1.047128548051e+00 2.529377705207e+00
1.071519305238e+00 2.518923558904e+00
1.096478196143e+00 2.508480828037e+00
1.122018454302e+00 2.498049625376e+00
1.148153621497e+00 2.487630064623e+00
1.174897554940e+00 2.477222260415e+00
1.202264434617e+00 2.466826328331e+00
1.230268770812e+00 2.456442384891e+00
1.258925411794e+00 2.446070547562e+00
1.288249551693e+00 2.435710934763e+00
1.318256738556e+00 2.425363665867e+00
1.348962882592e+00 2.415028861202e+00
1.380384264603e+00 2.404706642060e+00
1.412537544623e+00 2.394397130696e+00
1.445439770746e+00 2.384100450331e+00
1.479108388168e+00 2.373816725158e+00
1.513561248436e+00 2.363546080343e+00
1.548816618912e+00 2.353288642027e+00
1.584893192461e+00 2.343044537330e+00
1.621810097359e+00 2.332813894355e+00
1.659586907438e+00 2.322596842187e+00
1.698243652462e+00 2.312393510898e+00
1.737800828749e+00 2.302204031548e+00
1.778279410039e+00 2.292028536190e+00
1.819700858610e+00 2.281867157866e+00
1.862087136663e+00 2.271720030616e+00
1.905460717963e+00 2.261587289475e+00
1.949844599758e+00 2.251469070475e+00
1.995262314969e+00 2.241365510648e+00
2.041737944670e+00 2.231276748028e+00
2.089296130854e+00 2.221202921649e+00
2.137962089502e+00 2.211144171550e+00
2.187761623950e+00 2.201100638771e+00
2.238721138568e+00 2.191072465359e+00
2.290867652768e+00 2.181059794364e+00
2.344228815320e+00 2.171062769843e+00
2.398832919019e+00 2.161081536857e+00
2.454708915685e+00 2.151116241473e+00
2.511886431510e+00 2.141167030764e+00
2.570395782769e+00 2.131234052807e+00
2.630267991895e+00 2.121317456683e+00
2.691534803927e+00 2.111417392478e+00
2.754228703338e+00 2.101534011279e+00
2.818382931264e+00 2.091667465175e+00
2.884031503127e+00 2.081817907255e+00
2.951209226666e+00 2.071985491607e+00
3.019951720402e+00 2.062170373314e+00
3.090295432514e+00 2.052372708455e+00
3.162277660168e+00 2.042592654101e+00
3.235936569296e+00 2.032830368313e+00
3.311311214826e+00 2.023086010137e+00
3.388441561392e+00 2.013359739605e+00
3.467368504525e+00 2.003651717729e+00
3.548133892336e+00 1.993962106497e+00
3.630780547701e+00 1.984291068874e+00
3.715352290972e+00 1.974638768789e+00
3.801893963206e+00 1.965005371140e+00
3.890451449943e+00 1.955391041785e+00
3.981071705535e+00 1.945795947535e+00
4.073802778041e+00 1.936220256155e+00
4.168693834703e+00 1.926664136351e+00
4.265795188016e+00 1.917127757772e+00
4.365158322402e+00 1.907611290996e+00
4.466835921510e+00 1.898114907531e+00
4.570881896149e+00 1.888638779804e+00
4.677351412872e+00 1.879183081154e+00
4.786300923226e+00 1.869747985827e+00
4.897788193684e+00 1.860333668965e+00
5.011872336273e+00 1.850940306602e+00
5.128613839914e+00 1.841568075651e+00
5.248074602498e+00 1.832217153901e+00
5.370317963703e+00 1.822887720001e+00
5.495408738576e+00 1.813579953457e+00
5.623413251903e+00 1.804294034618e+00
5.754399373372e+00 1.795030144667e+00
5.888436553556e+00 1.785788465611e+00
6.025595860744e+00 1.776569180270e+00
6.165950018615e+00 1.767372472265e+00
6.309573444802e+00 1.758198526005e+00
6.456542290347e+00 1.749047526677e+00
6.606934480076e+00 1.739919660234e+00
6.760829753920e+00 1.730815113378e+00
6.918309709189e+00 1.721734073552e+00
7.079457843841e+00 1.712676728920e+00
7.244359600750e+00 1.703643268359e+00
7.413102413009e+00 1.694633881438e+00
7.585775750292e+00 1.685648758408e+00
7.762471166287e+00 1.676688090184e+00
7.943282347243e+00 1.667752068328e+00
8.128305161641e+00 1.658840885035e+00
8.317637711027e+00 1.649954733111e+00
8.511380382024e+00 1.641093805962e+00
8.709635899561e+00 1.632258297572e+00
8.912509381337e+00 1.623448402484e+00
9.120108393559e+00 1.614664315781e+00
9.332543007970e+00 1.605906233070e+00
9.549925860214e+00 1.597174350457e+00
9.772372209558e+00 1.588468864531e+00
1.000000000000e+01 1.579789972336e+00
1.023292992281e+01 1.571137871359e+00
1.047128548051e+01 1.562512759500e+00
1.071519305238e+01 1.553914835050e+00
1.096478196143e+01 1.545344296673e+00
1.122018454302e+01 1.536801343377e+00
1.148153621497e+01 1.528286174491e+00
1.174897554940e+01 1.519798989640e+00
1.202264434617e+01 1.511339988719e+00
1.230268770812e+01 1.502909371871e+00
1.258925411794e+01 1.494507339452e+00
1.288249551693e+01 1.486134092012e+00
1.318256738556e+01 1.477789830262e+00
1.348962882592e+01 1.469474755048e+00
1.380384264603e+01 1.461189067320e+00
1.412537544623e+01 1.452932968104e+00
1.445439770746e+01 1.444706658472e+00
1.479108388168e+01 1.436510339509e+00
1.513561248436e+01 1.428344212284e+00
1.548816618912e+01 1.420208477815e+00
1.584893192461e+01 1.412103337039e+00
1.621810097359e+01 1.404028990777e+00
1.659586907438e+01 1.395985639703e+00
1.698243652462e+01 1.387973484304e+00
1.737800828749e+01 1.379992724848e+00
1.778279410039e+01 1.372043561351e+00
1.819700858610e+01 1.364126193535e+00
1.862087136663e+01 1.356240820794e+00
1.905460717963e+01 1.348387642155e+00
1.949844599758e+01 1.340566856243e+00
1.995262314969e+01 1.332778661236e+00
2.041737944670e+01 1.325023254830e+00
2.089296130854e+01 1.317300834199e+00
2.137962089502e+01 1.309611595950e+00
2.187761623950e+01 1.301955736087e+00
2.238721138568e+01 1.294333449964e+00
2.290867652768e+01 1.286744932243e+00
2.344228815320e+01 1.279190376856e+00
2.398832919019e+01 1.271669976952e+00
2.454708915685e+01 1.264183924860e+00
2.511886431510e+01 1.256732412041e+00
2.570395782769e+01 1.249315629041e+00
2.630267991895e+01 1.241933765447e+00
2.691534803927e+01 1.234587009838e+00
2.754228703338e+01 1.227275549737e+00
2.818382931264e+01 1.219999571565e+00
2.884031503127e+01 1.212759260591e+00
2.951209226666e+01 1.205554800884e+00
3.019951720402e+01 1.198386375259e+00
3.090295432514e+01 1.191254165232e+00
3.162277660168e+01 1.184158350965e+00
3.235936569296e+01 1.177099111216e+00
3.311311214826e+01 1.170076623286e+00
3.388441561392e+01 1.163091062970e+00
3.467368504525e+01 1.156142604497e+00
3.548133892336e+01 1.149231420486e+00
3.630780547701e+01 1.142357681881e+00
3.715352290972e+01 1.135521557905e+00
3.801893963206e+01 1.128723216003e+00
3.890451449943e+01 1.121962821784e+00
3.981071705535e+01 1.115240538968e+00
4.073802778041e+01 1.108556529328e+00
4.168693834703e+01 1.101910952636e+00
4.265795188016e+01 1.095303966604e+00
4.365158322402e+01 1.088735726827e+00
4.466835921510e+01 1.082206386724e+00
4.570881896149e+01 1.075716097486e+00
4.677351412872e+01 1.069265008010e+00
4.786300923226e+01 1.062853264847e+00
4.897788193684e+01 1.056481012139e+00
5.011872336273e+01 1.050148391563e+00
5.128613839914e+01 1.043855542271e+00
5.248074602498e+01 1.037602600831e+00
5.370317963703e+01 1.031389701166e+00
5.495408738576e+01 1.025216974500e+00
5.623413251903e+01 1.019084549290e+00
5.754399373372e+01 1.012992551176e+00
5.888436553556e+01 1.006941102913e+00
6.025595860744e+01 1.000930324318e+00
6.165950018615e+01 9.949603322076e-01
6.309573444802e+01 9.890312403380e-01
6.456542290347e+01 9.831431593478e-01
6.606934480076e+01 9.772961966976e-01
6.760829753920e+01 9.714904566117e-01
6.918309709189e+01 9.657260400193e-01
7.079457843841e+01 9.600030444963e-01
7.244359600750e+01 9.543215642068e-01
7.413102413009e+01 9.486816898459e-01
7.585775750292e+01 9.430835085820e-01
7.762471166287e+01 9.375271040001e-01
7.943282347243e+01 9.320125560451e-01
8.128305161641e+01 9.265399409661e-01
8.317637711027e+01 9.211093312610e-01
8.511380382024e+01 9.157207956213e-01
8.709635899561e+01 9.103743988786e-01
8.912509381337e+01 9.050702019505e-01
9.120108393559e+01 8.998082617881e-01
9.332543007970e+01 8.945886313240e-01
9.549925860214e+01 8.894113594214e-01
9.772372209558e+01 8.842764908234e-01
1.000000000000e+02 8.791840661036e-01
1.023292992281e+02 8.741341216182e-01
1.047128548051e+02 8.691266894583e-01
1.071519305238e+02 8.641617974034e-01
1.096478196143e+02 8.592394688767e-01
1.122018454302e+02 8.543597229006e-01
1.148153621497e+02 8.495225740539e-01
1.174897554940e+02 8.447280324308e-01
1.202264434617e+02 8.399761035999e-01
1.230268770812e+02 8.352667885659e-01
1.258925411794e+02 8.306000837319e-01
1.288249551693e+02 8.259759808635e-01
1.318256738556e+02 8.213944670543e-01
1.348962882592e+02 8.168555246932e-01
1.380384264603e+02 8.123591314328e-01
1.412537544623e+02 8.079052601601e-01
1.445439770746e+02 8.034938789686e-01
1.479108388168e+02 7.991249511321e-01
1.513561248436e+02 7.947984350804e-01
1.548816618912e+02 7.905142843771e-01
1.584893192461e+02 7.862724476991e-01
1.621810097359e+02 7.820728688176e-01
1.659586907438e+02 7.779154865823e-01
1.698243652462e+02 7.738002349065e-01
1.737800828749e+02 7.697270427547e-01
1.778279410039e+02 7.656958341325e-01
1.819700858610e+02 7.617065280787e-01
1.862087136663e+02 7.577590386592e-01
1.905460717963e+02 7.538532749635e-01
1.949844599758e+02 7.499891411027e-01
1.995262314969e+02 7.461665362137e-01
2.041737944670e+02 7.423853544580e-01
2.089296130854e+02 7.386454850303e-01
2.137962089502e+02 7.349468121673e-01
2.187761623950e+02 7.312892151545e-01
2.238721138568e+02 7.276725683452e-01
2.290867652768e+02 7.240967411718e-01
2.344228815320e+02 7.205615981659e-01
2.398832919019e+02 7.170669989776e-01
2.454708915685e+02 7.136127984022e-01
2.511886431510e+02 7.101988464014e-01
2.570395782769e+02 7.068249881348e-01
2.630267991895e+02 7.034910639907e-01
2.691534803927e+02 7.001969096197e-01
2.754228703338e+02 6.969423559691e-01
2.818382931264e+02 6.937272293254e-01
2.884031503127e+02 6.905513513531e-01
2.951209226666e+02 6.874145391401e-01
3.019951720402e+02 6.843166052437e-01
3.090295432514e+02 6.812573577404e-01
3.162277660168e+02 6.782366002777e-01
3.235936569296e+02 6.752541321283e-01
3.311311214826e+02 6.723097482476e-01
3.388441561392e+02 6.694032393326e-01
3.467368504525e+02 6.665343918843e-01
3.548133892336e+02 6.637029882718e-01
3.630780547701e+02 6.609088067994e-01
3.715352290972e+02 6.581516217757e-01
3.801893963206e+02 6.554312035852e-01
3.890451449943e+02 6.527473187618e-01
3.981071705535e+02 6.500997300655e-01
4.073802778041e+02 6.474881965601e-01
4.168693834703e+02 6.449124736941e-01
4.265795188016e+02 6.423723133829e-01
4.365158322402e+02 6.398674640933e-01
4.466835921510e+02 6.373976709303e-01
4.570881896149e+02 6.349626757249e-01
4.677351412872e+02 6.325622171260e-01
4.786300923226e+02 6.301960306894e-01
4.897788193684e+02 6.278638489744e-01
5.011872336273e+02 6.255654016375e-01
5.128613839914e+02 6.233004155297e-01
5.248074602498e+02 6.210686147944e-01
5.370317963703e+02 6.188697209676e-01
5.495408738576e+02 6.167034530780e-01
5.623413251903e+02 6.145695277501e-01
5.754399373372e+02 6.124676593061e-01
5.888436553556e+02 6.103975598711e-01
6.025595860744e+02 6.083589394778e-01
6.165950018615e+02 6.063515061724e-01
6.309573444802e+02 6.043749661211e-01
6.456542290347e+02 6.024290237180e-01
6.606934480076e+02 6.005133816919e-01
6.760829753920e+02 5.986277412150e-01
6.918309709189e+02 5.967718020118e-01
7.079457843841e+02 5.949452624671e-01
7.244359600750e+02 5.931478197356e-01
7.413102413009e+02 5.913791698503e-01
7.585775750292e+02 5.896390078316e-01
7.762471166287e+02 5.879270277960e-01
7.943282347243e+02 5.862429230646e-01
8.128305161641e+02 5.845863862707e-01
8.317637711027e+02 5.829571094682e-01
8.511380382024e+02 5.813547842376e-01
8.709635899561e+02 5.797791017934e-01
8.912509381337e+02 5.782297530891e-01
9.120108393559e+02 5.767064289222e-01
9.332543007970e+02 5.752088200380e-01
9.549925860214e+02 5.737366172327e-01
9.772372209558e+02 5.722895114546e-01
1.000000000000e+03 5.708671939055e-01
1.023292992281e+03 5.694693561391e-01
1.047128548051e+03 5.680956901599e-01
1.071519305238e+03 5.667458885187e-01
1.096478196143e+03 5.654196444086e-01
1.122018454302e+03 5.641166517580e-01
1.148153621497e+03 5.628366053223e-01
1.174897554940e+03 5.615792007746e-01
1.202264434617e+03 5.603441347913e-01
1.230268770812e+03 5.591311051500e-01
1.258925411794e+03 5.579398107922e-01
1.288249551693e+03 5.567699519280e-01
1.318256738556e+03 5.556212301059e-01
1.348962882592e+03 5.544933482937e-01
1.380384264603e+03 5.533860109555e-01
1.412537544623e+03 5.522989241261e-01
1.445439770746e+03 5.512317954836e-01
1.479108388168e+03 5.501843344195e-01
1.513561248436e+03 5.491562521073e-01
1.548816618912e+03 5.481472615680e-01
1.584893192461e+03 5.471570777341e-01
1.621810097359e+03 5.461854175108e-01
1.659586907438e+03 5.452319998354e-01
1.698243652462e+03 5.442965457339e-01
1.737800828749e+03 5.433787783759e-01
1.778279410039e+03 5.424784231270e-01
1.819700858610e+03 5.415952075984e-01
1.862087136663e+03 5.407288616950e-01
1.905460717963e+03 5.398791176608e-01
1.949844599758e+03 5.390457101222e-01
1.995262314969e+03 5.382283761284e-01
2.041737944670e+03 5.374268551910e-01
2.089296130854e+03 5.366408893194e-01
2.137962089502e+03 5.358702230559e-01
2.187761623950e+03 5.351146035073e-01
2.238721138568e+03 5.343737803747e-01
2.290867652768e+03 5.336475059816e-01
2.344228815320e+03 5.329355352990e-01
2.398832919019e+03 5.322376259694e-01
2.454708915685e+03 5.315535383278e-01
2.511886431510e+03 5.308830354218e-01
2.570395782769e+03 5.302258830281e-01
2.630267991895e+03 5.295818496688e-01
2.691534803927e+03 5.289507066248e-01
2.754228703338e+03 5.283322279473e-01
2.818382931264e+03 5.277261904679e-01
2.884031503127e+03 5.271323738065e-01
2.951209226666e+03 5.265505603778e-01
3.019951720402e+03 5.259805353959e-01
3.090295432514e+03 5.254220868776e-01
3.162277660168e+03 5.248750056429e-01
3.235936569296e+03 5.243390853157e-01
3.311311214826e+03 5.238141223219e-01
3.388441561392e+03 5.232999158857e-01
3.467368504525e+03 5.227962680255e-01
3.548133892336e+03 5.223029835477e-01
3.630780547701e+03 5.218198700372e-01
3.715352290972e+03 5.213467378573e-01
3.801893963206e+03 5.208834001293e-01
3.890451449943e+03 5.204296727214e-01
3.981071705535e+03 5.199853742467e-01
4.073802778041e+03 5.195503260420e-01
4.168693834703e+03 5.191243521554e-01
4.265795188016e+03 5.187072793304e-01
4.365158322402e+03 5.182989369903e-01
4.466835921510e+03 5.178991572203e-01
4.570881896149e+03 5.175077747497e-01
4.677351412872e+03 5.171246269330e-01
4.786300923226e+03 5.167495537297e-01
4.897788193684e+03 5.163823976841e-01
5.011872336273e+03 5.160230039041e-01
5.128613839914e+03 5.156712200392e-01
5.248074602498e+03 5.153268962580e-01
5.370317963703e+03 5.149898852250e-01
5.495408738576e+03 5.146600420770e-01
5.623413251903e+03 5.143372243991e-01
5.754399373372e+03 5.140212921999e-01
5.888436553556e+03 5.137121078862e-01
6.025595860744e+03 5.134095362381e-01
6.165950018615e+03 5.131134443825e-01
6.309573444802e+03 5.128237017671e-01
6.456542290347e+03 5.125401801342e-01
6.606934480076e+03 5.122627534934e-01
6.760829753920e+03 5.119912980950e-01
6.918309709189e+03 5.117256924025e-01
7.079457843841e+03 5.114658170651e-01
7.244359600750e+03 5.112115548904e-01
7.413102413009e+03 5.109627908163e-01
7.585775750292e+03 5.107194118833e-01
7.762471166287e+03 5.104813072066e-01
7.943282347243e+03 5.102483679478e-01
8.128305161641e+03 5.100204872873e-01
8.317637711027e+03 5.097975603960e-01
8.511380382024e+03 5.095794844068e-01
8.709635899561e+03 5.093661583874e-01
8.912509381337e+03 5.091574833115e-01
9.120108393559e+03 5.089533620312e-01
9.332543007970e+03 5.087536992490e-01
9.549925860214e+03 5.085584014900e-01
9.772372209558e+03 5.083673770742e-01
1.000000000000e+04 5.081805360891e-01
1.023292992281e+04 5.079977903616e-01
1.047128548051e+04 5.078190534318e-01
1.071519305238e+04 5.076442405245e-01
1.096478196143e+04 5.074732685235e-01
1.122018454302e+04 5.073060559440e-01
1.148153621497e+04 5.071425229061e-01
1.174897554940e+04 5.069825911088e-01
1.202264434617e+04 5.068261838033e-01
1.230268770812e+04 5.066732257675e-01
1.258925411794e+04 5.065236432799e-01
1.288249551693e+04 5.063773640941e-01
1.318256738556e+04 5.062343174140e-01
1.348962882592e+04 5.060944338683e-01
1.380384264603e+04 5.059576454858e-01
1.412537544623e+04 5.058238856713e-01
1.445439770746e+04 5.056930891810e-01
1.479108388168e+04 5.055651920984e-01
1.513561248436e+04 5.054401318114e-01
1.548816618912e+04 5.053178469878e-01
1.584893192461e+04 5.051982775532e-01
1.621810097359e+04 5.050813646675e-01
1.659586907438e+04 5.049670507027e-01
1.698243652462e+04 5.048552792204e-01
1.737800828749e+04 5.047459949501e-01
1.778279410039e+04 5.046391437673e-01
1.819700858610e+04 5.045346726723e-01
1.862087136663e+04 5.044325297690e-01
1.905460717963e+04 5.043326642441e-01
1.949844599758e+04 5.042350263468e-01
1.995262314969e+04 5.041395673684e-01
2.041737944670e+04 5.040462396224e-01
2.089296130854e+04 5.039549964251e-01
2.137962089502e+04 5.038657920761e-01
2.187761623950e+04 5.037785818394e-01
2.238721138568e+04 5.036933219245e-01
2.290867652768e+04 5.036099694685e-01
2.344228815320e+04 5.035284825171e-01
2.398832919019e+04 5.034488200075e-01
2.454708915685e+04 5.033709417505e-01
2.511886431510e+04 5.032948084135e-01
2.570395782769e+04 5.032203815030e-01
2.630267991895e+04 5.031476233484e-01
2.691534803927e+04 5.030764970853e-01
2.754228703338e+04 5.030069666396e-01
2.818382931264e+04 5.029389967112e-01
2.884031503127e+04 5.028725527589e-01
2.951209226666e+04 5.028076009846e-01
3.019951720402e+04 5.027441083187e-01
3.090295432514e+04 5.026820424049e-01
3.162277660168e+04 5.026213715858e-01
3.235936569296e+04 5.025620648887e-01
3.311311214826e+04 5.025040920116e-01
3.388441561392e+04 5.024474233091e-01
3.467368504525e+04 5.023920297794e-01
3.548133892336e+04 5.023378830505e-01
3.630780547701e+04 5.022849553676e-01
3.715352290972e+04 5.022332195800e-01
3.801893963206e+04 5.021826491288e-01
3.890451449943e+04 5.021332180342e-01
3.981071705535e+04 5.020849008839e-01
4.073802778041e+04 5.020376728210e-01
4.168693834703e+04 5.019915095322e-01
4.265795188016e+04 5.019463872367e-01
4.365158322402e+04 5.019022826748e-01
4.466835921510e+04 5.018591730969e-01
4.570881896149e+04 5.018170362531e-01
4.677351412872e+04 5.017758503819e-01
4.786300923226e+04 5.017355942006e-01
4.897788193684e+04 5.016962468949e-01
5.011872336273e+04 5.016577881087e-01
5.128613839914e+04 5.016201979345e-01
5.248074602498e+04 5.015834569040e-01
5.370317963703e+04 5.015475459786e-01
5.495408738576e+04 5.015124465402e-01
5.623413251903e+04 5.014781403821e-01
5.754399373372e+04 5.014446097002e-01
5.888436553556e+04 5.014118370848e-01
6.025595860744e+04 5.013798055113e-01
6.165950018615e+04 5.013484983326e-01
6.309573444802e+04 5.013178992707e-01
6.456542290347e+04 5.012879924087e-01
6.606934480076e+04 5.012587621830e-01
6.760829753920e+04 5.012301933759e-01
6.918309709189e+04 5.012022711076e-01
7.079457843841e+04 5.011749808293e-01
7.244359600750e+04 5.011483083160e-01
7.413102413009e+04 5.011222396593e-01
7.585775750292e+04 5.010967612604e-01
7.762471166287e+04 5.010718598236e-01
7.943282347243e+04 5.010475223497e-01
8.128305161641e+04 5.010237361293e-01
8.317637711027e+04 5.010004887367e-01
8.511380382024e+04 5.009777680234e-01
8.709635899561e+04 5.009555621125e-01
8.912509381337e+04 5.009338593922e-01
9.120108393559e+04 5.009126485105e-01
9.332543007970e+04 5.008919183691e-01
9.549925860214e+04 5.008716581180e-01
9.772372209558e+04 5.008518571501e-01
1.000000000000e+05 5.008325050957e-01
1.023292992281e+05 5.008135918174e-01
1.047128548051e+05 5.007951074049e-01
1.071519305238e+05 5.007770421700e-01
1.096478196143e+05 5.007593866419e-01
1.122018454302e+05 5.007421315620e-01
1.148153621497e+05 5.007252678796e-01
1.174897554940e+05 5.007087867470e-01
1.202264434617e+05 5.006926795151e-01
1.230268770812e+05 5.006769377293e-01
1.258925411794e+05 5.006615531247e-01
1.288249551693e+05 5.006465176223e-01
1.318256738556e+05 5.006318233245e-01
1.348962882592e+05 5.006174625114e-01
1.380384264603e+05 5.006034276367e-01
1.412537544623e+05 5.005897113240e-01
1.445439770746e+05 5.005763063627e-01
1.479108388168e+05 5.005632057046e-01
1.513561248436e+05 5.005504024603e-01
1.548816618912e+05 5.005378898952e-01
1.584893192461e+05 5.005256614268e-01
1.621810097359e+05 5.005137106207e-01
1.659586907438e+05 5.005020311876e-01
1.698243652462e+05 5.004906169798e-01
1.737800828749e+05 5.004794619886e-01
1.778279410039e+05 5.004685603403e-01
1.819700858610e+05 5.004579062941e-01
1.862087136663e+05 5.004474942384e-01
1.905460717963e+05 5.004373186886e-01
1.949844599758e+05 5.004273742835e-01
1.995262314969e+05 5.004176557832e-01
2.041737944670e+05 5.004081580660e-01
2.089296130854e+05 5.003988761259e-01
2.137962089502e+05 5.003898050699e-01
2.187761623950e+05 5.003809401156e-01
2.238721138568e+05 5.003722765887e-01
2.290867652768e+05 5.003638099204e-01
2.344228815320e+05 5.003555356453e-01
2.398832919019e+05 5.003474493988e-01
2.454708915685e+05 5.003395469152e-01
2.511886431510e+05 5.003318240251e-01
2.570395782769e+05 5.003242766535e-01
2.630267991895e+05 5.003169008173e-01
2.691534803927e+05 5.003096926239e-01
2.754228703338e+05 5.003026482686e-01
2.818382931264e+05 5.002957640326e-01
2.884031503127e+05 5.002890362817e-01
2.951209226666e+05 5.002824614636e-01
3.019951720402e+05 5.002760361065e-01
3.090295432514e+05 5.002697568173e-01
3.162277660168e+05 5.002636202796e-01
3.235936569296e+05 5.002576232523e-01
3.311311214826e+05 5.002517625676e-01
3.388441561392e+05 5.002460351293e-01
3.467368504525e+05 5.002404379115e-01
3.548133892336e+05 5.002349679570e-01
3.630780547701e+05 5.002296223753e-01
3.715352290972e+05 5.002243983417e-01
3.801893963206e+05 5.002192930952e-01
3.890451449943e+05 5.002143039377e-01
3.981071705535e+05 5.002094282320e-01
4.073802778041e+05 5.002046634008e-01
4.168693834703e+05 5.002000069254e-01
4.265795188016e+05 5.001954563439e-01
4.365158322402e+05 5.001910092503e-01
4.466835921510e+05 5.001866632935e-01
4.570881896149e+05 5.001824161752e-01
4.677351412872e+05 5.001782656497e-01
4.786300923226e+05 5.001742095218e-01
4.897788193684e+05 5.001702456466e-01
5.011872336273e+05 5.001663719274e-01
5.128613839914e+05 5.001625863153e-01
5.248074602498e+05 5.001588868079e-01
5.370317963703e+05 5.001552714483e-01
5.495408738576e+05 5.001517383237e-01
5.623413251903e+05 5.001482855651e-01
5.754399373372e+05 5.001449113456e-01
5.888436553556e+05 5.001416138800e-01
6.025595860744e+05 5.001383914236e-01
6.165950018615e+05 5.001352422711e-01
6.309573444802e+05 5.001321647562e-01
6.456542290347e+05 5.001291572502e-01
6.606934480076e+05 5.001262181616e-01
6.760829753920e+05 5.001233459347e-01
6.918309709189e+05 5.001205390495e-01
7.079457843841e+05 5.001177960203e-01
7.244359600750e+05 5.001151153953e-01
7.413102413009e+05 5.001124957554e-01
7.585775750292e+05 5.001099357141e-01
7.762471166287e+05 5.001074339160e-01
7.943282347243e+05 5.001049890369e-01
8.128305161641e+05 5.001025997823e-01
8.317637711027e+05 5.001002648873e-01
8.511380382024e+05 5.000979831158e-01
8.709635899561e+05 5.000957532597e-01
8.912509381337e+05 5.000935741382e-01
9.120108393559e+05 5.000914445976e-01
9.332543007970e+05 5.000893635103e-01
9.549925860214e+05 5.000873297742e-01
9.772372209558e+05 5.000853423125e-01
1.000000000000e+06 5.000834000726e-01
