# alpha = 2
# xi_min = 0.01, xi_max = 1000
# Lmin = 0.001, Lmax = 1000
# c = 1, f0 = 1, tau = 1, Phi = 0.5
# V range: 1e-05 -- 1000000
# columns: V    F_ss(V)
1.000000000000e-05 5.758854118661e+00
1.023292992281e-05 5.747388389772e+00
1.047128548051e-05 5.735923562614e+00
1.071519305238e-05 5.724459653609e+00
1.096478196143e-05 5.712996679461e+00
1.122018454302e-05 5.701534657151e+00
1.148153621497e-05 5.690073603948e+00
1.174897554940e-05 5.678613537410e+00
1.202264434617e-05 5.667154475386e+00
1.230268770812e-05 5.655696436025e+00
1.258925411794e-05 5.644239437779e+00
1.288249551693e-05 5.632783499402e+00
1.318256738556e-05 5.621328639963e+00
1.348962882592e-05 5.609874878843e+00
1.380384264603e-05 5.598422235743e+00
1.412537544623e-05 5.586970730689e+00
1.445439770746e-05 5.575520384034e+00
1.479108388168e-05 5.564071216464e+00
1.513561248436e-05 5.552623249002e+00
1.548816618912e-05 5.541176503013e+00
1.584893192461e-05 5.529731000209e+00
1.621810097359e-05 5.518286762651e+00
1.659586907438e-05 5.506843812761e+00
1.698243652462e-05 5.495402173316e+00
1.737800828749e-05 5.483961867461e+00
1.778279410039e-05 5.472522918707e+00
1.819700858610e-05 5.461085350951e+00
1.862087136663e-05 5.449649188458e+00
1.905460717963e-05 5.438214455883e+00
1.949844599758e-05 5.426781178268e+00
1.995262314969e-05 5.415349381053e+00
2.041737944670e-05 5.403919090074e+00
2.089296130854e-05 5.392490331574e+00
2.137962089502e-05 5.381063132204e+00
2.187761623950e-05 5.369637519030e+00
2.238721138568e-05 5.358213519537e+00
2.290867652768e-05 5.346791161636e+00
2.344228815320e-05 5.335370473665e+00
2.398832919019e-05 5.323951484400e+00
2.454708915685e-05 5.312534223056e+00
2.511886431510e-05 5.301118719290e+00
2.570395782769e-05 5.289705003214e+00
2.630267991895e-05 5.278293105392e+00
2.691534803927e-05 5.266883056849e+00
2.754228703338e-05 5.255474889076e+00
2.818382931264e-05 5.244068634037e+00
2.884031503127e-05 5.232664324168e+00
2.951209226666e-05 5.221261992388e+00
3.019951720402e-05 5.209861672105e+00
3.090295432514e-05 5.198463397213e+00
3.162277660168e-05 5.187067202108e+00
3.235936569296e-05 5.175673121682e+00
3.311311214826e-05 5.164281191344e+00
3.388441561392e-05 5.152891447005e+00
3.467368504525e-05 5.141503925099e+00
3.548133892336e-05 5.130118662578e+00
3.630780547701e-05 5.118735696927e+00
3.715352290972e-05 5.107355066158e+00
3.801893963206e-05 5.095976808824e+00
3.890451449943e-05 5.084600964020e+00
3.981071705535e-05 5.073227571386e+00
4.073802778041e-05 5.061856671119e+00
4.168693834703e-05 5.050488303970e+00
4.265795188016e-05 5.039122511252e+00
4.365158322402e-05 5.027759334846e+00
4.466835921510e-05 5.016398817205e+00
4.570881896149e-05 5.005041001358e+00
4.677351412872e-05 4.993685930914e+00
4.786300923226e-05 4.982333650068e+00
4.897788193684e-05 4.970984203609e+00
5.011872336273e-05 4.959637636915e+00
5.128613839914e-05 4.948293995966e+00
5.248074602498e-05 4.936953327343e+00
5.370317963703e-05 4.925615678237e+00
5.495408738576e-05 4.914281096448e+00
5.623413251903e-05 4.902949630396e+00
5.754399373372e-05 4.891621329113e+00
5.888436553556e-05 4.880296242266e+00
6.025595860744e-05 4.868974420138e+00
6.165950018615e-05 4.857655913649e+00
6.309573444802e-05 4.846340774350e+00
6.456542290347e-05 4.835029054427e+00
6.606934480076e-05 4.823720806546e+00
6.760829753920e-05 4.812416084549e+00
6.918309709189e-05 4.801114942365e+00
7.079457843841e-05 4.789817434766e+00
7.244359600750e-05 4.778523617282e+00
7.413102413009e-05 4.767233545770e+00
7.585775750292e-05 4.755947277093e+00
7.762471166287e-05 4.744664868651e+00
7.943282347243e-05 4.733386378504e+00
8.128305161641e-05 4.722111865385e+00
8.317637711027e-05 4.710841388685e+00
8.511380382024e-05 4.699575008467e+00
8.709635899561e-05 4.688312785460e+00
8.912509381337e-05 4.677054781068e+00
9.120108393559e-05 4.665801057365e+00
9.332543007970e-05 4.654551677097e+00
9.549925860214e-05 4.643306703674e+00
9.772372209558e-05 4.632066201209e+00
1.000000000000e-04 4.620830234458e+00
1.023292992281e-04 4.609598868865e+00
1.047128548051e-04 4.598372170543e+00
1.071519305238e-04 4.587150206283e+00
1.096478196143e-04 4.575933043544e+00
1.122018454302e-04 4.564720750458e+00
1.148153621497e-04 4.553513395832e+00
1.174897554940e-04 4.542311049137e+00
1.202264434617e-04 4.531113780514e+00
1.230268770812e-04 4.519921660767e+00
1.258925411794e-04 4.508734761367e+00
1.288249551693e-04 4.497553154442e+00
1.318256738556e-04 4.486376912781e+00
1.348962882592e-04 4.475206109826e+00
1.380384264603e-04 4.464040819672e+00
1.412537544623e-04 4.452881117061e+00
1.445439770746e-04 4.441727077381e+00
1.479108388168e-04 4.430578776658e+00
1.513561248436e-04 4.419436291553e+00
1.548816618912e-04 4.408299699359e+00
1.584893192461e-04 4.397169077991e+00
1.621810097359e-04 4.386044505992e+00
1.659586907438e-04 4.374926062510e+00
1.698243652462e-04 4.363813827305e+00
1.737800828749e-04 4.352707880737e+00
1.778279410039e-04 4.341608303763e+00
1.819700858610e-04 4.330515177927e+00
1.862087136663e-04 4.319428585351e+00
1.905460717963e-04 4.308348608727e+00
1.949844599758e-04 4.297275331325e+00
1.995262314969e-04 4.286208836956e+00
2.041737944670e-04 4.275149209984e+00
2.089296130854e-04 4.264096535310e+00
2.137962089502e-04 4.253050898364e+00
2.187761623950e-04 4.242012385093e+00
2.238721138568e-04 4.230981081952e+00
2.290867652768e-04 4.219957075904e+00
2.344228815320e-04 4.208940454388e+00
2.398832919019e-04 4.197931305321e+00
2.454708915685e-04 4.186929717089e+00
2.511886431510e-04 4.175935778526e+00
2.570395782769e-04 4.164949578911e+00
2.630267991895e-04 4.153971207949e+00
2.691534803927e-04 4.143000755759e+00
2.754228703338e-04 4.132038312866e+00
2.818382931264e-04 4.121083970182e+00
2.884031503127e-04 4.110137818991e+00
2.951209226666e-04 4.099199950947e+00
3.019951720402e-04 4.088270458037e+00
3.090295432514e-04 4.077349432599e+00
3.162277660168e-04 4.066436967268e+00
3.235936569296e-04 4.055533155000e+00
3.311311214826e-04 4.044638089025e+00
3.388441561392e-04 4.033751862844e+00
3.467368504525e-04 4.022874570215e+00
3.548133892336e-04 4.012006305141e+00
3.630780547701e-04 4.001147161837e+00
3.715352290972e-04 3.990297234735e+00
3.801893963206e-04 3.979456618437e+00
3.890451449943e-04 3.968625407733e+00
3.981071705535e-04 3.957803697561e+00
4.073802778041e-04 3.946991582268e+00
4.168693834703e-04 3.936189159230e+00
4.265795188016e-04 3.925396521560e+00
4.365158322402e-04 3.914613765360e+00
4.466835921510e-04 3.903840986069e+00
4.570881896149e-04 3.893078279184e+00
4.677351412872e-04 3.882325740209e+00
4.786300923226e-04 3.871583464681e+00
4.897788193684e-04 3.860851548109e+00
5.011872336273e-04 3.850130085981e+00
5.128613839914e-04 3.839419173737e+00
5.248074602498e-04 3.828718906753e+00
5.370317963703e-04 3.818029380318e+00
5.495408738576e-04 3.807350689621e+00
5.623413251903e-04 3.796682929731e+00
5.754399373372e-04 3.786026195557e+00
5.888436553556e-04 3.775380581880e+00
6.025595860744e-04 3.764746183280e+00
6.165950018615e-04 3.754123094146e+00
6.309573444802e-04 3.743511408639e+00
6.456542290347e-04 3.732911220722e+00
6.606934480076e-04 3.722322624066e+00
6.760829753920e-04 3.711745712087e+00
6.918309709189e-04 3.701180577895e+00
7.079457843841e-04 3.690627314331e+00
7.244359600750e-04 3.680086013884e+00
7.413102413009e-04 3.669556768696e+00
7.585775750292e-04 3.659039670556e+00
7.762471166287e-04 3.648534810873e+00
7.943282347243e-04 3.638042280664e+00
8.128305161641e-04 3.627562170532e+00
8.317637711027e-04 3.617094570651e+00
8.511380382024e-04 3.606639570752e+00
8.709635899561e-04 3.596197260109e+00
8.912509381337e-04 3.585767727492e+00
9.120108393559e-04 3.575351061231e+00
9.332543007970e-04 3.564947349106e+00
9.549925860214e-04 3.554556678388e+00
9.772372209558e-04 3.544179135809e+00
1.000000000000e-03 3.533814807553e+00
1.023292992281e-03 3.523463779236e+00
1.047128548051e-03 3.513126135897e+00
1.071519305238e-03 3.502801961984e+00
1.096478196143e-03 3.492491341334e+00
1.122018454302e-03 3.482194357186e+00
1.148153621497e-03 3.471911092121e+00
1.174897554940e-03 3.461641628118e+00
1.202264434617e-03 3.451386046471e+00
1.230268770812e-03 3.441144427825e+00
1.258925411794e-03 3.430916852150e+00
1.288249551693e-03 3.420703398736e+00
1.318256738556e-03 3.410504146177e+00
1.348962882592e-03 3.400319172375e+00
1.380384264603e-03 3.390148554493e+00
1.412537544623e-03 3.379992369028e+00
1.445439770746e-03 3.369850691709e+00
1.479108388168e-03 3.359723597544e+00
1.513561248436e-03 3.349611160800e+00
1.548816618912e-03 3.339513455000e+00
1.584893192461e-03 3.329430552910e+00
1.621810097359e-03 3.319362526542e+00
1.659586907438e-03 3.309309447140e+00
1.698243652462e-03 3.299271385178e+00
1.737800828749e-03 3.289248410371e+00
1.778279410039e-03 3.279240591641e+00
1.819700858610e-03 3.269247997136e+00
1.862087136663e-03 3.259270694220e+00
1.905460717963e-03 3.249308749470e+00
1.949844599758e-03 3.239362228676e+00
1.995262314969e-03 3.229431196836e+00
2.041737944670e-03 3.219515718156e+00
2.089296130854e-03 3.209615856056e+00
2.137962089502e-03 3.199731673143e+00
2.187761623950e-03 3.189863231250e+00
2.238721138568e-03 3.180010591405e+00
2.290867652768e-03 3.170173813097e+00
2.344228815320e-03 3.160352957999e+00
2.398832919019e-03 3.150548082552e+00
2.454708915685e-03 3.140759245347e+00
2.511886431510e-03 3.130986503452e+00
2.570395782769e-03 3.121229913152e+00
2.630267991895e-03 3.111489529940e+00
2.691534803927e-03 3.101765408543e+00
2.754228703338e-03 3.092057602892e+00
2.818382931264e-03 3.082366166127e+00
2.884031503127e-03 3.072691150679e+00
2.951209226666e-03 3.063032608144e+00
3.019951720402e-03 3.053390589375e+00
3.090295432514e-03 3.043765144464e+00
3.162277660168e-03 3.034156322753e+00
3.235936569296e-03 3.024564172816e+00
3.311311214826e-03 3.014988742495e+00
3.388441561392e-03 3.005430078886e+00
3.467368504525e-03 2.995888228349e+00
3.548133892336e-03 2.986363236512e+00
3.630780547701e-03 2.976855148278e+00
3.715352290972e-03 2.967364007832e+00
3.801893963206e-03 2.957889858644e+00
3.890451449943e-03 2.948432743478e+00
3.981071705535e-03 2.938992704391e+00
4.073802778041e-03 2.929569782744e+00
4.168693834703e-03 2.920164019250e+00
4.265795188016e-03 2.910775453885e+00
4.365158322402e-03 2.901404125983e+00
4.466835921510e-03 2.892050074199e+00
4.570881896149e-03 2.882713336530e+00
4.677351412872e-03 2.873393950321e+00
4.786300923226e-03 2.864091952273e+00
4.897788193684e-03 2.854807378462e+00
5.011872336273e-03 2.845540264281e+00
5.128613839914e-03 2.836290644555e+00
5.248074602498e-03 2.827058553479e+00
5.370317963703e-03 2.817844024621e+00
5.495408738576e-03 2.808647090965e+00
5.623413251903e-03 2.799467784854e+00
5.754399373372e-03 2.790306138177e+00
5.888436553556e-03 2.781162182105e+00
6.025595860744e-03 2.772035947290e+00
6.165950018615e-03 2.762927463810e+00
6.309573444802e-03 2.753836761208e+00
6.456542290347e-03 2.744763868462e+00
6.606934480076e-03 2.735708814009e+00
6.760829753920e-03 2.726671625769e+00
6.918309709189e-03 2.717652331122e+00
7.079457843841e-03 2.708650956935e+00
7.244359600750e-03 2.699667529568e+00
7.413102413009e-03 2.690702074874e+00
7.585775750292e-03 2.681754618222e+00
7.762471166287e-03 2.672825184474e+00
7.943282347243e-03 2.663913798030e+00
8.128305161641e-03 2.655020482819e+00
8.317637711027e-03 2.646145262286e+00
8.511380382024e-03 2.637288159435e+00
8.709635899561e-03 2.628449196818e+00
8.912509381337e-03 2.619628396541e+00
9.120108393559e-03 2.610825780275e+00
9.332543007970e-03 2.602041369261e+00
9.549925860214e-03 2.593275184314e+00
9.772372209558e-03 2.584527245853e+00
1.000000000000e-02 2.575797573869e+00
1.023292992281e-02 2.567086187954e+00
1.047128548051e-02 2.558393107322e+00
1.071519305238e-02 2.549718350785e+00
1.096478196143e-02 2.541061936776e+00
1.122018454302e-02 2.532423883359e+00
1.148153621497e-02 2.523804208227e+00
1.174897554940e-02 2.515202928717e+00
1.202264434617e-02 2.506620061798e+00
1.230268770812e-02 2.498055624110e+00
1.258925411794e-02 2.489509631930e+00
1.288249551693e-02 2.480982100485e+00
1.318256738556e-02 2.472473047586e+00
1.348962882592e-02 2.463982486342e+00
1.380384264603e-02 2.455510431733e+00
1.412537544623e-02 2.447056900611e+00
1.445439770746e-02 2.438621905147e+00
1.479108388168e-02 2.430205460140e+00
1.513561248436e-02 2.421807579351e+00
1.548816618912e-02 2.413428276248e+00
1.584893192461e-02 2.405067564032e+00
1.621810097359e-02 2.396725455610e+00
1.659586907438e-02 2.388401963621e+00
1.698243652462e-02 2.380097100433e+00
1.737800828749e-02 2.371810878153e+00
1.778279410039e-02 2.363543308634e+00
1.819700858610e-02 2.355294403459e+00
1.862087136663e-02 2.347064173980e+00
1.905460717963e-02 2.338852631305e+00
1.949844599758e-02 2.330659786286e+00
1.995262314969e-02 2.322485649555e+00
2.041737944670e-02 2.314330231513e+00
2.089296130854e-02 2.306193542333e+00
2.137962089502e-02 2.298075591967e+00
2.187761623950e-02 2.289976390150e+00
2.238721138568e-02 2.281895946402e+00
2.290867652768e-02 2.273834270048e+00
2.344228815320e-02 2.265791370194e+00
2.398832919019e-02 2.257767255689e+00
2.454708915685e-02 2.249761935373e+00
2.511886431510e-02 2.241775417707e+00
2.570395782769e-02 2.233807711025e+00
2.630267991895e-02 2.225858823532e+00
2.691534803927e-02 2.217928763087e+00
2.754228703338e-02 2.210017537543e+00
2.818382931264e-02 2.202125154507e+00
2.884031503127e-02 2.194251621432e+00
2.951209226666e-02 2.186396945606e+00
3.019951720402e-02 2.178561134135e+00
3.090295432514e-02 2.170744193981e+00
3.162277660168e-02 2.162946131946e+00
3.235936569296e-02 2.155166954676e+00
3.311311214826e-02 2.147406668667e+00
3.388441561392e-02 2.139665280267e+00
3.467368504525e-02 2.131942795676e+00
3.548133892336e-02 2.124239220965e+00
3.630780547701e-02 2.116554562053e+00
3.715352290972e-02 2.108888824722e+00
3.801893963206e-02 2.101242014636e+00
3.890451449943e-02 2.093614137312e+00
3.981071705535e-02 2.086005198146e+00
4.073802778041e-02 2.078415202408e+00
4.168693834703e-02 2.070844155244e+00
4.265795188016e-02 2.063292061686e+00
4.365158322402e-02 2.055758926633e+00
4.466835921510e-02 2.048244754882e+00
4.570881896149e-02 2.040749551120e+00
4.677351412872e-02 2.033273319903e+00
4.786300923226e-02 2.025816065697e+00
4.897788193684e-02 2.018377792856e+00
5.011872336273e-02 2.010958505628e+00
5.128613839914e-02 2.003558208160e+00
5.248074602498e-02 1.996176904493e+00
5.370317963703e-02 1.988814598586e+00
5.495408738576e-02 1.981471294285e+00
5.623413251903e-02 1.974146995348e+00
5.754399373372e-02 1.966841705434e+00
5.888436553556e-02 1.959555428126e+00
6.025595860744e-02 1.952288166906e+00
6.165950018615e-02 1.945039909213e+00
6.309573444802e-02 1.937810706233e+00
6.456542290347e-02 1.930600513325e+00
6.606934480076e-02 1.923409349584e+00
6.760829753920e-02 1.916237218078e+00
6.918309709189e-02 1.909084121802e+00
7.079457843841e-02 1.901950063652e+00
7.244359600750e-02 1.894835046466e+00
7.413102413009e-02 1.887739073003e+00
7.585775750292e-02 1.880662145948e+00
7.762471166287e-02 1.873604267184e+00
7.943282347243e-02 1.866565441440e+00
8.128305161641e-02 1.859545668997e+00
8.317637711027e-02 1.852544953001e+00
8.511380382024e-02 1.845563295785e+00
8.709635899561e-02 1.838600699616e+00
8.912509381337e-02 1.831657166713e+00
9.120108393559e-02 1.824732699217e+00
9.332543007970e-02 1.817827299212e+00
9.549925860214e-02 1.810940968719e+00
9.772372209558e-02 1.804073709701e+00
1.000000000000e-01 1.797225524067e+00
1.023292992281e-01 1.790396413654e+00
1.047128548051e-01 1.783586380254e+00
1.071519305238e-01 1.776795425608e+00
1.096478196143e-01 1.770023551380e+00
1.122018454302e-01 1.763270759202e+00
1.148153621497e-01 1.756537050644e+00
1.174897554940e-01 1.749822427225e+00
1.202264434617e-01 1.743126890411e+00
1.230268770812e-01 1.736450441613e+00
1.258925411794e-01 1.729793082208e+00
1.288249551693e-01 1.723154813507e+00
1.318256738556e-01 1.716535636780e+00
1.348962882592e-01 1.709935553241e+00
1.380384264603e-01 1.703354564073e+00
1.412537544623e-01 1.696792670400e+00
1.445439770746e-01 1.690249873302e+00
1.479108388168e-01 1.683726173815e+00
1.513561248436e-01 1.677221572938e+00
1.548816618912e-01 1.670736071354e+00
1.584893192461e-01 1.664269670469e+00
1.621810097359e-01 1.657822371156e+00
1.659586907438e-01 1.651394173729e+00
1.698243652462e-01 1.644985079204e+00
1.737800828749e-01 1.638595088322e+00
1.778279410039e-01 1.632224201781e+00
1.819700858610e-01 1.625872420225e+00
1.862087136663e-01 1.619539744280e+00
1.905460717963e-01 1.613226174513e+00
1.949844599758e-01 1.606931711458e+00
1.995262314969e-01 1.600656355611e+00
2.041737944670e-01 1.594400107426e+00
2.089296130854e-01 1.588162967317e+00
2.137962089502e-01 1.581944935674e+00
2.187761623950e-01 1.575746012834e+00
2.238721138568e-01 1.569566199100e+00
2.290867652768e-01 1.563405494747e+00
2.344228815320e-01 1.557263899991e+00
2.398832919019e-01 1.551141415033e+00
2.454708915685e-01 1.545038040028e+00
2.511886431510e-01 1.538953775098e+00
2.570395782769e-01 1.532888620331e+00
2.630267991895e-01 1.526842575764e+00
2.691534803927e-01 1.520815641408e+00
2.754228703338e-01 1.514807817251e+00
2.818382931264e-01 1.508819103229e+00
2.884031503127e-01 1.502849499244e+00
2.951209226666e-01 1.496899005166e+00
3.019951720402e-01 1.490967620829e+00
3.090295432514e-01 1.485055346030e+00
3.162277660168e-01 1.479162180532e+00
3.235936569296e-01 1.473288124056e+00
3.311311214826e-01 1.467433176305e+00
3.388441561392e-01 1.461597336935e+00
3.467368504525e-01 1.455780605555e+00
3.548133892336e-01 1.449982981756e+00
3.630780547701e-01 1.444204464224e+00
3.715352290972e-01 1.438445055064e+00
3.801893963206e-01 1.432704751162e+00
3.890451449943e-01 1.426983552823e+00
3.981071705535e-01 1.421281459456e+00
4.073802778041e-01 1.415598470429e+00
4.168693834703e-01 1.409934585076e+00
4.265795188016e-01 1.404289802693e+00
4.365158322402e-01 1.398664121810e+00
4.466835921510e-01 1.393057543846e+00
4.570881896149e-01 1.387470065791e+00
4.677351412872e-01 1.381901687527e+00
4.786300923226e-01 1.376352408166e+00
4.897788193684e-01 1.370822226775e+00
5.011872336273e-01 1.365311142408e+00
5.128613839914e-01 1.359819154044e+00
5.248074602498e-01 1.354346260641e+00
5.370317963703e-01 1.348892461133e+00
5.495408738576e-01 1.343457754394e+00
5.623413251903e-01 1.338042139265e+00
5.754399373372e-01 1.332645614547e+00
5.888436553556e-01 1.327268178999e+00
6.025595860744e-01 1.321909831349e+00
6.165950018615e-01 1.316570570261e+00
6.309573444802e-01 1.311250394380e+00
6.456542290347e-01 1.305949302300e+00
6.606934480076e-01 1.300667292574e+00
6.760829753920e-01 1.295404363711e+00
6.918309709189e-01 1.290160514170e+00
7.079457843841e-01 1.284935741418e+00
7.244359600750e-01 1.279730046737e+00
7.413102413009e-01 1.274543425542e+00
7.585775750292e-01 1.269375877089e+00
7.762471166287e-01 1.264227399629e+00
7.943282347243e-01 1.259097991352e+00
8.128305161641e-01 1.253987650404e+00
8.317637711027e-01 1.248896374885e+00
8.511380382024e-01 1.243824162843e+00
8.709635899561e-01 1.238771012281e+00
8.912509381337e-01 1.233736921156e+00
9.120108393559e-01 1.228721887355e+00
9.332543007970e-01 1.223725908741e+00
9.549925860214e-01 1.218748983106e+00
9.772372209558e-01 1.213791108185e+00
1.000000000000e+00 1.208852281678e+00
1.023292992281e+00 1.203932501220e+00
1.047128548051e+00 1.199031763650e+00
1.071519305238e+00 1.194150068728e+00
1.096478196143e+00 1.189287411688e+00
1.122018454302e+00 1.184443790687e+00
1.148153621497e+00 1.179619203078e+00
1.174897554940e+00 1.174813646151e+00
1.202264434617e+00 1.170027117148e+00
1.230268770812e+00 1.165259613239e+00
1.258925411794e+00 1.160511131534e+00
1.288249551693e+00 1.155781669080e+00
1.318256738556e+00 1.151071222861e+00
1.348962882592e+00 1.146379789796e+00
1.380384264603e+00 1.141707366738e+00
1.412537544623e+00 1.137053950471e+00
1.445439770746e+00 1.132419537720e+00
1.479108388168e+00 1.127804125120e+00
1.513561248436e+00 1.123207709256e+00
1.548816618912e+00 1.118630286633e+00
1.584893192461e+00 1.114071853686e+00
1.621810097359e+00 1.109532406773e+00
1.659586907438e+00 1.105011942181e+00
1.698243652462e+00 1.100510456117e+00
1.737800828749e+00 1.096027944713e+00
1.778279410039e+00 1.091564404020e+00
1.819700858610e+00 1.087119830007e+00
1.862087136663e+00 1.082694218574e+00
1.905460717963e+00 1.078287565525e+00
1.949844599758e+00 1.073899866584e+00
1.995262314969e+00 1.069531117389e+00
2.041737944670e+00 1.065181313492e+00
2.089296130854e+00 1.060850450358e+00
2.137962089502e+00 1.056538523359e+00
2.187761623950e+00 1.052245527778e+00
2.238721138568e+00 1.047971458812e+00
2.290867652768e+00 1.043716311543e+00
2.344228815320e+00 1.039480080976e+00
2.398832919019e+00 1.035262762014e+00
2.454708915685e+00 1.031064349460e+00
2.511886431510e+00 1.026884837248e+00
2.570395782769e+00 1.022724222285e+00
2.630267991895e+00 1.018582496755e+00
2.691534803927e+00 1.014459655820e+00
2.754228703338e+00 1.010355693761e+00
2.818382931264e+00 1.006270604745e+00
2.884031503127e+00 1.002204382845e+00
2.951209226666e+00 9.981570220031e-01
3.019951720402e+00 9.941285160523e-01
3.090295432514e+00 9.901188587088e-01
3.162277660168e+00 9.861280435698e-01
3.235936569296e+00 9.821560641117e-01
3.311311214826e+00 9.782029136878e-01
3.388441561392e+00 9.742685855267e-01
3.467368504525e+00 9.703530727365e-01
3.548133892336e+00 9.664563682769e-01
3.630780547701e+00 9.625784649955e-01
3.715352290972e+00 9.587193556002e-01
3.801893963206e+00 9.548790326637e-01
3.890451449943e+00 9.510574886198e-01
3.981071705535e+00 9.472547157632e-01
4.073802778041e+00 9.434707062458e-01
4.168693834703e+00 9.397054520750e-01
4.265795188016e+00 9.359589451108e-01
4.365158322402e+00 9.322311770639e-01
4.466835921510e+00 9.285221394870e-01
4.570881896149e+00 9.248318237960e-01
4.677351412872e+00 9.211602212324e-01
4.786300923226e+00 9.175073228838e-01
4.897788193684e+00 9.138731196760e-01
5.011872336273e+00 9.102576023698e-01
5.128613839914e+00 9.066607615587e-01
5.248074602498e+00 9.030825876660e-01
5.370317963703e+00 8.995230709425e-01
5.495408738576e+00 8.959822014697e-01
5.623413251903e+00 8.924599691309e-01
5.754399373372e+00 8.889563636486e-01
5.888436553556e+00 8.854713745529e-01
6.025595860744e+00 8.820049911884e-01
6.165950018615e+00 8.785572018912e-01
6.309573444802e+00 8.751279980793e-01
6.456542290347e+00 8.717173660567e-01
6.606934480076e+00 8.683252952105e-01
6.760829753920e+00 8.649517739039e-01
6.918309709189e+00 8.615967902949e-01
7.079457843841e+00 8.582603323260e-01
7.244359600750e+00 8.549423877468e-01
7.413102413009e+00 8.516429440729e-01
7.585775750292e+00 8.483619886076e-01
7.762471166287e+00 8.450995084321e-01
7.943282347243e+00 8.418554904024e-01
8.128305161641e+00 8.386299211455e-01
8.317637711027e+00 8.354227870562e-01
8.511380382024e+00 8.322340742934e-01
8.709635899561e+00 8.290637687833e-01
8.912509381337e+00 8.259118561891e-01
9.120108393559e+00 8.227783219465e-01
9.332543007970e+00 8.196631512352e-01
9.549925860214e+00 8.165663289801e-01
9.772372209558e+00 8.134878398483e-01
1.000000000000e+01 8.104276682453e-01
1.023292992281e+01 8.073857983106e-01
1.047128548051e+01 8.043622139143e-01
1.071519305238e+01 8.013568986529e-01
1.096478196143e+01 7.983698358454e-01
1.122018454302e+01 7.954010085227e-01
1.148153621497e+01 7.924503994499e-01
1.174897554940e+01 7.895179910825e-01
1.202264434617e+01 7.866037655885e-01
1.230268770812e+01 7.837077048382e-01
1.258925411794e+01 7.808297903992e-01
1.288249551693e+01 7.779700035327e-01
1.318256738556e+01 7.751283251887e-01
1.348962882592e+01 7.723047360026e-01
1.380384264603e+01 7.694992162888e-01
1.412537544623e+01 7.667117460457e-01
1.445439770746e+01 7.639423049256e-01
1.479108388168e+01 7.611908722571e-01
1.513561248436e+01 7.584574270359e-01
1.548816618912e+01 7.557419479115e-01
1.584893192461e+01 7.530444122552e-01
1.621810097359e+01 7.503648008125e-01
1.659586907438e+01 7.477030883841e-01
1.698243652462e+01 7.450592531356e-01
1.737800828749e+01 7.424332719355e-01
1.778279410039e+01 7.398251212819e-01
1.819700858610e+01 7.372347772903e-01
1.862087136663e+01 7.346622157183e-01
1.905460717963e+01 7.321074119162e-01
1.949844599758e+01 7.295703408523e-01
1.995262314969e+01 7.270509770997e-01
2.041737944670e+01 7.245492948319e-01
2.089296130854e+01 7.220652678181e-01
2.137962089502e+01 7.195988694168e-01
2.187761623950e+01 7.171500725726e-01
2.238721138568e+01 7.147188498103e-01
2.290867652768e+01 7.123051732370e-01
2.344228815320e+01 7.099090145077e-01
2.398832919019e+01 7.075303448648e-01
2.454708915685e+01 7.051691351030e-01
2.511886431510e+01 7.028253555719e-01
2.570395782769e+01 7.004989761704e-01
2.630267991895e+01 6.981899663422e-01
2.691534803927e+01 6.958982950701e-01
2.754228703338e+01 6.936239308710e-01
2.818382931264e+01 6.913668417910e-01
2.884031503127e+01 6.891269953996e-01
2.951209226666e+01 6.869043587853e-01
3.019951720402e+01 6.846988985499e-01
3.090295432514e+01 6.825105807949e-01
3.162277660168e+01 6.803393711507e-01
3.235936569296e+01 6.781852347193e-01
3.311311214826e+01 6.760481361050e-01
3.388441561392e+01 6.739280394032e-01
3.467368504525e+01 6.718249081804e-01
3.548133892336e+01 6.697387054922e-01
3.630780547701e+01 6.676693938626e-01
3.715352290972e+01 6.656169352830e-01
3.801893963206e+01 6.635812912072e-01
3.890451449943e+01 6.615624225464e-01
3.981071705535e+01 6.595602896716e-01
4.073802778041e+01 6.575748523782e-01
4.168693834703e+01 6.556060699274e-01
4.265795188016e+01 6.536539010106e-01
4.365158322402e+01 6.517183037517e-01
4.466835921510e+01 6.497992357031e-01
4.570881896149e+01 6.478966538406e-01
4.677351412872e+01 6.460105134608e-01
4.786300923226e+01 6.441407736669e-01
4.897788193684e+01 6.422873863830e-01
5.011872336273e+01 6.404503073312e-01
5.128613839914e+01 6.386294905366e-01
5.248074602498e+01 6.368248894205e-01
5.370317963703e+01 6.350364567972e-01
5.495408738576e+01 6.332641448594e-01
5.623413251903e+01 6.315079052124e-01
5.754399373372e+01 6.297676888136e-01
5.888436553556e+01 6.280434460064e-01
6.025595860744e+01 6.263351265065e-01
6.165950018615e+01 6.246426794303e-01
6.309573444802e+01 6.229660531651e-01
6.456542290347e+01 6.213051955555e-01
6.606934480076e+01 6.196600537729e-01
6.760829753920e+01 6.180305743443e-01
6.918309709189e+01 6.164167031494e-01
7.079457843841e+01 6.148183854178e-01
7.244359600750e+01 6.132355657252e-01
7.413102413009e+01 6.116681879922e-01
7.585775750292e+01 6.101161954853e-01
7.762471166287e+01 6.085795308062e-01
7.943282347243e+01 6.070581358827e-01
8.128305161641e+01 6.055519519973e-01
8.317637711027e+01 6.040609197582e-01
8.511380382024e+01 6.025849791056e-01
8.709635899561e+01 6.011240693102e-01
8.912509381337e+01 5.996781289721e-01
9.120108393559e+01 5.982470960192e-01
9.332543007970e+01 5.968309077072e-01
9.549925860214e+01 5.954295006179e-01
9.772372209558e+01 5.940428106597e-01
1.000000000000e+02 5.926707730669e-01
1.023292992281e+02 5.913133223997e-01
1.047128548051e+02 5.899703925440e-01
1.071519305238e+02 5.886419167128e-01
1.096478196143e+02 5.873278274365e-01
1.122018454302e+02 5.860280566034e-01
1.148153621497e+02 5.847425354010e-01
1.174897554940e+02 5.834711943578e-01
1.202264434617e+02 5.822139633349e-01
1.230268770812e+02 5.809707715276e-01
1.258925411794e+02 5.797415474679e-01
1.288249551693e+02 5.785262190269e-01
1.318256738556e+02 5.773247134178e-01
1.348962882592e+02 5.761369571984e-01
1.380384264603e+02 5.749628762750e-01
1.412537544623e+02 5.738023959059e-01
1.445439770746e+02 5.726554407052e-01
1.479108388168e+02 5.715219346467e-01
1.513561248436e+02 5.704018010694e-01
1.548816618912e+02 5.692949626813e-01
1.584893192461e+02 5.682013415653e-01
1.621810097359e+02 5.671208591881e-01
1.659586907438e+02 5.660534363908e-01
1.698243652462e+02 5.649989934183e-01
1.737800828749e+02 5.639574499095e-01
1.778279410039e+02 5.629287249090e-01
1.819700858610e+02 5.619127368736e-01
1.862087136663e+02 5.609094036798e-01
1.905460717963e+02 5.599186426315e-01
1.949844599758e+02 5.589403704685e-01
1.995262314969e+02 5.579745033745e-01
2.041737944670e+02 5.570209569857e-01
2.089296130854e+02 5.560796464009e-01
2.137962089502e+02 5.551504861899e-01
2.187761623950e+02 5.542333904039e-01
2.238721138568e+02 5.533282725851e-01
2.290867652768e+02 5.524350457781e-01
2.344228815320e+02 5.515536225395e-01
2.398832919019e+02 5.506839149502e-01
2.454708915685e+02 5.498258346261e-01
2.511886431510e+02 5.489792927302e-01
2.570395782769e+02 5.481441999845e-01
2.630267991895e+02 5.473204666834e-01
2.691534803927e+02 5.465080027362e-01
2.754228703338e+02 5.457067175557e-01
2.818382931264e+02 5.449165202610e-01
2.884031503127e+02 5.441373195640e-01
2.951209226666e+02 5.433690238151e-01
3.019951720402e+02 5.426115410182e-01
3.090295432514e+02 5.418647788444e-01
3.162277660168e+02 5.411286446510e-01
3.235936569296e+02 5.404030454849e-01
3.311311214826e+02 5.396878881141e-01
3.388441561392e+02 5.389830790332e-01
3.467368504525e+02 5.382885244819e-01
3.548133892336e+02 5.376041304615e-01
3.630780547701e+02 5.369298027508e-01
3.715352290972e+02 5.362654469234e-01
3.801893963206e+02 5.356109683646e-01
3.890451449943e+02 5.349662722880e-01
3.981071705535e+02 5.343312637535e-01
4.073802778041e+02 5.337058476844e-01
4.168693834703e+02 5.330899288855e-01
4.265795188016e+02 5.324834120604e-01
4.365158322402e+02 5.318862018305e-01
4.466835921510e+02 5.312982027521e-01
4.570881896149e+02 5.307193193355e-01
4.677351412872e+02 5.301494560628e-01
4.786300923226e+02 5.295885174070e-01
4.897788193684e+02 5.290364078503e-01
5.011872336273e+02 5.284930319030e-01
5.128613839914e+02 5.279582941252e-01
5.248074602498e+02 5.274320991324e-01
5.370317963703e+02 5.269143516349e-01
5.495408738576e+02 5.264049564427e-01
5.623413251903e+02 5.259038184877e-01
5.754399373372e+02 5.254108428427e-01
5.888436553556e+02 5.249259347403e-01
6.025595860744e+02 5.244489793505e-01
6.165950018615e+02 5.239799430046e-01
6.309573444802e+02 5.235186708033e-01
6.456542290347e+02 5.230650890462e-01
6.606934480076e+02 5.226191040443e-01
6.760829753920e+02 5.221806224102e-01
6.918309709189e+02 5.217495509549e-01
7.079457843841e+02 5.213257968857e-01
7.244359600750e+02 5.209092676610e-01
7.413102413009e+02 5.204998714580e-01
7.585775750292e+02 5.200975159487e-01
7.762471166287e+02 5.197021099732e-01
7.943282347243e+02 5.193135625066e-01
8.128305161641e+02 5.189317829517e-01
8.317637711027e+02 5.185566811242e-01
8.511380382024e+02 5.181881673361e-01
8.709635899561e+02 5.178261522204e-01
8.912509381337e+02 5.174705470269e-01
9.120108393559e+02 5.171212634678e-01
9.332543007970e+02 5.167782133070e-01
9.549925860214e+02 5.164413104815e-01
9.772372209558e+02 5.161104670664e-01
1.000000000000e+03 5.157855967846e-01
1.023292992281e+03 5.154666154675e-01
1.047128548051e+03 5.151534366164e-01
1.071519305238e+03 5.148459762630e-01
1.096478196143e+03 5.145441506141e-01
1.122018454302e+03 5.142478763334e-01
1.148153621497e+03 5.139570708653e-01
1.174897554940e+03 5.136716522463e-01
1.202264434617e+03 5.133915391640e-01
1.230268770812e+03 5.131166509684e-01
1.258925411794e+03 5.128469076817e-01
1.288249551693e+03 5.125822300087e-01
1.318256738556e+03 5.123225393460e-01
1.348962882592e+03 5.120677577913e-01
1.380384264603e+03 5.118178081520e-01
1.412537544623e+03 5.115726139533e-01
1.445439770746e+03 5.113320994463e-01
1.479108388168e+03 5.110961896151e-01
1.513561248436e+03 5.108648101839e-01
1.548816618912e+03 5.106378876235e-01
1.584893192461e+03 5.104153494108e-01
1.621810097359e+03 5.101971230303e-01
1.659586907438e+03 5.099831374708e-01
1.698243652462e+03 5.097733222460e-01
1.737800828749e+03 5.095676076420e-01
1.778279410039e+03 5.093659247220e-01
1.819700858610e+03 5.091682053292e-01
1.862087136663e+03 5.089743820899e-01
1.905460717963e+03 5.087843884168e-01
1.949844599758e+03 5.085981585425e-01
1.995262314969e+03 5.084156273953e-01
2.041737944670e+03 5.082367307893e-01
2.089296130854e+03 5.080614053003e-01
2.137962089502e+03 5.078895882980e-01
2.187761623950e+03 5.077212179461e-01
2.238721138568e+03 5.075562332025e-01
2.290867652768e+03 5.073945738186e-01
2.344228815320e+03 5.072361803394e-01
2.398832919019e+03 5.070809941014e-01
2.454708915685e+03 5.069289572323e-01
2.511886431510e+03 5.067800126484e-01
2.570395782769e+03 5.066341040535e-01
2.630267991895e+03 5.064911759356e-01
2.691534803927e+03 5.063511735651e-01
2.754228703338e+03 5.062140429914e-01
2.818382931264e+03 5.060797310400e-01
2.884031503127e+03 5.059481853089e-01
2.951209226666e+03 5.058193541648e-01
3.019951720402e+03 5.056931867392e-01
3.090295432514e+03 5.055696329243e-01
3.162277660168e+03 5.054486433683e-01
3.235936569296e+03 5.053301694707e-01
3.311311214826e+03 5.052141633777e-01
3.388441561392e+03 5.051005779768e-01
3.467368504525e+03 5.049893668914e-01
3.548133892336e+03 5.048804844755e-01
3.630780547701e+03 5.047738858079e-01
3.715352290972e+03 5.046695266865e-01
3.801893963206e+03 5.045673636219e-01
3.890451449943e+03 5.044673538316e-01
3.981071705535e+03 5.043694552333e-01
4.073802778041e+03 5.042736264387e-01
4.168693834703e+03 5.041798267469e-01
4.265795188016e+03 5.040880161374e-01
4.365158322402e+03 5.039981552635e-01
4.466835921510e+03 5.039102054455e-01
4.570881896149e+03 5.038241286631e-01
4.677351412872e+03 5.037398875488e-01
4.786300923226e+03 5.036574453805e-01
4.897788193684e+03 5.035767660743e-01
5.011872336273e+03 5.034978141768e-01
5.128613839914e+03 5.034205548583e-01
5.248074602498e+03 5.033449539047e-01
5.370317963703e+03 5.032709777103e-01
5.495408738576e+03 5.031985932703e-01
5.623413251903e+03 5.031277681730e-01
5.754399373372e+03 5.030584705924e-01
5.888436553556e+03 5.029906692802e-01
6.025595860744e+03 5.029243335589e-01
6.165950018615e+03 5.028594333130e-01
6.309573444802e+03 5.027959389824e-01
6.456542290347e+03 5.027338215539e-01
6.606934480076e+03 5.026730525543e-01
6.760829753920e+03 5.026136040418e-01
6.918309709189e+03 5.025554485995e-01
7.079457843841e+03 5.024985593267e-01
7.244359600750e+03 5.024429098318e-01
7.413102413009e+03 5.023884742248e-01
7.585775750292e+03 5.023352271099e-01
7.762471166287e+03 5.022831435765e-01
7.943282347243e+03 5.022321991939e-01
8.128305161641e+03 5.021823700029e-01
8.317637711027e+03 5.021336325080e-01
8.511380382024e+03 5.020859636704e-01
8.709635899561e+03 5.020393409010e-01
8.912509381337e+03 5.019937420525e-01
9.120108393559e+03 5.019491454127e-01
9.332543007970e+03 5.019055296973e-01
9.549925860214e+03 5.018628740426e-01
9.772372209558e+03 5.018211579987e-01
1.000000000000e+04 5.017803615224e-01
1.023292992281e+04 5.017404649704e-01
1.047128548051e+04 5.017014490924e-01
1.071519305238e+04 5.016632950246e-01
1.096478196143e+04 5.016259842824e-01
1.122018454302e+04 5.015894987546e-01
1.148153621497e+04 5.015538206963e-01
1.174897554940e+04 5.015189327224e-01
1.202264434617e+04 5.014848178057e-01
1.230268770812e+04 5.014514592542e-01
1.258925411794e+04 5.014188407287e-01
1.288249551693e+04 5.013869462212e-01
1.318256738556e+04 5.013557600521e-01
1.348962882592e+04 5.013252668648e-01
1.380384264603e+04 5.012954516196e-01
1.412537544623e+04 5.012662995876e-01
1.445439770746e+04 5.012377963453e-01
1.479108388168e+04 5.012099277684e-01
1.513561248436e+04 5.011826800268e-01
1.548816618912e+04 5.011560395787e-01
1.584893192461e+04 5.011299931651e-01
1.621810097359e+04 5.011045278047e-01
1.659586907438e+04 5.010796307881e-01
1.698243652462e+04 5.010552896734e-01
1.737800828749e+04 5.010314922802e-01
1.778279410039e+04 5.010082266850e-01
1.819700858610e+04 5.009854812163e-01
1.862087136663e+04 5.009632444493e-01
1.905460717963e+04 5.009415052014e-01
1.949844599758e+04 5.009202525274e-01
1.995262314969e+04 5.008994757148e-01
2.041737944670e+04 5.008791642791e-01
2.089296130854e+04 5.008593079593e-01
2.137962089502e+04 5.008398967138e-01
2.187761623950e+04 5.008209207155e-01
2.238721138568e+04 5.008023703478e-01
2.290867652768e+04 5.007842362004e-01
2.344228815320e+04 5.007665090651e-01
2.398832919019e+04 5.007491799315e-01
2.454708915685e+04 5.007322399834e-01
2.511886431510e+04 5.007156805946e-01
2.570395782769e+04 5.006994933250e-01
2.630267991895e+04 5.006836699171e-01
2.691534803927e+04 5.006682022917e-01
2.754228703338e+04 5.006530825450e-01
2.818382931264e+04 5.006383029442e-01
2.884031503127e+04 5.006238559247e-01
2.951209226666e+04 5.006097340861e-01
3.019951720402e+04 5.005959301889e-01
3.090295432514e+04 5.005824371514e-01
3.162277660168e+04 5.005692480463e-01
3.235936569296e+04 5.005563560974e-01
3.311311214826e+04 5.005437546764e-01
3.388441561392e+04 5.005314372999e-01
3.467368504525e+04 5.005193976266e-01
3.548133892336e+04 5.005076294537e-01
3.630780547701e+04 5.004961267148e-01
3.715352290972e+04 5.004848834761e-01
3.801893963206e+04 5.004738939346e-01
3.890451449943e+04 5.004631524143e-01
3.981071705535e+04 5.004526533644e-01
4.073802778041e+04 5.004423913561e-01
4.168693834703e+04 5.004323610802e-01
4.265795188016e+04 5.004225573447e-01
4.365158322402e+04 5.004129750717e-01
4.466835921510e+04 5.004036092959e-01
4.570881896149e+04 5.003944551612e-01
4.677351412872e+04 5.003855079193e-01
4.786300923226e+04 5.003767629266e-01
4.897788193684e+04 5.003682156423e-01
5.011872336273e+04 5.003598616264e-01
5.128613839914e+04 5.003516965370e-01
5.248074602498e+04 5.003437161288e-01
5.370317963703e+04 5.003359162503e-01
5.495408738576e+04 5.003282928425e-01
5.623413251903e+04 5.003208419365e-01
5.754399373372e+04 5.003135596514e-01
5.888436553556e+04 5.003064421929e-01
6.025595860744e+04 5.002994858509e-01
6.165950018615e+04 5.002926869980e-01
6.309573444802e+04 5.002860420876e-01
6.456542290347e+04 5.002795476520e-01
6.606934480076e+04 5.002732003009e-01
6.760829753920e+04 5.002669967197e-01
6.918309709189e+04 5.002609336676e-01
7.079457843841e+04 5.002550079763e-01
7.244359600750e+04 5.002492165481e-01
7.413102413009e+04 5.002435563546e-01
7.585775750292e+04 5.002380244352e-01
7.762471166287e+04 5.002326178954e-01
7.943282347243e+04 5.002273339054e-01
8.128305161641e+04 5.002221696988e-01
8.317637711027e+04 5.002171225712e-01
8.511380382024e+04 5.002121898787e-01
8.709635899561e+04 5.002073690366e-01
8.912509381337e+04 5.002026575181e-01
9.120108393559e+04 5.001980528534e-01
9.332543007970e+04 5.001935526275e-01
9.549925860214e+04 5.001891544802e-01
9.772372209558e+04 5.001848561038e-01
1.000000000000e+05 5.001806552427e-01
1.023292992281e+05 5.001765496918e-01
1.047128548051e+05 5.001725372957e-01
1.071519305238e+05 5.001686159472e-01
1.096478196143e+05 5.001647835867e-01
1.122018454302e+05 5.001610382007e-01
1.148153621497e+05 5.001573778212e-01
1.174897554940e+05 5.001538005244e-01
1.202264434617e+05 5.001503044296e-01
1.230268770812e+05 5.001468876988e-01
1.258925411794e+05 5.001435485350e-01
1.288249551693e+05 5.001402851819e-01
1.318256738556e+05 5.001370959228e-01
1.348962882592e+05 5.001339790795e-01
1.380384264603e+05 5.001309330118e-01
1.412537544623e+05 5.001279561163e-01
1.445439770746e+05 5.001250468258e-01
1.479108388168e+05 5.001222036086e-01
1.513561248436e+05 5.001194249674e-01
1.548816618912e+05 5.001167094387e-01
1.584893192461e+05 5.001140555920e-01
1.621810097359e+05 5.001114620291e-01
1.659586907438e+05 5.001089273834e-01
1.698243652462e+05 5.001064503193e-01
1.737800828749e+05 5.001040295310e-01
1.778279410039e+05 5.001016637424e-01
1.819700858610e+05 5.000993517064e-01
1.862087136663e+05 5.000970922038e-01
1.905460717963e+05 5.000948840430e-01
1.949844599758e+05 5.000927260595e-01
1.995262314969e+05 5.000906171149e-01
2.041737944670e+05 5.000885560968e-01
2.089296130854e+05 5.000865419177e-01
2.137962089502e+05 5.000845735148e-01
2.187761623950e+05 5.000826498494e-01
2.238721138568e+05 5.000807699062e-01
2.290867652768e+05 5.000789326929e-01
2.344228815320e+05 5.000771372397e-01
2.398832919019e+05 5.000753825987e-01
2.454708915685e+05 5.000736678436e-01
2.511886431510e+05 5.000719920687e-01
2.570395782769e+05 5.000703543892e-01
2.630267991895e+05 5.000687539402e-01
2.691534803927e+05 5.000671898764e-01
2.754228703338e+05 5.000656613715e-01
2.818382931264e+05 5.000641676181e-01
2.884031503127e+05 5.000627078270e-01
2.951209226666e+05 5.000612812269e-01
3.019951720402e+05 5.000598870640e-01
3.090295432514e+05 5.000585246016e-01
3.162277660168e+05 5.000571931196e-01
3.235936569296e+05 5.000558919143e-01
3.311311214826e+05 5.000546202980e-01
3.388441561392e+05 5.000533775985e-01
3.467368504525e+05 5.000521631588e-01
3.548133892336e+05 5.000509763369e-01
3.630780547701e+05 5.000498165053e-01
3.715352290972e+05 5.000486830508e-01
3.801893963206e+05 5.000475753740e-01
3.890451449943e+05 5.000464928892e-01
3.981071705535e+05 5.000454350239e-01
4.073802778041e+05 5.000444012187e-01
4.168693834703e+05 5.000433909267e-01
4.265795188016e+05 5.000424036137e-01
4.365158322402e+05 5.000414387573e-01
4.466835921510e+05 5.000404958472e-01
4.570881896149e+05 5.000395743845e-01
4.677351412872e+05 5.000386738817e-01
4.786300923226e+05 5.000377938625e-01
4.897788193684e+05 5.000369338612e-01
5.011872336273e+05 5.000360934228e-01
5.128613839914e+05 5.000352721025e-01
5.248074602498e+05 5.000344694657e-01
5.370317963703e+05 5.000336850878e-01
5.495408738576e+05 5.000329185535e-01
5.623413251903e+05 5.000321694572e-01
5.754399373372e+05 5.000314374024e-01
5.888436553556e+05 5.000307220018e-01
6.025595860744e+05 5.000300228765e-01
6.165950018615e+05 5.000293396565e-01
6.309573444802e+05 5.000286719803e-01
6.456542290347e+05 5.000280194943e-01
6.606934480076e+05 5.000273818531e-01
6.760829753920e+05 5.000267587191e-01
6.918309709189e+05 5.000261497625e-01
7.079457843841e+05 5.000255546609e-01
7.244359600750e+05 5.000249730991e-01
7.413102413009e+05 5.000244047693e-01
7.585775750292e+05 5.000238493705e-01
7.762471166287e+05 5.000233066086e-01
7.943282347243e+05 5.000227761963e-01
8.128305161641e+05 5.000222578526e-01
8.317637711027e+05 5.000217513030e-01
8.511380382024e+05 5.000212562794e-01
8.709635899561e+05 5.000207725195e-01
8.912509381337e+05 5.000202997672e-01
9.120108393559e+05 5.000198377721e-01
9.332543007970e+05 5.000193862895e-01
9.549925860214e+05 5.000189450802e-01
9.772372209558e+05 5.000185139106e-01
1.000000000000e+06 5.000180925524e-01
