# N -> infinity result
# alpha 1.5
# Lmin 0.01
# Lmax 1000
# c 1
# tau 1
# V1 0.1
# V2 1
# <L> 3.16227766017
# dt_out 1
# dtheta 0.1
# t F_Ninfty
0.0000000000 3.646029226703
1.0000000000 3.587720258162
2.0000000000 3.552558920175
3.0000000000 3.525016690012
4.0000000000 3.501796082909
5.0000000000 3.481461032105
6.0000000000 3.463228750001
7.0000000000 3.446616224963
8.0000000000 3.431300476983
9.0000000000 3.417052913120
10.0000000000 3.403704728490
11.0000000000 3.391127086747
12.0000000000 3.379219023605
13.0000000000 3.367899684945
14.0000000000 3.357103139804
15.0000000000 3.346774795421
16.0000000000 3.336868848181
17.0000000000 3.327346426629
18.0000000000 3.318174209937
19.0000000000 3.309323381060
20.0000000000 3.300768820549
21.0000000000 3.292488476713
22.0000000000 3.284462867168
23.0000000000 3.276674679789
24.0000000000 3.269108449851
25.0000000000 3.261750296339
26.0000000000 3.254587704676
27.0000000000 3.247609346278
28.0000000000 3.240804927587
29.0000000000 3.234165062901
30.0000000000 3.227681166578
31.0000000000 3.221345361133
32.0000000000 3.215150398445
33.0000000000 3.209089591872
34.0000000000 3.203156757483
35.0000000000 3.197346162945
36.0000000000 3.191652482898
37.0000000000 3.186070759826
38.0000000000 3.180596369632
39.0000000000 3.175224991230
40.0000000000 3.169952579608
41.0000000000 3.164775341891
42.0000000000 3.159689715991
43.0000000000 3.154692351534
44.0000000000 3.149780092748
45.0000000000 3.144949963099
46.0000000000 3.140199151434
47.0000000000 3.135524999482
48.0000000000 3.130924990527
49.0000000000 3.126396739146
50.0000000000 3.121937981878
51.0000000000 3.117546568722
52.0000000000 3.113220455382
53.0000000000 3.108957696188
54.0000000000 3.104756437596
55.0000000000 3.100614912242
56.0000000000 3.096531433471
57.0000000000 3.092504390306
58.0000000000 3.088532242812
59.0000000000 3.084613517817
60.0000000000 3.080746804958
61.0000000000 3.076930753021
62.0000000000 3.073164066554
63.0000000000 3.069445502719
64.0000000000 3.065773868370
65.0000000000 3.062148017339
66.0000000000 3.058566847904
67.0000000000 3.055029300435
68.0000000000 3.051534355188
69.0000000000 3.048081030258
70.0000000000 3.044668379652
71.0000000000 3.041295491495
72.0000000000 3.037961486344
73.0000000000 3.034665515609
74.0000000000 3.031406760072
75.0000000000 3.028184428493
76.0000000000 3.024997756305
77.0000000000 3.021846004379
78.0000000000 3.018728457866
79.0000000000 3.015644425106
80.0000000000 3.012593236595
81.0000000000 3.009574244013
82.0000000000 3.006586819307
83.0000000000 3.003630353823
84.0000000000 3.000704257482
85.0000000000 2.997807958006
86.0000000000 2.994940900179
87.0000000000 2.992102545155
88.0000000000 2.989292369789
89.0000000000 2.986509866016
90.0000000000 2.983754540252
91.0000000000 2.981025912828
92.0000000000 2.978323517453
93.0000000000 2.975646900703
94.0000000000 2.972995621533
95.0000000000 2.970369250811
96.0000000000 2.967767370883
97.0000000000 2.965189575146
98.0000000000 2.962635467650
99.0000000000 2.960104662713
100.0000000000 2.957596784557
101.0000000000 2.955111466962
102.0000000000 2.952648352925
103.0000000000 2.950207094349
104.0000000000 2.947787351736
105.0000000000 2.945388793891
106.0000000000 2.943011097652
107.0000000000 2.940653947615
108.0000000000 2.938317035881
109.0000000000 2.936000061814
110.0000000000 2.933702731800
111.0000000000 2.931424759027
112.0000000000 2.929165863266
113.0000000000 2.926925770664
114.0000000000 2.924704213547
115.0000000000 2.922500930224
116.0000000000 2.920315664809
117.0000000000 2.918148167040
118.0000000000 2.915998192111
119.0000000000 2.913865500510
120.0000000000 2.911749857859
121.0000000000 2.909651034765
122.0000000000 2.907568806673
123.0000000000 2.905502953729
124.0000000000 2.903453260639
125.0000000000 2.901419516547
126.0000000000 2.899401514902
127.0000000000 2.897399053341
128.0000000000 2.895411933575
129.0000000000 2.893439961268
130.0000000000 2.891482945940
131.0000000000 2.889540700850
132.0000000000 2.887613042908
133.0000000000 2.885699792564
134.0000000000 2.883800773724
135.0000000000 2.881915813655
136.0000000000 2.880044742895
137.0000000000 2.878187395172
138.0000000000 2.876343607317
139.0000000000 2.874513219189
140.0000000000 2.872696073595
141.0000000000 2.870892016216
142.0000000000 2.869100895534
143.0000000000 2.867322562766
144.0000000000 2.865556871792
145.0000000000 2.863803679089
146.0000000000 2.862062843673
147.0000000000 2.860334227031
148.0000000000 2.858617693067
149.0000000000 2.856913108040
150.0000000000 2.855220340509
151.0000000000 2.853539261281
152.0000000000 2.851869743355
153.0000000000 2.850211661873
154.0000000000 2.848564894070
155.0000000000 2.846929319225
156.0000000000 2.845304818614
157.0000000000 2.843691275468
158.0000000000 2.842088574923
159.0000000000 2.840496603982
160.0000000000 2.838915251473
161.0000000000 2.837344408007
162.0000000000 2.835783965936
163.0000000000 2.834233819322
164.0000000000 2.832693863893
165.0000000000 2.831163997012
166.0000000000 2.829644117639
167.0000000000 2.828134126295
168.0000000000 2.826633925034
169.0000000000 2.825143417408
170.0000000000 2.823662508433
171.0000000000 2.822191104562
172.0000000000 2.820729113656
173.0000000000 2.819276444949
174.0000000000 2.817833009027
175.0000000000 2.816398717797
176.0000000000 2.814973484457
177.0000000000 2.813557223478
178.0000000000 2.812149850571
179.0000000000 2.810751282664
180.0000000000 2.809361437881
181.0000000000 2.807980235517
182.0000000000 2.806607596011
183.0000000000 2.805243440929
184.0000000000 2.803887692940
185.0000000000 2.802540275795
186.0000000000 2.801201114305
187.0000000000 2.799870134322
188.0000000000 2.798547262718
189.0000000000 2.797232427370
190.0000000000 2.795925557133
191.0000000000 2.794626581829
192.0000000000 2.793335432227
193.0000000000 2.792052040023
194.0000000000 2.790776337826
195.0000000000 2.789508259140
196.0000000000 2.788247738347
197.0000000000 2.786994710691
198.0000000000 2.785749112266
199.0000000000 2.784510879995
200.0000000000 2.783279951620
201.0000000000 2.782056265685
202.0000000000 2.780839761521
203.0000000000 2.779630379235
204.0000000000 2.778428059695
205.0000000000 2.777232744516
206.0000000000 2.776044376046
207.0000000000 2.774862897358
208.0000000000 2.773688252232
209.0000000000 2.772520385147
210.0000000000 2.771359241266
211.0000000000 2.770204766427
212.0000000000 2.769056907130
213.0000000000 2.767915610526
214.0000000000 2.766780824406
215.0000000000 2.765652497192
216.0000000000 2.764530577926
217.0000000000 2.763415016256
218.0000000000 2.762305762432
219.0000000000 2.761202767292
220.0000000000 2.760105982254
221.0000000000 2.759015359306
222.0000000000 2.757930850999
223.0000000000 2.756852410433
224.0000000000 2.755779991253
225.0000000000 2.754713547639
226.0000000000 2.753653034297
227.0000000000 2.752598406450
228.0000000000 2.751549619832
229.0000000000 2.750506630677
230.0000000000 2.749469395715
231.0000000000 2.748437872161
232.0000000000 2.747412017709
233.0000000000 2.746391790525
234.0000000000 2.745377149238
235.0000000000 2.744368052935
236.0000000000 2.743364461153
237.0000000000 2.742366333873
238.0000000000 2.741373631511
239.0000000000 2.740386314916
240.0000000000 2.739404345357
241.0000000000 2.738427684523
242.0000000000 2.737456294514
243.0000000000 2.736490137834
244.0000000000 2.735529177388
245.0000000000 2.734573376473
246.0000000000 2.733622698774
247.0000000000 2.732677108358
248.0000000000 2.731736569668
249.0000000000 2.730801047519
250.0000000000 2.729870507092
251.0000000000 2.728944913927
252.0000000000 2.728024233920
253.0000000000 2.727108433318
254.0000000000 2.726197478714
255.0000000000 2.725291337038
256.0000000000 2.724389975561
257.0000000000 2.723493361881
258.0000000000 2.722601463924
259.0000000000 2.721714249938
260.0000000000 2.720831688488
261.0000000000 2.719953748453
262.0000000000 2.719080399021
263.0000000000 2.718211609682
264.0000000000 2.717347350229
265.0000000000 2.716487590753
266.0000000000 2.715632301633
267.0000000000 2.714781453539
268.0000000000 2.713935017427
269.0000000000 2.713092964531
270.0000000000 2.712255266364
271.0000000000 2.711421894712
272.0000000000 2.710592821630
273.0000000000 2.709768019440
274.0000000000 2.708947460727
275.0000000000 2.708131118336
276.0000000000 2.707318965365
277.0000000000 2.706510975168
278.0000000000 2.705707121347
279.0000000000 2.704907377750
280.0000000000 2.704111718468
281.0000000000 2.703320117833
282.0000000000 2.702532550412
283.0000000000 2.701748991008
284.0000000000 2.700969414653
285.0000000000 2.700193796608
286.0000000000 2.699422112358
287.0000000000 2.698654337613
288.0000000000 2.697890448299
289.0000000000 2.697130420561
290.0000000000 2.696374230757
291.0000000000 2.695621855458
292.0000000000 2.694873271443
293.0000000000 2.694128455696
294.0000000000 2.693387385407
295.0000000000 2.692650037965
296.0000000000 2.691916390960
297.0000000000 2.691186422177
298.0000000000 2.690460109596
299.0000000000 2.689737431388
300.0000000000 2.689018365913
301.0000000000 2.688302891720
302.0000000000 2.687590987541
303.0000000000 2.686882632291
304.0000000000 2.686177805067
305.0000000000 2.685476485144
306.0000000000 2.684778651971
307.0000000000 2.684084285174
308.0000000000 2.683393364551
309.0000000000 2.682705870069
310.0000000000 2.682021781864
311.0000000000 2.681341080238
312.0000000000 2.680663745657
313.0000000000 2.679989758752
314.0000000000 2.679319100310
315.0000000000 2.678651751281
316.0000000000 2.677987692770
317.0000000000 2.677326906039
318.0000000000 2.676669372500
319.0000000000 2.676015073720
320.0000000000 2.675363991414
321.0000000000 2.674716107447
322.0000000000 2.674071403830
323.0000000000 2.673429862719
324.0000000000 2.672791466411
325.0000000000 2.672156197350
326.0000000000 2.671524038116
327.0000000000 2.670894971429
328.0000000000 2.670268980146
329.0000000000 2.669646047261
330.0000000000 2.669026155900
331.0000000000 2.668409289323
332.0000000000 2.667795430922
333.0000000000 2.667184564217
334.0000000000 2.666576672859
335.0000000000 2.665971740623
336.0000000000 2.665369751411
337.0000000000 2.664770689252
338.0000000000 2.664174538294
339.0000000000 2.663581282809
340.0000000000 2.662990907188
341.0000000000 2.662403395944
342.0000000000 2.661818733705
343.0000000000 2.661236905217
344.0000000000 2.660657895341
345.0000000000 2.660081689052
346.0000000000 2.659508271439
347.0000000000 2.658937627703
348.0000000000 2.658369743154
349.0000000000 2.657804603214
350.0000000000 2.657242193411
351.0000000000 2.656682499382
352.0000000000 2.656125506869
353.0000000000 2.655571201721
354.0000000000 2.655019569889
355.0000000000 2.654470597429
356.0000000000 2.653924270496
357.0000000000 2.653380575349
358.0000000000 2.652839498346
359.0000000000 2.652301025943
360.0000000000 2.651765144696
361.0000000000 2.651231841254
362.0000000000 2.650701102366
363.0000000000 2.650172914875
364.0000000000 2.649647265716
365.0000000000 2.649124141920
366.0000000000 2.648603530608
367.0000000000 2.648085418994
368.0000000000 2.647569794381
369.0000000000 2.647056644163
370.0000000000 2.646545955821
371.0000000000 2.646037716924
372.0000000000 2.645531915130
373.0000000000 2.645028538181
374.0000000000 2.644527573904
375.0000000000 2.644029010213
376.0000000000 2.643532835102
377.0000000000 2.643039036651
378.0000000000 2.642547603021
379.0000000000 2.642058522453
380.0000000000 2.641571783271
381.0000000000 2.641087373875
382.0000000000 2.640605282748
383.0000000000 2.640125498448
384.0000000000 2.639648009613
385.0000000000 2.639172804955
386.0000000000 2.638699873266
387.0000000000 2.638229203408
388.0000000000 2.637760784322
389.0000000000 2.637294605022
390.0000000000 2.636830654593
391.0000000000 2.636368922195
392.0000000000 2.635909397059
393.0000000000 2.635452068487
394.0000000000 2.634996925851
395.0000000000 2.634543958595
396.0000000000 2.634093156231
397.0000000000 2.633644508338
398.0000000000 2.633198004566
399.0000000000 2.632753634630
400.0000000000 2.632311388313
401.0000000000 2.631871255464
402.0000000000 2.631433225998
403.0000000000 2.630997289893
404.0000000000 2.630563437195
405.0000000000 2.630131658009
406.0000000000 2.629701942508
407.0000000000 2.629274280925
408.0000000000 2.628848663556
409.0000000000 2.628425080757
410.0000000000 2.628003522948
411.0000000000 2.627583980607
412.0000000000 2.627166444273
413.0000000000 2.626750904545
414.0000000000 2.626337352079
415.0000000000 2.625925777590
416.0000000000 2.625516171854
417.0000000000 2.625108525699
418.0000000000 2.624702830014
419.0000000000 2.624299075744
420.0000000000 2.623897253887
421.0000000000 2.623497355500
422.0000000000 2.623099371692
423.0000000000 2.622703293629
424.0000000000 2.622309112530
425.0000000000 2.621916819666
426.0000000000 2.621526406363
427.0000000000 2.621137864000
428.0000000000 2.620751184006
429.0000000000 2.620366357863
430.0000000000 2.619983377105
431.0000000000 2.619602233316
432.0000000000 2.619222918130
433.0000000000 2.618845423232
434.0000000000 2.618469740357
435.0000000000 2.618095861287
436.0000000000 2.617723777854
437.0000000000 2.617353481939
438.0000000000 2.616984965471
439.0000000000 2.616618220426
440.0000000000 2.616253238826
441.0000000000 2.615890012742
442.0000000000 2.615528534290
443.0000000000 2.615168795631
444.0000000000 2.614810788976
445.0000000000 2.614454506575
446.0000000000 2.614099940728
447.0000000000 2.613747083777
448.0000000000 2.613395928109
449.0000000000 2.613046466154
450.0000000000 2.612698690387
451.0000000000 2.612352593324
452.0000000000 2.612008167525
453.0000000000 2.611665405592
454.0000000000 2.611324300171
455.0000000000 2.610984843946
456.0000000000 2.610647029645
457.0000000000 2.610310850037
458.0000000000 2.609976297930
459.0000000000 2.609643366175
460.0000000000 2.609312047660
461.0000000000 2.608982335315
462.0000000000 2.608654222109
463.0000000000 2.608327701050
464.0000000000 2.608002765184
465.0000000000 2.607679407597
466.0000000000 2.607357621413
467.0000000000 2.607037399792
468.0000000000 2.606718735934
469.0000000000 2.606401623075
470.0000000000 2.606086054488
471.0000000000 2.605772023484
472.0000000000 2.605459523409
473.0000000000 2.605148547645
474.0000000000 2.604839089613
475.0000000000 2.604531142764
476.0000000000 2.604224700590
477.0000000000 2.603919756616
478.0000000000 2.603616304399
479.0000000000 2.603314337535
480.0000000000 2.603013849652
481.0000000000 2.602714834411
482.0000000000 2.602417285510
483.0000000000 2.602121196677
484.0000000000 2.601826561675
485.0000000000 2.601533374300
486.0000000000 2.601241628381
487.0000000000 2.600951317779
488.0000000000 2.600662436386
489.0000000000 2.600374978128
490.0000000000 2.600088936962
491.0000000000 2.599804306876
492.0000000000 2.599521081890
493.0000000000 2.599239256056
494.0000000000 2.598958823454
495.0000000000 2.598679778197
496.0000000000 2.598402114427
497.0000000000 2.598125826318
498.0000000000 2.597850908071
499.0000000000 2.597577353920
500.0000000000 2.597305158126
501.0000000000 2.597034314980
502.0000000000 2.596764818803
503.0000000000 2.596496663943
504.0000000000 2.596229844778
505.0000000000 2.595964355713
506.0000000000 2.595700191184
507.0000000000 2.595437345652
508.0000000000 2.595175813607
509.0000000000 2.594915589567
510.0000000000 2.594656668077
511.0000000000 2.594399043708
512.0000000000 2.594142711061
513.0000000000 2.593887664761
514.0000000000 2.593633899460
515.0000000000 2.593381409837
516.0000000000 2.593130190598
517.0000000000 2.592880236474
518.0000000000 2.592631542222
519.0000000000 2.592384102624
520.0000000000 2.592137912490
521.0000000000 2.591892966651
522.0000000000 2.591649259968
523.0000000000 2.591406787323
524.0000000000 2.591165543625
525.0000000000 2.590925523806
526.0000000000 2.590686722825
527.0000000000 2.590449135663
528.0000000000 2.590212757325
529.0000000000 2.589977582840
530.0000000000 2.589743607263
531.0000000000 2.589510825670
532.0000000000 2.589279233161
533.0000000000 2.589048824860
534.0000000000 2.588819595913
535.0000000000 2.588591541490
536.0000000000 2.588364656783
537.0000000000 2.588138937007
538.0000000000 2.587914377399
539.0000000000 2.587690973219
540.0000000000 2.587468719748
541.0000000000 2.587247612290
542.0000000000 2.587027646170
543.0000000000 2.586808816737
544.0000000000 2.586591119358
545.0000000000 2.586374549423
546.0000000000 2.586159102344
547.0000000000 2.585944773553
548.0000000000 2.585731558503
549.0000000000 2.585519452669
550.0000000000 2.585308451546
551.0000000000 2.585098550648
552.0000000000 2.584889745511
553.0000000000 2.584682031692
554.0000000000 2.584475404766
555.0000000000 2.584269860329
556.0000000000 2.584065393997
557.0000000000 2.583862001405
558.0000000000 2.583659678209
559.0000000000 2.583458420083
560.0000000000 2.583258222720
561.0000000000 2.583059081834
562.0000000000 2.582860993157
563.0000000000 2.582663952440
564.0000000000 2.582467955451
565.0000000000 2.582272997981
566.0000000000 2.582079075834
567.0000000000 2.581886184837
568.0000000000 2.581694320834
569.0000000000 2.581503479685
570.0000000000 2.581313657272
571.0000000000 2.581124849490
572.0000000000 2.580937052257
573.0000000000 2.580750261505
574.0000000000 2.580564473184
575.0000000000 2.580379683264
576.0000000000 2.580195887729
577.0000000000 2.580013082583
578.0000000000 2.579831263846
579.0000000000 2.579650427553
580.0000000000 2.579470569759
581.0000000000 2.579291686535
582.0000000000 2.579113773968
583.0000000000 2.578936828161
584.0000000000 2.578760845235
585.0000000000 2.578585821326
586.0000000000 2.578411752588
587.0000000000 2.578238635188
588.0000000000 2.578066465312
589.0000000000 2.577895239161
590.0000000000 2.577724952952
591.0000000000 2.577555602916
592.0000000000 2.577387185303
593.0000000000 2.577219696374
594.0000000000 2.577053132410
595.0000000000 2.576887489705
596.0000000000 2.576722764567
597.0000000000 2.576558953322
598.0000000000 2.576396052309
599.0000000000 2.576234057883
600.0000000000 2.576072966412
601.0000000000 2.575912774281
602.0000000000 2.575753477889
603.0000000000 2.575595073648
604.0000000000 2.575437557986
605.0000000000 2.575280927346
606.0000000000 2.575125178183
607.0000000000 2.574970306968
608.0000000000 2.574816310185
609.0000000000 2.574663184333
610.0000000000 2.574510925924
611.0000000000 2.574359531485
612.0000000000 2.574208997554
613.0000000000 2.574059320687
614.0000000000 2.573910497449
615.0000000000 2.573762524421
616.0000000000 2.573615398198
617.0000000000 2.573469115385
618.0000000000 2.573323672605
619.0000000000 2.573179066490
620.0000000000 2.573035293686
621.0000000000 2.572892350854
622.0000000000 2.572750234666
623.0000000000 2.572608941806
624.0000000000 2.572468468973
625.0000000000 2.572328812877
626.0000000000 2.572189970242
627.0000000000 2.572051937802
628.0000000000 2.571914712305
629.0000000000 2.571778290513
630.0000000000 2.571642669197
631.0000000000 2.571507845142
632.0000000000 2.571373815144
633.0000000000 2.571240576013
634.0000000000 2.571108124568
635.0000000000 2.570976457644
636.0000000000 2.570845572082
637.0000000000 2.570715464741
638.0000000000 2.570586132487
639.0000000000 2.570457572199
640.0000000000 2.570329780768
641.0000000000 2.570202755097
642.0000000000 2.570076492098
643.0000000000 2.569950988696
644.0000000000 2.569826241828
645.0000000000 2.569702248440
646.0000000000 2.569579005490
647.0000000000 2.569456509947
648.0000000000 2.569334758792
649.0000000000 2.569213749014
650.0000000000 2.569093477617
651.0000000000 2.568973941611
652.0000000000 2.568855138021
653.0000000000 2.568737063880
654.0000000000 2.568619716231
655.0000000000 2.568503092130
656.0000000000 2.568387188641
657.0000000000 2.568272002839
658.0000000000 2.568157531811
659.0000000000 2.568043772652
660.0000000000 2.567930722467
661.0000000000 2.567818378373
662.0000000000 2.567706737496
663.0000000000 2.567595796971
664.0000000000 2.567485553944
665.0000000000 2.567376005570
666.0000000000 2.567267149016
667.0000000000 2.567158981456
668.0000000000 2.567051500075
669.0000000000 2.566944702066
670.0000000000 2.566838584634
671.0000000000 2.566733144992
672.0000000000 2.566628380362
673.0000000000 2.566524287976
674.0000000000 2.566420865076
675.0000000000 2.566318108912
676.0000000000 2.566216016743
677.0000000000 2.566114585838
678.0000000000 2.566013813475
679.0000000000 2.565913696941
680.0000000000 2.565814233530
681.0000000000 2.565715420549
682.0000000000 2.565617255309
683.0000000000 2.565519735133
684.0000000000 2.565422857352
685.0000000000 2.565326619306
686.0000000000 2.565231018341
687.0000000000 2.565136051816
688.0000000000 2.565041717095
689.0000000000 2.564948011551
690.0000000000 2.564854932567
691.0000000000 2.564762477533
692.0000000000 2.564670643847
693.0000000000 2.564579428915
694.0000000000 2.564488830154
695.0000000000 2.564398844986
696.0000000000 2.564309470842
697.0000000000 2.564220705161
698.0000000000 2.564132545390
699.0000000000 2.564044988984
700.0000000000 2.563958033407
701.0000000000 2.563871676129
702.0000000000 2.563785914628
703.0000000000 2.563700746390
704.0000000000 2.563616168910
705.0000000000 2.563532179688
706.0000000000 2.563448776234
707.0000000000 2.563365956065
708.0000000000 2.563283716704
709.0000000000 2.563202055682
710.0000000000 2.563120970539
711.0000000000 2.563040458821
712.0000000000 2.562960518081
713.0000000000 2.562881145880
714.0000000000 2.562802339785
715.0000000000 2.562724097372
716.0000000000 2.562646416222
717.0000000000 2.562569293924
718.0000000000 2.562492728076
719.0000000000 2.562416716279
720.0000000000 2.562341256144
721.0000000000 2.562266345287
722.0000000000 2.562191981333
723.0000000000 2.562118161911
724.0000000000 2.562044884658
725.0000000000 2.561972147219
726.0000000000 2.561899947244
727.0000000000 2.561828282390
728.0000000000 2.561757150320
729.0000000000 2.561686548704
730.0000000000 2.561616475220
731.0000000000 2.561546927549
732.0000000000 2.561477903381
733.0000000000 2.561409400413
734.0000000000 2.561341416345
735.0000000000 2.561273948886
736.0000000000 2.561206995751
737.0000000000 2.561140554659
738.0000000000 2.561074623338
739.0000000000 2.561009199520
740.0000000000 2.560944280944
741.0000000000 2.560879865355
742.0000000000 2.560815950503
743.0000000000 2.560752534145
744.0000000000 2.560689614044
745.0000000000 2.560627187967
746.0000000000 2.560565253689
747.0000000000 2.560503808990
748.0000000000 2.560442851655
749.0000000000 2.560382379475
750.0000000000 2.560322390247
751.0000000000 2.560262881774
752.0000000000 2.560203851863
753.0000000000 2.560145298328
754.0000000000 2.560087218987
755.0000000000 2.560029611666
756.0000000000 2.559972474193
757.0000000000 2.559915804404
758.0000000000 2.559859600138
759.0000000000 2.559803859242
760.0000000000 2.559748579567
761.0000000000 2.559693758968
762.0000000000 2.559639395306
763.0000000000 2.559585486448
764.0000000000 2.559532030266
765.0000000000 2.559479024634
766.0000000000 2.559426467436
767.0000000000 2.559374356556
768.0000000000 2.559322689887
769.0000000000 2.559271465324
770.0000000000 2.559220680768
771.0000000000 2.559170334126
772.0000000000 2.559120423306
773.0000000000 2.559070946226
774.0000000000 2.559021900804
775.0000000000 2.558973284966
776.0000000000 2.558925096640
777.0000000000 2.558877333760
778.0000000000 2.558829994265
779.0000000000 2.558783076097
780.0000000000 2.558736577203
781.0000000000 2.558690495536
782.0000000000 2.558644829051
783.0000000000 2.558599575708
784.0000000000 2.558554733474
785.0000000000 2.558510300316
786.0000000000 2.558466274208
787.0000000000 2.558422653127
788.0000000000 2.558379435055
789.0000000000 2.558336617978
790.0000000000 2.558294199886
791.0000000000 2.558252178773
792.0000000000 2.558210552637
793.0000000000 2.558169319479
794.0000000000 2.558128477306
795.0000000000 2.558088024127
796.0000000000 2.558047957957
797.0000000000 2.558008276813
798.0000000000 2.557968978716
799.0000000000 2.557930061692
800.0000000000 2.557891523769
801.0000000000 2.557853362980
802.0000000000 2.557815577361
803.0000000000 2.557778164953
804.0000000000 2.557741123799
805.0000000000 2.557704451945
806.0000000000 2.557668147442
807.0000000000 2.557632208346
808.0000000000 2.557596632712
809.0000000000 2.557561418602
810.0000000000 2.557526564081
811.0000000000 2.557492067216
812.0000000000 2.557457926077
813.0000000000 2.557424138740
814.0000000000 2.557390703282
815.0000000000 2.557357617784
816.0000000000 2.557324880328
817.0000000000 2.557292489003
818.0000000000 2.557260441899
819.0000000000 2.557228737108
820.0000000000 2.557197372727
821.0000000000 2.557166346855
822.0000000000 2.557135657593
823.0000000000 2.557105303048
824.0000000000 2.557075281328
825.0000000000 2.557045590541
826.0000000000 2.557016228804
827.0000000000 2.556987194230
828.0000000000 2.556958484941
829.0000000000 2.556930099057
830.0000000000 2.556902034703
831.0000000000 2.556874290006
832.0000000000 2.556846863096
833.0000000000 2.556819752104
834.0000000000 2.556792955166
835.0000000000 2.556766470419
836.0000000000 2.556740296003
837.0000000000 2.556714430058
838.0000000000 2.556688870731
839.0000000000 2.556663616168
840.0000000000 2.556638664517
841.0000000000 2.556614013930
842.0000000000 2.556589662561
843.0000000000 2.556565608565
844.0000000000 2.556541850101
845.0000000000 2.556518385328
846.0000000000 2.556495212408
847.0000000000 2.556472329505
848.0000000000 2.556449734786
849.0000000000 2.556427426419
850.0000000000 2.556405402573
851.0000000000 2.556383661421
852.0000000000 2.556362201135
853.0000000000 2.556341019893
854.0000000000 2.556320115871
855.0000000000 2.556299487247
856.0000000000 2.556279132204
857.0000000000 2.556259048923
858.0000000000 2.556239235587
859.0000000000 2.556219690384
860.0000000000 2.556200411500
861.0000000000 2.556181397123
862.0000000000 2.556162645443
863.0000000000 2.556144154653
864.0000000000 2.556125922944
865.0000000000 2.556107948512
866.0000000000 2.556090229551
867.0000000000 2.556072764259
868.0000000000 2.556055550833
869.0000000000 2.556038587472
870.0000000000 2.556021872377
871.0000000000 2.556005403749
872.0000000000 2.555989179791
873.0000000000 2.555973198705
874.0000000000 2.555957458697
875.0000000000 2.555941957972
876.0000000000 2.555926694735
877.0000000000 2.555911667194
878.0000000000 2.555896873557
879.0000000000 2.555882312032
880.0000000000 2.555867980828
881.0000000000 2.555853878156
882.0000000000 2.555840002225
883.0000000000 2.555826351248
884.0000000000 2.555812923435
885.0000000000 2.555799716999
886.0000000000 2.555786730152
887.0000000000 2.555773961108
888.0000000000 2.555761408079
889.0000000000 2.555749069279
890.0000000000 2.555736942922
891.0000000000 2.555725027222
892.0000000000 2.555713320393
893.0000000000 2.555701820650
894.0000000000 2.555690526206
895.0000000000 2.555679435276
896.0000000000 2.555668546075
897.0000000000 2.555657856816
898.0000000000 2.555647365714
899.0000000000 2.555637070983
900.0000000000 2.555626970835
901.0000000000 2.555617063485
902.0000000000 2.555607347146
903.0000000000 2.555597820029
904.0000000000 2.555588480348
905.0000000000 2.555579326313
906.0000000000 2.555570356136
907.0000000000 2.555561568027
908.0000000000 2.555552960196
909.0000000000 2.555544530851
910.0000000000 2.555536278202
911.0000000000 2.555528200456
912.0000000000 2.555520295818
913.0000000000 2.555512562495
914.0000000000 2.555504998691
915.0000000000 2.555497602609
916.0000000000 2.555490372452
917.0000000000 2.555483306420
918.0000000000 2.555476402714
919.0000000000 2.555469659532
920.0000000000 2.555463075071
921.0000000000 2.555456647527
922.0000000000 2.555450375094
923.0000000000 2.555444255964
924.0000000000 2.555438288328
925.0000000000 2.555432470376
926.0000000000 2.555426800295
927.0000000000 2.555421276270
928.0000000000 2.555415896486
929.0000000000 2.555410659123
930.0000000000 2.555405562361
931.0000000000 2.555400604378
932.0000000000 2.555395783349
933.0000000000 2.555391097446
934.0000000000 2.555386544841
935.0000000000 2.555382123702
936.0000000000 2.555377832194
937.0000000000 2.555373668480
938.0000000000 2.555369630721
939.0000000000 2.555365717074
940.0000000000 2.555361925693
941.0000000000 2.555358254732
942.0000000000 2.555354702339
943.0000000000 2.555351266659
944.0000000000 2.555347945835
945.0000000000 2.555344738006
946.0000000000 2.555341641309
947.0000000000 2.555338653876
948.0000000000 2.555335773835
949.0000000000 2.555332999313
950.0000000000 2.555330328431
951.0000000000 2.555327759307
952.0000000000 2.555325290055
953.0000000000 2.555322918784
954.0000000000 2.555320643600
955.0000000000 2.555318462605
956.0000000000 2.555316373897
957.0000000000 2.555314375567
958.0000000000 2.555312465704
959.0000000000 2.555310642391
960.0000000000 2.555308903708
961.0000000000 2.555307247728
962.0000000000 2.555305672520
963.0000000000 2.555304176148
964.0000000000 2.555302756670
965.0000000000 2.555301412140
966.0000000000 2.555300140605
967.0000000000 2.555298940107
968.0000000000 2.555297808682
969.0000000000 2.555296744360
970.0000000000 2.555295745167
971.0000000000 2.555294809120
972.0000000000 2.555293934231
973.0000000000 2.555293118505
974.0000000000 2.555292359942
975.0000000000 2.555291656533
976.0000000000 2.555291006263
977.0000000000 2.555290407111
978.0000000000 2.555289857047
979.0000000000 2.555289354035
980.0000000000 2.555288896031
981.0000000000 2.555288480983
982.0000000000 2.555288106832
983.0000000000 2.555287771509
984.0000000000 2.555287472939
985.0000000000 2.555287209036
986.0000000000 2.555286977710
987.0000000000 2.555286776856
988.0000000000 2.555286604364
989.0000000000 2.555286458115
990.0000000000 2.555286335978
991.0000000000 2.555286235815
992.0000000000 2.555286155476
993.0000000000 2.555286092802
994.0000000000 2.555286045623
995.0000000000 2.555286011759
996.0000000000 2.555285989020
997.0000000000 2.555285975204
998.0000000000 2.555285968096
999.0000000000 2.555285965473
1000.0000000000 2.555285965098
1001.0000000000 2.555285965098
1002.0000000000 2.555285965098
1003.0000000000 2.555285965098
1004.0000000000 2.555285965098
1005.0000000000 2.555285965098
1006.0000000000 2.555285965098
1007.0000000000 2.555285965098
1008.0000000000 2.555285965098
1009.0000000000 2.555285965098
1010.0000000000 2.555285965098
1011.0000000000 2.555285965098
1012.0000000000 2.555285965098
1013.0000000000 2.555285965098
1014.0000000000 2.555285965098
1015.0000000000 2.555285965098
1016.0000000000 2.555285965098
1017.0000000000 2.555285965098
1018.0000000000 2.555285965098
1019.0000000000 2.555285965098
1020.0000000000 2.555285965098
1021.0000000000 2.555285965098
1022.0000000000 2.555285965098
1023.0000000000 2.555285965098
1024.0000000000 2.555285965098
1025.0000000000 2.555285965098
1026.0000000000 2.555285965098
1027.0000000000 2.555285965098
1028.0000000000 2.555285965098
1029.0000000000 2.555285965098
1030.0000000000 2.555285965098
1031.0000000000 2.555285965098
1032.0000000000 2.555285965098
1033.0000000000 2.555285965098
1034.0000000000 2.555285965098
1035.0000000000 2.555285965098
1036.0000000000 2.555285965098
1037.0000000000 2.555285965098
1038.0000000000 2.555285965098
1039.0000000000 2.555285965098
1040.0000000000 2.555285965098
1041.0000000000 2.555285965098
1042.0000000000 2.555285965098
1043.0000000000 2.555285965098
1044.0000000000 2.555285965098
1045.0000000000 2.555285965098
1046.0000000000 2.555285965098
1047.0000000000 2.555285965098
1048.0000000000 2.555285965098
1049.0000000000 2.555285965098
1050.0000000000 2.555285965098
1051.0000000000 2.555285965098
1052.0000000000 2.555285965098
1053.0000000000 2.555285965098
1054.0000000000 2.555285965098
1055.0000000000 2.555285965098
1056.0000000000 2.555285965098
1057.0000000000 2.555285965098
1058.0000000000 2.555285965098
1059.0000000000 2.555285965098
1060.0000000000 2.555285965098
1061.0000000000 2.555285965098
1062.0000000000 2.555285965098
1063.0000000000 2.555285965098
1064.0000000000 2.555285965098
1065.0000000000 2.555285965098
1066.0000000000 2.555285965098
1067.0000000000 2.555285965098
1068.0000000000 2.555285965098
1069.0000000000 2.555285965098
1070.0000000000 2.555285965098
1071.0000000000 2.555285965098
1072.0000000000 2.555285965098
1073.0000000000 2.555285965098
1074.0000000000 2.555285965098
1075.0000000000 2.555285965098
1076.0000000000 2.555285965098
1077.0000000000 2.555285965098
1078.0000000000 2.555285965098
1079.0000000000 2.555285965098
1080.0000000000 2.555285965098
1081.0000000000 2.555285965098
1082.0000000000 2.555285965098
1083.0000000000 2.555285965098
1084.0000000000 2.555285965098
1085.0000000000 2.555285965098
1086.0000000000 2.555285965098
1087.0000000000 2.555285965098
1088.0000000000 2.555285965098
1089.0000000000 2.555285965098
1090.0000000000 2.555285965098
1091.0000000000 2.555285965098
1092.0000000000 2.555285965098
1093.0000000000 2.555285965098
1094.0000000000 2.555285965098
1095.0000000000 2.555285965098
1096.0000000000 2.555285965098
1097.0000000000 2.555285965098
1098.0000000000 2.555285965098
1099.0000000000 2.555285965098
1100.0000000000 2.555285965098
1101.0000000000 2.555285965098
1102.0000000000 2.555285965098
1103.0000000000 2.555285965098
1104.0000000000 2.555285965098
1105.0000000000 2.555285965098
1106.0000000000 2.555285965098
1107.0000000000 2.555285965098
1108.0000000000 2.555285965098
1109.0000000000 2.555285965098
1110.0000000000 2.555285965098
1111.0000000000 2.555285965098
1112.0000000000 2.555285965098
1113.0000000000 2.555285965098
1114.0000000000 2.555285965098
1115.0000000000 2.555285965098
1116.0000000000 2.555285965098
1117.0000000000 2.555285965098
1118.0000000000 2.555285965098
1119.0000000000 2.555285965098
1120.0000000000 2.555285965098
1121.0000000000 2.555285965098
1122.0000000000 2.555285965098
1123.0000000000 2.555285965098
1124.0000000000 2.555285965098
1125.0000000000 2.555285965098
1126.0000000000 2.555285965098
1127.0000000000 2.555285965098
1128.0000000000 2.555285965098
1129.0000000000 2.555285965098
1130.0000000000 2.555285965098
1131.0000000000 2.555285965098
1132.0000000000 2.555285965098
1133.0000000000 2.555285965098
1134.0000000000 2.555285965098
1135.0000000000 2.555285965098
1136.0000000000 2.555285965098
1137.0000000000 2.555285965098
1138.0000000000 2.555285965098
1139.0000000000 2.555285965098
1140.0000000000 2.555285965098
1141.0000000000 2.555285965098
1142.0000000000 2.555285965098
1143.0000000000 2.555285965098
1144.0000000000 2.555285965098
1145.0000000000 2.555285965098
1146.0000000000 2.555285965098
1147.0000000000 2.555285965098
1148.0000000000 2.555285965098
1149.0000000000 2.555285965098
1150.0000000000 2.555285965098
1151.0000000000 2.555285965098
1152.0000000000 2.555285965098
1153.0000000000 2.555285965098
1154.0000000000 2.555285965098
1155.0000000000 2.555285965098
1156.0000000000 2.555285965098
1157.0000000000 2.555285965098
1158.0000000000 2.555285965098
1159.0000000000 2.555285965098
1160.0000000000 2.555285965098
1161.0000000000 2.555285965098
1162.0000000000 2.555285965098
1163.0000000000 2.555285965098
1164.0000000000 2.555285965098
1165.0000000000 2.555285965098
1166.0000000000 2.555285965098
1167.0000000000 2.555285965098
1168.0000000000 2.555285965098
1169.0000000000 2.555285965098
1170.0000000000 2.555285965098
1171.0000000000 2.555285965098
1172.0000000000 2.555285965098
1173.0000000000 2.555285965098
1174.0000000000 2.555285965098
1175.0000000000 2.555285965098
1176.0000000000 2.555285965098
1177.0000000000 2.555285965098
1178.0000000000 2.555285965098
1179.0000000000 2.555285965098
1180.0000000000 2.555285965098
1181.0000000000 2.555285965098
1182.0000000000 2.555285965098
1183.0000000000 2.555285965098
1184.0000000000 2.555285965098
1185.0000000000 2.555285965098
1186.0000000000 2.555285965098
1187.0000000000 2.555285965098
1188.0000000000 2.555285965098
1189.0000000000 2.555285965098
1190.0000000000 2.555285965098
1191.0000000000 2.555285965098
1192.0000000000 2.555285965098
1193.0000000000 2.555285965098
1194.0000000000 2.555285965098
1195.0000000000 2.555285965098
1196.0000000000 2.555285965098
1197.0000000000 2.555285965098
1198.0000000000 2.555285965098
1199.0000000000 2.555285965098
1200.0000000000 2.555285965098
1201.0000000000 2.555285965098
1202.0000000000 2.555285965098
1203.0000000000 2.555285965098
1204.0000000000 2.555285965098
1205.0000000000 2.555285965098
1206.0000000000 2.555285965098
1207.0000000000 2.555285965098
1208.0000000000 2.555285965098
1209.0000000000 2.555285965098
1210.0000000000 2.555285965098
1211.0000000000 2.555285965098
1212.0000000000 2.555285965098
1213.0000000000 2.555285965098
1214.0000000000 2.555285965098
1215.0000000000 2.555285965098
1216.0000000000 2.555285965098
1217.0000000000 2.555285965098
1218.0000000000 2.555285965098
1219.0000000000 2.555285965098
1220.0000000000 2.555285965098
1221.0000000000 2.555285965098
1222.0000000000 2.555285965098
1223.0000000000 2.555285965098
1224.0000000000 2.555285965098
1225.0000000000 2.555285965098
1226.0000000000 2.555285965098
1227.0000000000 2.555285965098
1228.0000000000 2.555285965098
1229.0000000000 2.555285965098
1230.0000000000 2.555285965098
1231.0000000000 2.555285965098
1232.0000000000 2.555285965098
1233.0000000000 2.555285965098
1234.0000000000 2.555285965098
1235.0000000000 2.555285965098
1236.0000000000 2.555285965098
1237.0000000000 2.555285965098
1238.0000000000 2.555285965098
1239.0000000000 2.555285965098
1240.0000000000 2.555285965098
1241.0000000000 2.555285965098
1242.0000000000 2.555285965098
1243.0000000000 2.555285965098
1244.0000000000 2.555285965098
1245.0000000000 2.555285965098
1246.0000000000 2.555285965098
1247.0000000000 2.555285965098
1248.0000000000 2.555285965098
1249.0000000000 2.555285965098
1250.0000000000 2.555285965098
1251.0000000000 2.555285965098
1252.0000000000 2.555285965098
1253.0000000000 2.555285965098
1254.0000000000 2.555285965098
1255.0000000000 2.555285965098
1256.0000000000 2.555285965098
1257.0000000000 2.555285965098
1258.0000000000 2.555285965098
1259.0000000000 2.555285965098
1260.0000000000 2.555285965098
1261.0000000000 2.555285965098
1262.0000000000 2.555285965098
1263.0000000000 2.555285965098
1264.0000000000 2.555285965098
1265.0000000000 2.555285965098
1266.0000000000 2.555285965098
1267.0000000000 2.555285965098
1268.0000000000 2.555285965098
1269.0000000000 2.555285965098
1270.0000000000 2.555285965098
1271.0000000000 2.555285965098
1272.0000000000 2.555285965098
1273.0000000000 2.555285965098
1274.0000000000 2.555285965098
1275.0000000000 2.555285965098
1276.0000000000 2.555285965098
1277.0000000000 2.555285965098
1278.0000000000 2.555285965098
1279.0000000000 2.555285965098
1280.0000000000 2.555285965098
1281.0000000000 2.555285965098
1282.0000000000 2.555285965098
1283.0000000000 2.555285965098
1284.0000000000 2.555285965098
1285.0000000000 2.555285965098
1286.0000000000 2.555285965098
1287.0000000000 2.555285965098
1288.0000000000 2.555285965098
1289.0000000000 2.555285965098
1290.0000000000 2.555285965098
1291.0000000000 2.555285965098
1292.0000000000 2.555285965098
1293.0000000000 2.555285965098
1294.0000000000 2.555285965098
1295.0000000000 2.555285965098
1296.0000000000 2.555285965098
1297.0000000000 2.555285965098
1298.0000000000 2.555285965098
1299.0000000000 2.555285965098
1300.0000000000 2.555285965098
1301.0000000000 2.555285965098
1302.0000000000 2.555285965098
1303.0000000000 2.555285965098
1304.0000000000 2.555285965098
1305.0000000000 2.555285965098
1306.0000000000 2.555285965098
1307.0000000000 2.555285965098
1308.0000000000 2.555285965098
1309.0000000000 2.555285965098
1310.0000000000 2.555285965098
1311.0000000000 2.555285965098
1312.0000000000 2.555285965098
1313.0000000000 2.555285965098
1314.0000000000 2.555285965098
1315.0000000000 2.555285965098
1316.0000000000 2.555285965098
1317.0000000000 2.555285965098
1318.0000000000 2.555285965098
1319.0000000000 2.555285965098
1320.0000000000 2.555285965098
1321.0000000000 2.555285965098
1322.0000000000 2.555285965098
1323.0000000000 2.555285965098
1324.0000000000 2.555285965098
1325.0000000000 2.555285965098
1326.0000000000 2.555285965098
1327.0000000000 2.555285965098
1328.0000000000 2.555285965098
1329.0000000000 2.555285965098
1330.0000000000 2.555285965098
1331.0000000000 2.555285965098
1332.0000000000 2.555285965098
1333.0000000000 2.555285965098
1334.0000000000 2.555285965098
1335.0000000000 2.555285965098
1336.0000000000 2.555285965098
1337.0000000000 2.555285965098
1338.0000000000 2.555285965098
1339.0000000000 2.555285965098
1340.0000000000 2.555285965098
1341.0000000000 2.555285965098
1342.0000000000 2.555285965098
1343.0000000000 2.555285965098
1344.0000000000 2.555285965098
1345.0000000000 2.555285965098
1346.0000000000 2.555285965098
1347.0000000000 2.555285965098
1348.0000000000 2.555285965098
1349.0000000000 2.555285965098
1350.0000000000 2.555285965098
1351.0000000000 2.555285965098
1352.0000000000 2.555285965098
1353.0000000000 2.555285965098
1354.0000000000 2.555285965098
1355.0000000000 2.555285965098
1356.0000000000 2.555285965098
1357.0000000000 2.555285965098
1358.0000000000 2.555285965098
1359.0000000000 2.555285965098
1360.0000000000 2.555285965098
1361.0000000000 2.555285965098
1362.0000000000 2.555285965098
1363.0000000000 2.555285965098
1364.0000000000 2.555285965098
1365.0000000000 2.555285965098
1366.0000000000 2.555285965098
1367.0000000000 2.555285965098
1368.0000000000 2.555285965098
1369.0000000000 2.555285965098
1370.0000000000 2.555285965098
1371.0000000000 2.555285965098
1372.0000000000 2.555285965098
1373.0000000000 2.555285965098
1374.0000000000 2.555285965098
1375.0000000000 2.555285965098
1376.0000000000 2.555285965098
1377.0000000000 2.555285965098
1378.0000000000 2.555285965098
1379.0000000000 2.555285965098
1380.0000000000 2.555285965098
1381.0000000000 2.555285965098
1382.0000000000 2.555285965098
1383.0000000000 2.555285965098
1384.0000000000 2.555285965098
1385.0000000000 2.555285965098
1386.0000000000 2.555285965098
1387.0000000000 2.555285965098
1388.0000000000 2.555285965098
1389.0000000000 2.555285965098
1390.0000000000 2.555285965098
1391.0000000000 2.555285965098
1392.0000000000 2.555285965098
1393.0000000000 2.555285965098
1394.0000000000 2.555285965098
1395.0000000000 2.555285965098
1396.0000000000 2.555285965098
1397.0000000000 2.555285965098
1398.0000000000 2.555285965098
1399.0000000000 2.555285965098
1400.0000000000 2.555285965098
1401.0000000000 2.555285965098
1402.0000000000 2.555285965098
1403.0000000000 2.555285965098
1404.0000000000 2.555285965098
1405.0000000000 2.555285965098
1406.0000000000 2.555285965098
1407.0000000000 2.555285965098
1408.0000000000 2.555285965098
1409.0000000000 2.555285965098
1410.0000000000 2.555285965098
1411.0000000000 2.555285965098
1412.0000000000 2.555285965098
1413.0000000000 2.555285965098
1414.0000000000 2.555285965098
1415.0000000000 2.555285965098
1416.0000000000 2.555285965098
1417.0000000000 2.555285965098
1418.0000000000 2.555285965098
1419.0000000000 2.555285965098
1420.0000000000 2.555285965098
1421.0000000000 2.555285965098
1422.0000000000 2.555285965098
1423.0000000000 2.555285965098
1424.0000000000 2.555285965098
1425.0000000000 2.555285965098
1426.0000000000 2.555285965098
1427.0000000000 2.555285965098
1428.0000000000 2.555285965098
1429.0000000000 2.555285965098
1430.0000000000 2.555285965098
1431.0000000000 2.555285965098
1432.0000000000 2.555285965098
1433.0000000000 2.555285965098
1434.0000000000 2.555285965098
1435.0000000000 2.555285965098
1436.0000000000 2.555285965098
1437.0000000000 2.555285965098
1438.0000000000 2.555285965098
1439.0000000000 2.555285965098
1440.0000000000 2.555285965098
1441.0000000000 2.555285965098
1442.0000000000 2.555285965098
1443.0000000000 2.555285965098
1444.0000000000 2.555285965098
1445.0000000000 2.555285965098
1446.0000000000 2.555285965098
1447.0000000000 2.555285965098
1448.0000000000 2.555285965098
1449.0000000000 2.555285965098
1450.0000000000 2.555285965098
1451.0000000000 2.555285965098
1452.0000000000 2.555285965098
1453.0000000000 2.555285965098
1454.0000000000 2.555285965098
1455.0000000000 2.555285965098
1456.0000000000 2.555285965098
1457.0000000000 2.555285965098
1458.0000000000 2.555285965098
1459.0000000000 2.555285965098
1460.0000000000 2.555285965098
1461.0000000000 2.555285965098
1462.0000000000 2.555285965098
1463.0000000000 2.555285965098
1464.0000000000 2.555285965098
1465.0000000000 2.555285965098
1466.0000000000 2.555285965098
1467.0000000000 2.555285965098
1468.0000000000 2.555285965098
1469.0000000000 2.555285965098
1470.0000000000 2.555285965098
1471.0000000000 2.555285965098
1472.0000000000 2.555285965098
1473.0000000000 2.555285965098
1474.0000000000 2.555285965098
1475.0000000000 2.555285965098
1476.0000000000 2.555285965098
1477.0000000000 2.555285965098
1478.0000000000 2.555285965098
1479.0000000000 2.555285965098
1480.0000000000 2.555285965098
1481.0000000000 2.555285965098
1482.0000000000 2.555285965098
1483.0000000000 2.555285965098
1484.0000000000 2.555285965098
1485.0000000000 2.555285965098
1486.0000000000 2.555285965098
1487.0000000000 2.555285965098
1488.0000000000 2.555285965098
1489.0000000000 2.555285965098
1490.0000000000 2.555285965098
1491.0000000000 2.555285965098
1492.0000000000 2.555285965098
1493.0000000000 2.555285965098
1494.0000000000 2.555285965098
1495.0000000000 2.555285965098
1496.0000000000 2.555285965098
1497.0000000000 2.555285965098
1498.0000000000 2.555285965098
1499.0000000000 2.555285965098
1500.0000000000 2.555285965098
1501.0000000000 2.555285965098
1502.0000000000 2.555285965098
1503.0000000000 2.555285965098
1504.0000000000 2.555285965098
1505.0000000000 2.555285965098
1506.0000000000 2.555285965098
1507.0000000000 2.555285965098
1508.0000000000 2.555285965098
1509.0000000000 2.555285965098
1510.0000000000 2.555285965098
1511.0000000000 2.555285965098
1512.0000000000 2.555285965098
1513.0000000000 2.555285965098
1514.0000000000 2.555285965098
1515.0000000000 2.555285965098
1516.0000000000 2.555285965098
1517.0000000000 2.555285965098
1518.0000000000 2.555285965098
1519.0000000000 2.555285965098
1520.0000000000 2.555285965098
1521.0000000000 2.555285965098
1522.0000000000 2.555285965098
1523.0000000000 2.555285965098
1524.0000000000 2.555285965098
1525.0000000000 2.555285965098
1526.0000000000 2.555285965098
1527.0000000000 2.555285965098
1528.0000000000 2.555285965098
1529.0000000000 2.555285965098
1530.0000000000 2.555285965098
1531.0000000000 2.555285965098
1532.0000000000 2.555285965098
1533.0000000000 2.555285965098
1534.0000000000 2.555285965098
1535.0000000000 2.555285965098
1536.0000000000 2.555285965098
1537.0000000000 2.555285965098
1538.0000000000 2.555285965098
1539.0000000000 2.555285965098
1540.0000000000 2.555285965098
1541.0000000000 2.555285965098
1542.0000000000 2.555285965098
1543.0000000000 2.555285965098
1544.0000000000 2.555285965098
1545.0000000000 2.555285965098
1546.0000000000 2.555285965098
1547.0000000000 2.555285965098
1548.0000000000 2.555285965098
1549.0000000000 2.555285965098
1550.0000000000 2.555285965098
1551.0000000000 2.555285965098
1552.0000000000 2.555285965098
1553.0000000000 2.555285965098
1554.0000000000 2.555285965098
1555.0000000000 2.555285965098
1556.0000000000 2.555285965098
1557.0000000000 2.555285965098
1558.0000000000 2.555285965098
1559.0000000000 2.555285965098
1560.0000000000 2.555285965098
1561.0000000000 2.555285965098
1562.0000000000 2.555285965098
1563.0000000000 2.555285965098
1564.0000000000 2.555285965098
1565.0000000000 2.555285965098
1566.0000000000 2.555285965098
1567.0000000000 2.555285965098
1568.0000000000 2.555285965098
1569.0000000000 2.555285965098
1570.0000000000 2.555285965098
1571.0000000000 2.555285965098
1572.0000000000 2.555285965098
1573.0000000000 2.555285965098
1574.0000000000 2.555285965098
1575.0000000000 2.555285965098
1576.0000000000 2.555285965098
1577.0000000000 2.555285965098
1578.0000000000 2.555285965098
1579.0000000000 2.555285965098
1580.0000000000 2.555285965098
1581.0000000000 2.555285965098
1582.0000000000 2.555285965098
1583.0000000000 2.555285965098
1584.0000000000 2.555285965098
1585.0000000000 2.555285965098
1586.0000000000 2.555285965098
1587.0000000000 2.555285965098
1588.0000000000 2.555285965098
1589.0000000000 2.555285965098
1590.0000000000 2.555285965098
1591.0000000000 2.555285965098
1592.0000000000 2.555285965098
1593.0000000000 2.555285965098
1594.0000000000 2.555285965098
1595.0000000000 2.555285965098
1596.0000000000 2.555285965098
1597.0000000000 2.555285965098
1598.0000000000 2.555285965098
1599.0000000000 2.555285965098
1600.0000000000 2.555285965098
1601.0000000000 2.555285965098
1602.0000000000 2.555285965098
1603.0000000000 2.555285965098
1604.0000000000 2.555285965098
1605.0000000000 2.555285965098
1606.0000000000 2.555285965098
1607.0000000000 2.555285965098
1608.0000000000 2.555285965098
1609.0000000000 2.555285965098
1610.0000000000 2.555285965098
1611.0000000000 2.555285965098
1612.0000000000 2.555285965098
1613.0000000000 2.555285965098
1614.0000000000 2.555285965098
1615.0000000000 2.555285965098
1616.0000000000 2.555285965098
1617.0000000000 2.555285965098
1618.0000000000 2.555285965098
1619.0000000000 2.555285965098
1620.0000000000 2.555285965098
1621.0000000000 2.555285965098
1622.0000000000 2.555285965098
1623.0000000000 2.555285965098
1624.0000000000 2.555285965098
1625.0000000000 2.555285965098
1626.0000000000 2.555285965098
1627.0000000000 2.555285965098
1628.0000000000 2.555285965098
1629.0000000000 2.555285965098
1630.0000000000 2.555285965098
1631.0000000000 2.555285965098
1632.0000000000 2.555285965098
1633.0000000000 2.555285965098
1634.0000000000 2.555285965098
1635.0000000000 2.555285965098
1636.0000000000 2.555285965098
1637.0000000000 2.555285965098
1638.0000000000 2.555285965098
1639.0000000000 2.555285965098
1640.0000000000 2.555285965098
1641.0000000000 2.555285965098
1642.0000000000 2.555285965098
1643.0000000000 2.555285965098
1644.0000000000 2.555285965098
1645.0000000000 2.555285965098
1646.0000000000 2.555285965098
1647.0000000000 2.555285965098
1648.0000000000 2.555285965098
1649.0000000000 2.555285965098
1650.0000000000 2.555285965098
1651.0000000000 2.555285965098
1652.0000000000 2.555285965098
1653.0000000000 2.555285965098
1654.0000000000 2.555285965098
1655.0000000000 2.555285965098
1656.0000000000 2.555285965098
1657.0000000000 2.555285965098
1658.0000000000 2.555285965098
1659.0000000000 2.555285965098
1660.0000000000 2.555285965098
1661.0000000000 2.555285965098
1662.0000000000 2.555285965098
1663.0000000000 2.555285965098
1664.0000000000 2.555285965098
1665.0000000000 2.555285965098
1666.0000000000 2.555285965098
1667.0000000000 2.555285965098
1668.0000000000 2.555285965098
1669.0000000000 2.555285965098
1670.0000000000 2.555285965098
1671.0000000000 2.555285965098
1672.0000000000 2.555285965098
1673.0000000000 2.555285965098
1674.0000000000 2.555285965098
1675.0000000000 2.555285965098
1676.0000000000 2.555285965098
1677.0000000000 2.555285965098
1678.0000000000 2.555285965098
1679.0000000000 2.555285965098
1680.0000000000 2.555285965098
1681.0000000000 2.555285965098
1682.0000000000 2.555285965098
1683.0000000000 2.555285965098
1684.0000000000 2.555285965098
1685.0000000000 2.555285965098
1686.0000000000 2.555285965098
1687.0000000000 2.555285965098
1688.0000000000 2.555285965098
1689.0000000000 2.555285965098
1690.0000000000 2.555285965098
1691.0000000000 2.555285965098
1692.0000000000 2.555285965098
1693.0000000000 2.555285965098
1694.0000000000 2.555285965098
1695.0000000000 2.555285965098
1696.0000000000 2.555285965098
1697.0000000000 2.555285965098
1698.0000000000 2.555285965098
1699.0000000000 2.555285965098
1700.0000000000 2.555285965098
1701.0000000000 2.555285965098
1702.0000000000 2.555285965098
1703.0000000000 2.555285965098
1704.0000000000 2.555285965098
1705.0000000000 2.555285965098
1706.0000000000 2.555285965098
1707.0000000000 2.555285965098
1708.0000000000 2.555285965098
1709.0000000000 2.555285965098
1710.0000000000 2.555285965098
1711.0000000000 2.555285965098
1712.0000000000 2.555285965098
1713.0000000000 2.555285965098
1714.0000000000 2.555285965098
1715.0000000000 2.555285965098
1716.0000000000 2.555285965098
1717.0000000000 2.555285965098
1718.0000000000 2.555285965098
1719.0000000000 2.555285965098
1720.0000000000 2.555285965098
1721.0000000000 2.555285965098
1722.0000000000 2.555285965098
1723.0000000000 2.555285965098
1724.0000000000 2.555285965098
1725.0000000000 2.555285965098
1726.0000000000 2.555285965098
1727.0000000000 2.555285965098
1728.0000000000 2.555285965098
1729.0000000000 2.555285965098
1730.0000000000 2.555285965098
1731.0000000000 2.555285965098
1732.0000000000 2.555285965098
1733.0000000000 2.555285965098
1734.0000000000 2.555285965098
1735.0000000000 2.555285965098
1736.0000000000 2.555285965098
1737.0000000000 2.555285965098
1738.0000000000 2.555285965098
1739.0000000000 2.555285965098
1740.0000000000 2.555285965098
1741.0000000000 2.555285965098
1742.0000000000 2.555285965098
1743.0000000000 2.555285965098
1744.0000000000 2.555285965098
1745.0000000000 2.555285965098
1746.0000000000 2.555285965098
1747.0000000000 2.555285965098
1748.0000000000 2.555285965098
1749.0000000000 2.555285965098
1750.0000000000 2.555285965098
1751.0000000000 2.555285965098
1752.0000000000 2.555285965098
1753.0000000000 2.555285965098
1754.0000000000 2.555285965098
1755.0000000000 2.555285965098
1756.0000000000 2.555285965098
1757.0000000000 2.555285965098
1758.0000000000 2.555285965098
1759.0000000000 2.555285965098
1760.0000000000 2.555285965098
1761.0000000000 2.555285965098
1762.0000000000 2.555285965098
1763.0000000000 2.555285965098
1764.0000000000 2.555285965098
1765.0000000000 2.555285965098
1766.0000000000 2.555285965098
1767.0000000000 2.555285965098
1768.0000000000 2.555285965098
1769.0000000000 2.555285965098
1770.0000000000 2.555285965098
1771.0000000000 2.555285965098
1772.0000000000 2.555285965098
1773.0000000000 2.555285965098
1774.0000000000 2.555285965098
1775.0000000000 2.555285965098
1776.0000000000 2.555285965098
1777.0000000000 2.555285965098
1778.0000000000 2.555285965098
1779.0000000000 2.555285965098
1780.0000000000 2.555285965098
1781.0000000000 2.555285965098
1782.0000000000 2.555285965098
1783.0000000000 2.555285965098
1784.0000000000 2.555285965098
1785.0000000000 2.555285965098
1786.0000000000 2.555285965098
1787.0000000000 2.555285965098
1788.0000000000 2.555285965098
1789.0000000000 2.555285965098
1790.0000000000 2.555285965098
1791.0000000000 2.555285965098
1792.0000000000 2.555285965098
1793.0000000000 2.555285965098
1794.0000000000 2.555285965098
1795.0000000000 2.555285965098
1796.0000000000 2.555285965098
1797.0000000000 2.555285965098
1798.0000000000 2.555285965098
1799.0000000000 2.555285965098
1800.0000000000 2.555285965098
1801.0000000000 2.555285965098
1802.0000000000 2.555285965098
1803.0000000000 2.555285965098
1804.0000000000 2.555285965098
1805.0000000000 2.555285965098
1806.0000000000 2.555285965098
1807.0000000000 2.555285965098
1808.0000000000 2.555285965098
1809.0000000000 2.555285965098
1810.0000000000 2.555285965098
1811.0000000000 2.555285965098
1812.0000000000 2.555285965098
1813.0000000000 2.555285965098
1814.0000000000 2.555285965098
1815.0000000000 2.555285965098
1816.0000000000 2.555285965098
1817.0000000000 2.555285965098
1818.0000000000 2.555285965098
1819.0000000000 2.555285965098
1820.0000000000 2.555285965098
1821.0000000000 2.555285965098
1822.0000000000 2.555285965098
1823.0000000000 2.555285965098
1824.0000000000 2.555285965098
1825.0000000000 2.555285965098
1826.0000000000 2.555285965098
1827.0000000000 2.555285965098
1828.0000000000 2.555285965098
1829.0000000000 2.555285965098
1830.0000000000 2.555285965098
1831.0000000000 2.555285965098
1832.0000000000 2.555285965098
1833.0000000000 2.555285965098
1834.0000000000 2.555285965098
1835.0000000000 2.555285965098
1836.0000000000 2.555285965098
1837.0000000000 2.555285965098
1838.0000000000 2.555285965098
1839.0000000000 2.555285965098
1840.0000000000 2.555285965098
1841.0000000000 2.555285965098
1842.0000000000 2.555285965098
1843.0000000000 2.555285965098
1844.0000000000 2.555285965098
1845.0000000000 2.555285965098
1846.0000000000 2.555285965098
1847.0000000000 2.555285965098
1848.0000000000 2.555285965098
1849.0000000000 2.555285965098
1850.0000000000 2.555285965098
1851.0000000000 2.555285965098
1852.0000000000 2.555285965098
1853.0000000000 2.555285965098
1854.0000000000 2.555285965098
1855.0000000000 2.555285965098
1856.0000000000 2.555285965098
1857.0000000000 2.555285965098
1858.0000000000 2.555285965098
1859.0000000000 2.555285965098
1860.0000000000 2.555285965098
1861.0000000000 2.555285965098
1862.0000000000 2.555285965098
1863.0000000000 2.555285965098
1864.0000000000 2.555285965098
1865.0000000000 2.555285965098
1866.0000000000 2.555285965098
1867.0000000000 2.555285965098
1868.0000000000 2.555285965098
1869.0000000000 2.555285965098
1870.0000000000 2.555285965098
1871.0000000000 2.555285965098
1872.0000000000 2.555285965098
1873.0000000000 2.555285965098
1874.0000000000 2.555285965098
1875.0000000000 2.555285965098
1876.0000000000 2.555285965098
1877.0000000000 2.555285965098
1878.0000000000 2.555285965098
1879.0000000000 2.555285965098
1880.0000000000 2.555285965098
1881.0000000000 2.555285965098
1882.0000000000 2.555285965098
1883.0000000000 2.555285965098
1884.0000000000 2.555285965098
1885.0000000000 2.555285965098
1886.0000000000 2.555285965098
1887.0000000000 2.555285965098
1888.0000000000 2.555285965098
1889.0000000000 2.555285965098
1890.0000000000 2.555285965098
1891.0000000000 2.555285965098
1892.0000000000 2.555285965098
1893.0000000000 2.555285965098
1894.0000000000 2.555285965098
1895.0000000000 2.555285965098
1896.0000000000 2.555285965098
1897.0000000000 2.555285965098
1898.0000000000 2.555285965098
1899.0000000000 2.555285965098
1900.0000000000 2.555285965098
1901.0000000000 2.555285965098
1902.0000000000 2.555285965098
1903.0000000000 2.555285965098
1904.0000000000 2.555285965098
1905.0000000000 2.555285965098
1906.0000000000 2.555285965098
1907.0000000000 2.555285965098
1908.0000000000 2.555285965098
1909.0000000000 2.555285965098
1910.0000000000 2.555285965098
1911.0000000000 2.555285965098
1912.0000000000 2.555285965098
1913.0000000000 2.555285965098
1914.0000000000 2.555285965098
1915.0000000000 2.555285965098
1916.0000000000 2.555285965098
1917.0000000000 2.555285965098
1918.0000000000 2.555285965098
1919.0000000000 2.555285965098
1920.0000000000 2.555285965098
1921.0000000000 2.555285965098
1922.0000000000 2.555285965098
1923.0000000000 2.555285965098
1924.0000000000 2.555285965098
1925.0000000000 2.555285965098
1926.0000000000 2.555285965098
1927.0000000000 2.555285965098
1928.0000000000 2.555285965098
1929.0000000000 2.555285965098
1930.0000000000 2.555285965098
1931.0000000000 2.555285965098
1932.0000000000 2.555285965098
1933.0000000000 2.555285965098
1934.0000000000 2.555285965098
1935.0000000000 2.555285965098
1936.0000000000 2.555285965098
1937.0000000000 2.555285965098
1938.0000000000 2.555285965098
1939.0000000000 2.555285965098
1940.0000000000 2.555285965098
1941.0000000000 2.555285965098
1942.0000000000 2.555285965098
1943.0000000000 2.555285965098
1944.0000000000 2.555285965098
1945.0000000000 2.555285965098
1946.0000000000 2.555285965098
1947.0000000000 2.555285965098
1948.0000000000 2.555285965098
1949.0000000000 2.555285965098
1950.0000000000 2.555285965098
1951.0000000000 2.555285965098
1952.0000000000 2.555285965098
1953.0000000000 2.555285965098
1954.0000000000 2.555285965098
1955.0000000000 2.555285965098
1956.0000000000 2.555285965098
1957.0000000000 2.555285965098
1958.0000000000 2.555285965098
1959.0000000000 2.555285965098
1960.0000000000 2.555285965098
1961.0000000000 2.555285965098
1962.0000000000 2.555285965098
1963.0000000000 2.555285965098
1964.0000000000 2.555285965098
1965.0000000000 2.555285965098
1966.0000000000 2.555285965098
1967.0000000000 2.555285965098
1968.0000000000 2.555285965098
1969.0000000000 2.555285965098
1970.0000000000 2.555285965098
1971.0000000000 2.555285965098
1972.0000000000 2.555285965098
1973.0000000000 2.555285965098
1974.0000000000 2.555285965098
1975.0000000000 2.555285965098
1976.0000000000 2.555285965098
1977.0000000000 2.555285965098
1978.0000000000 2.555285965098
1979.0000000000 2.555285965098
1980.0000000000 2.555285965098
1981.0000000000 2.555285965098
1982.0000000000 2.555285965098
1983.0000000000 2.555285965098
1984.0000000000 2.555285965098
1985.0000000000 2.555285965098
1986.0000000000 2.555285965098
1987.0000000000 2.555285965098
1988.0000000000 2.555285965098
1989.0000000000 2.555285965098
1990.0000000000 2.555285965098
1991.0000000000 2.555285965098
1992.0000000000 2.555285965098
1993.0000000000 2.555285965098
1994.0000000000 2.555285965098
1995.0000000000 2.555285965098
1996.0000000000 2.555285965098
1997.0000000000 2.555285965098
1998.0000000000 2.555285965098
1999.0000000000 2.555285965098
2000.0000000000 2.555285965098
