# N -> infinity result
# alpha 1.5
# Lmin 0.01
# Lmax 1000
# c 1
# tau 1
# V1 0.1
# V2 1
# <L> 3.16227766017
# dt_out 1
# dtheta 0.01
# t F_Ninfty
0.0000000000 3.645897955824
1.0000000000 3.587318668490
2.0000000000 3.552157318866
3.0000000000 3.524615087954
4.0000000000 3.501394480706
5.0000000000 3.481059429858
6.0000000000 3.462827147735
7.0000000000 3.446214622688
8.0000000000 3.430898874702
9.0000000000 3.416651310837
10.0000000000 3.403303126205
11.0000000000 3.390725484460
12.0000000000 3.378817421318
13.0000000000 3.367498082657
14.0000000000 3.356701537516
15.0000000000 3.346373193132
16.0000000000 3.336467245891
17.0000000000 3.326944824339
18.0000000000 3.317772607648
19.0000000000 3.308921778770
20.0000000000 3.300367218260
21.0000000000 3.292086874423
22.0000000000 3.284061264879
23.0000000000 3.276273077499
24.0000000000 3.268706847561
25.0000000000 3.261348694049
26.0000000000 3.254186102386
27.0000000000 3.247207743988
28.0000000000 3.240403325297
29.0000000000 3.233763460611
30.0000000000 3.227279564288
31.0000000000 3.220943758843
32.0000000000 3.214748796155
33.0000000000 3.208687989582
34.0000000000 3.202755155193
35.0000000000 3.196944560655
36.0000000000 3.191250880607
37.0000000000 3.185669157536
38.0000000000 3.180194767342
39.0000000000 3.174823388940
40.0000000000 3.169550977318
41.0000000000 3.164373739601
42.0000000000 3.159288113701
43.0000000000 3.154290749244
44.0000000000 3.149378490458
45.0000000000 3.144548360809
46.0000000000 3.139797549144
47.0000000000 3.135123397192
48.0000000000 3.130523388236
49.0000000000 3.125995136856
50.0000000000 3.121536379588
51.0000000000 3.117144966432
52.0000000000 3.112818853092
53.0000000000 3.108556093898
54.0000000000 3.104354835306
55.0000000000 3.100213309952
56.0000000000 3.096129831181
57.0000000000 3.092102788015
58.0000000000 3.088130640521
59.0000000000 3.084211915526
60.0000000000 3.080345202667
61.0000000000 3.076529150731
62.0000000000 3.072762464264
63.0000000000 3.069043900429
64.0000000000 3.065372266080
65.0000000000 3.061746415049
66.0000000000 3.058165245614
67.0000000000 3.054627698144
68.0000000000 3.051132752898
69.0000000000 3.047679427968
70.0000000000 3.044266777362
71.0000000000 3.040893889205
72.0000000000 3.037559884054
73.0000000000 3.034263913319
74.0000000000 3.031005157781
75.0000000000 3.027782826203
76.0000000000 3.024596154015
77.0000000000 3.021444402088
78.0000000000 3.018326855576
79.0000000000 3.015242822816
80.0000000000 3.012191634304
81.0000000000 3.009172641722
82.0000000000 3.006185217017
83.0000000000 3.003228751533
84.0000000000 3.000302655192
85.0000000000 2.997406355715
86.0000000000 2.994539297889
87.0000000000 2.991700942865
88.0000000000 2.988890767499
89.0000000000 2.986108263726
90.0000000000 2.983352937962
91.0000000000 2.980624310538
92.0000000000 2.977921915163
93.0000000000 2.975245298413
94.0000000000 2.972594019243
95.0000000000 2.969967648521
96.0000000000 2.967365768593
97.0000000000 2.964787972856
98.0000000000 2.962233865359
99.0000000000 2.959703060422
100.0000000000 2.957195182267
101.0000000000 2.954709864671
102.0000000000 2.952246750635
103.0000000000 2.949805492059
104.0000000000 2.947385749445
105.0000000000 2.944987191601
106.0000000000 2.942609495362
107.0000000000 2.940252345324
108.0000000000 2.937915433591
109.0000000000 2.935598459524
110.0000000000 2.933301129510
111.0000000000 2.931023156737
112.0000000000 2.928764260976
113.0000000000 2.926524168374
114.0000000000 2.924302611257
115.0000000000 2.922099327934
116.0000000000 2.919914062518
117.0000000000 2.917746564749
118.0000000000 2.915596589821
119.0000000000 2.913463898220
120.0000000000 2.911348255569
121.0000000000 2.909249432474
122.0000000000 2.907167204383
123.0000000000 2.905101351438
124.0000000000 2.903051658349
125.0000000000 2.901017914257
126.0000000000 2.898999912611
127.0000000000 2.896997451051
128.0000000000 2.895010331284
129.0000000000 2.893038358978
130.0000000000 2.891081343649
131.0000000000 2.889139098560
132.0000000000 2.887211440617
133.0000000000 2.885298190274
134.0000000000 2.883399171434
135.0000000000 2.881514211365
136.0000000000 2.879643140605
137.0000000000 2.877785792882
138.0000000000 2.875942005027
139.0000000000 2.874111616899
140.0000000000 2.872294471305
141.0000000000 2.870490413925
142.0000000000 2.868699293244
143.0000000000 2.866920960476
144.0000000000 2.865155269502
145.0000000000 2.863402076799
146.0000000000 2.861661241383
147.0000000000 2.859932624741
148.0000000000 2.858216090777
149.0000000000 2.856511505749
150.0000000000 2.854818738219
151.0000000000 2.853137658991
152.0000000000 2.851468141065
153.0000000000 2.849810059583
154.0000000000 2.848163291780
155.0000000000 2.846527716935
156.0000000000 2.844903216324
157.0000000000 2.843289673177
158.0000000000 2.841686972632
159.0000000000 2.840095001692
160.0000000000 2.838513649183
161.0000000000 2.836942805716
162.0000000000 2.835382363646
163.0000000000 2.833832217031
164.0000000000 2.832292261603
165.0000000000 2.830762394722
166.0000000000 2.829242515348
167.0000000000 2.827732524005
168.0000000000 2.826232322744
169.0000000000 2.824741815118
170.0000000000 2.823260906142
171.0000000000 2.821789502272
172.0000000000 2.820327511365
173.0000000000 2.818874842659
174.0000000000 2.817431406737
175.0000000000 2.815997115506
176.0000000000 2.814571882167
177.0000000000 2.813155621188
178.0000000000 2.811748248280
179.0000000000 2.810349680374
180.0000000000 2.808959835591
181.0000000000 2.807578633226
182.0000000000 2.806205993720
183.0000000000 2.804841838639
184.0000000000 2.803486090650
185.0000000000 2.802138673505
186.0000000000 2.800799512015
187.0000000000 2.799468532032
188.0000000000 2.798145660428
189.0000000000 2.796830825080
190.0000000000 2.795523954842
191.0000000000 2.794224979539
192.0000000000 2.792933829937
193.0000000000 2.791650437733
194.0000000000 2.790374735536
195.0000000000 2.789106656850
196.0000000000 2.787846136056
197.0000000000 2.786593108401
198.0000000000 2.785347509976
199.0000000000 2.784109277705
200.0000000000 2.782878349330
201.0000000000 2.781654663395
202.0000000000 2.780438159231
203.0000000000 2.779228776945
204.0000000000 2.778026457405
205.0000000000 2.776831142225
206.0000000000 2.775642773756
207.0000000000 2.774461295068
208.0000000000 2.773286649942
209.0000000000 2.772118782857
210.0000000000 2.770957638976
211.0000000000 2.769803164137
212.0000000000 2.768655304840
213.0000000000 2.767514008235
214.0000000000 2.766379222116
215.0000000000 2.765250894902
216.0000000000 2.764128975635
217.0000000000 2.763013413966
218.0000000000 2.761904160142
219.0000000000 2.760801165002
220.0000000000 2.759704379964
221.0000000000 2.758613757016
222.0000000000 2.757529248708
223.0000000000 2.756450808142
224.0000000000 2.755378388963
225.0000000000 2.754311945349
226.0000000000 2.753251432007
227.0000000000 2.752196804160
228.0000000000 2.751148017541
229.0000000000 2.750105028387
230.0000000000 2.749067793425
231.0000000000 2.748036269871
232.0000000000 2.747010415419
233.0000000000 2.745990188234
234.0000000000 2.744975546947
235.0000000000 2.743966450644
236.0000000000 2.742962858863
237.0000000000 2.741964731583
238.0000000000 2.740972029221
239.0000000000 2.739984712625
240.0000000000 2.739002743066
241.0000000000 2.738026082233
242.0000000000 2.737054692224
243.0000000000 2.736088535544
244.0000000000 2.735127575098
245.0000000000 2.734171774183
246.0000000000 2.733221096484
247.0000000000 2.732275506068
248.0000000000 2.731334967378
249.0000000000 2.730399445229
250.0000000000 2.729468904802
251.0000000000 2.728543311637
252.0000000000 2.727622631630
253.0000000000 2.726706831028
254.0000000000 2.725795876423
255.0000000000 2.724889734748
256.0000000000 2.723988373271
257.0000000000 2.723091759591
258.0000000000 2.722199861634
259.0000000000 2.721312647648
260.0000000000 2.720430086198
261.0000000000 2.719552146163
262.0000000000 2.718678796730
263.0000000000 2.717810007391
264.0000000000 2.716945747939
265.0000000000 2.716085988462
266.0000000000 2.715230699342
267.0000000000 2.714379851249
268.0000000000 2.713533415137
269.0000000000 2.712691362241
270.0000000000 2.711853664074
271.0000000000 2.711020292421
272.0000000000 2.710191219340
273.0000000000 2.709366417150
274.0000000000 2.708545858437
275.0000000000 2.707729516045
276.0000000000 2.706917363075
277.0000000000 2.706109372878
278.0000000000 2.705305519057
279.0000000000 2.704505775460
280.0000000000 2.703710116178
281.0000000000 2.702918515543
282.0000000000 2.702130948122
283.0000000000 2.701347388718
284.0000000000 2.700567812363
285.0000000000 2.699792194317
286.0000000000 2.699020510068
287.0000000000 2.698252735322
288.0000000000 2.697488846008
289.0000000000 2.696728818270
290.0000000000 2.695972628467
291.0000000000 2.695220253168
292.0000000000 2.694471669153
293.0000000000 2.693726853406
294.0000000000 2.692985783116
295.0000000000 2.692248435675
296.0000000000 2.691514788670
297.0000000000 2.690784819887
298.0000000000 2.690058507306
299.0000000000 2.689335829097
300.0000000000 2.688616763623
301.0000000000 2.687901289429
302.0000000000 2.687189385250
303.0000000000 2.686481030001
304.0000000000 2.685776202777
305.0000000000 2.685074882853
306.0000000000 2.684377049681
307.0000000000 2.683682682884
308.0000000000 2.682991762261
309.0000000000 2.682304267779
310.0000000000 2.681620179574
311.0000000000 2.680939477948
312.0000000000 2.680262143367
313.0000000000 2.679588156461
314.0000000000 2.678917498020
315.0000000000 2.678250148991
316.0000000000 2.677586090480
317.0000000000 2.676925303748
318.0000000000 2.676267770209
319.0000000000 2.675613471429
320.0000000000 2.674962389124
321.0000000000 2.674314505157
322.0000000000 2.673669801540
323.0000000000 2.673028260428
324.0000000000 2.672389864121
325.0000000000 2.671754595060
326.0000000000 2.671122435826
327.0000000000 2.670493369139
328.0000000000 2.669867377856
329.0000000000 2.669244444971
330.0000000000 2.668624553610
331.0000000000 2.668007687033
332.0000000000 2.667393828632
333.0000000000 2.666782961927
334.0000000000 2.666175070568
335.0000000000 2.665570138332
336.0000000000 2.664968149121
337.0000000000 2.664369086962
338.0000000000 2.663772936003
339.0000000000 2.663179680518
340.0000000000 2.662589304898
341.0000000000 2.662001793654
342.0000000000 2.661417131415
343.0000000000 2.660835302926
344.0000000000 2.660256293050
345.0000000000 2.659680086762
346.0000000000 2.659106669149
347.0000000000 2.658536025413
348.0000000000 2.657968140864
349.0000000000 2.657403000924
350.0000000000 2.656840591121
351.0000000000 2.656280897092
352.0000000000 2.655723904579
353.0000000000 2.655169599431
354.0000000000 2.654617967599
355.0000000000 2.654068995138
356.0000000000 2.653522668206
357.0000000000 2.652978973059
358.0000000000 2.652437896056
359.0000000000 2.651899423653
360.0000000000 2.651363542405
361.0000000000 2.650830238964
362.0000000000 2.650299500076
363.0000000000 2.649771312584
364.0000000000 2.649245663426
365.0000000000 2.648722539630
366.0000000000 2.648201928318
367.0000000000 2.647683816704
368.0000000000 2.647168192091
369.0000000000 2.646655041873
370.0000000000 2.646144353530
371.0000000000 2.645636114634
372.0000000000 2.645130312840
373.0000000000 2.644626935890
374.0000000000 2.644125971614
375.0000000000 2.643627407922
376.0000000000 2.643131232812
377.0000000000 2.642637434361
378.0000000000 2.642146000731
379.0000000000 2.641656920163
380.0000000000 2.641170180980
381.0000000000 2.640685771585
382.0000000000 2.640203680457
383.0000000000 2.639723896158
384.0000000000 2.639246407322
385.0000000000 2.638771202665
386.0000000000 2.638298270975
387.0000000000 2.637827601118
388.0000000000 2.637359182032
389.0000000000 2.636893002731
390.0000000000 2.636429052303
391.0000000000 2.635967319905
392.0000000000 2.635507794768
393.0000000000 2.635050466196
394.0000000000 2.634595323561
395.0000000000 2.634142356305
396.0000000000 2.633691553941
397.0000000000 2.633242906048
398.0000000000 2.632796402276
399.0000000000 2.632352032340
400.0000000000 2.631909786023
401.0000000000 2.631469653174
402.0000000000 2.631031623708
403.0000000000 2.630595687603
404.0000000000 2.630161834904
405.0000000000 2.629730055719
406.0000000000 2.629300340218
407.0000000000 2.628872678635
408.0000000000 2.628447061265
409.0000000000 2.628023478467
410.0000000000 2.627601920658
411.0000000000 2.627182378317
412.0000000000 2.626764841983
413.0000000000 2.626349302254
414.0000000000 2.625935749788
415.0000000000 2.625524175300
416.0000000000 2.625114569563
417.0000000000 2.624706923409
418.0000000000 2.624301227724
419.0000000000 2.623897473453
420.0000000000 2.623495651597
421.0000000000 2.623095753210
422.0000000000 2.622697769402
423.0000000000 2.622301691339
424.0000000000 2.621907510240
425.0000000000 2.621515217376
426.0000000000 2.621124804073
427.0000000000 2.620736261710
428.0000000000 2.620349581716
429.0000000000 2.619964755573
430.0000000000 2.619581774815
431.0000000000 2.619200631026
432.0000000000 2.618821315840
433.0000000000 2.618443820942
434.0000000000 2.618068138066
435.0000000000 2.617694258996
436.0000000000 2.617322175564
437.0000000000 2.616951879649
438.0000000000 2.616583363181
439.0000000000 2.616216618136
440.0000000000 2.615851636536
441.0000000000 2.615488410452
442.0000000000 2.615126931999
443.0000000000 2.614767193341
444.0000000000 2.614409186685
445.0000000000 2.614052904285
446.0000000000 2.613698338438
447.0000000000 2.613345481487
448.0000000000 2.612994325818
449.0000000000 2.612644863864
450.0000000000 2.612297088096
451.0000000000 2.611950991033
452.0000000000 2.611606565234
453.0000000000 2.611263803302
454.0000000000 2.610922697881
455.0000000000 2.610583241656
456.0000000000 2.610245427355
457.0000000000 2.609909247747
458.0000000000 2.609574695640
459.0000000000 2.609241763884
460.0000000000 2.608910445369
461.0000000000 2.608580733024
462.0000000000 2.608252619819
463.0000000000 2.607926098759
464.0000000000 2.607601162894
465.0000000000 2.607277805307
466.0000000000 2.606956019122
467.0000000000 2.606635797502
468.0000000000 2.606317133643
469.0000000000 2.606000020784
470.0000000000 2.605684452198
471.0000000000 2.605370421193
472.0000000000 2.605057921118
473.0000000000 2.604746945355
474.0000000000 2.604437487322
475.0000000000 2.604129540474
476.0000000000 2.603823098300
477.0000000000 2.603518154325
478.0000000000 2.603214702109
479.0000000000 2.602912735245
480.0000000000 2.602612247361
481.0000000000 2.602313232121
482.0000000000 2.602015683219
483.0000000000 2.601719594386
484.0000000000 2.601424959385
485.0000000000 2.601131772010
486.0000000000 2.600840026091
487.0000000000 2.600549715488
488.0000000000 2.600260834095
489.0000000000 2.599973375837
490.0000000000 2.599687334671
491.0000000000 2.599402704585
492.0000000000 2.599119479600
493.0000000000 2.598837653765
494.0000000000 2.598557221163
495.0000000000 2.598278175906
496.0000000000 2.598000512137
497.0000000000 2.597724224027
498.0000000000 2.597449305781
499.0000000000 2.597175751630
500.0000000000 2.596903555836
501.0000000000 2.596632712690
502.0000000000 2.596363216513
503.0000000000 2.596095061653
504.0000000000 2.595828242487
505.0000000000 2.595562753423
506.0000000000 2.595298588894
507.0000000000 2.595035743362
508.0000000000 2.594774211317
509.0000000000 2.594513987277
510.0000000000 2.594255065787
511.0000000000 2.593997441418
512.0000000000 2.593741108771
513.0000000000 2.593486062470
514.0000000000 2.593232297169
515.0000000000 2.592979807547
516.0000000000 2.592728588308
517.0000000000 2.592478634184
518.0000000000 2.592229939932
519.0000000000 2.591982500334
520.0000000000 2.591736310199
521.0000000000 2.591491364361
522.0000000000 2.591247657677
523.0000000000 2.591005185033
524.0000000000 2.590763941334
525.0000000000 2.590523921516
526.0000000000 2.590285120535
527.0000000000 2.590047533372
528.0000000000 2.589811155034
529.0000000000 2.589575980550
530.0000000000 2.589342004973
531.0000000000 2.589109223380
532.0000000000 2.588877630871
533.0000000000 2.588647222570
534.0000000000 2.588417993623
535.0000000000 2.588189939200
536.0000000000 2.587963054493
537.0000000000 2.587737334717
538.0000000000 2.587512775109
539.0000000000 2.587289370928
540.0000000000 2.587067117457
541.0000000000 2.586846010000
542.0000000000 2.586626043880
543.0000000000 2.586407214447
544.0000000000 2.586189517067
545.0000000000 2.585972947132
546.0000000000 2.585757500053
547.0000000000 2.585543171262
548.0000000000 2.585329956213
549.0000000000 2.585117850379
550.0000000000 2.584906849255
551.0000000000 2.584696948358
552.0000000000 2.584488143221
553.0000000000 2.584280429402
554.0000000000 2.584073802475
555.0000000000 2.583868258038
556.0000000000 2.583663791706
557.0000000000 2.583460399115
558.0000000000 2.583258075918
559.0000000000 2.583056817792
560.0000000000 2.582856620430
561.0000000000 2.582657479544
562.0000000000 2.582459390867
563.0000000000 2.582262350149
564.0000000000 2.582066353161
565.0000000000 2.581871395690
566.0000000000 2.581677473544
567.0000000000 2.581484582547
568.0000000000 2.581292718544
569.0000000000 2.581101877395
570.0000000000 2.580912054981
571.0000000000 2.580723247200
572.0000000000 2.580535449967
573.0000000000 2.580348659214
574.0000000000 2.580162870894
575.0000000000 2.579978080974
576.0000000000 2.579794285439
577.0000000000 2.579611480293
578.0000000000 2.579429661555
579.0000000000 2.579248825263
580.0000000000 2.579068967469
581.0000000000 2.578890084245
582.0000000000 2.578712171677
583.0000000000 2.578535225871
584.0000000000 2.578359242945
585.0000000000 2.578184219036
586.0000000000 2.578010150297
587.0000000000 2.577837032897
588.0000000000 2.577664863022
589.0000000000 2.577493636871
590.0000000000 2.577323350661
591.0000000000 2.577154000626
592.0000000000 2.576985583012
593.0000000000 2.576818094084
594.0000000000 2.576651530120
595.0000000000 2.576485887415
596.0000000000 2.576321162277
597.0000000000 2.576157351032
598.0000000000 2.575994450019
599.0000000000 2.575832455592
600.0000000000 2.575671364122
601.0000000000 2.575511171991
602.0000000000 2.575351875598
603.0000000000 2.575193471357
604.0000000000 2.575035955696
605.0000000000 2.574879325055
606.0000000000 2.574723575892
607.0000000000 2.574568704677
608.0000000000 2.574414707895
609.0000000000 2.574261582043
610.0000000000 2.574109323634
611.0000000000 2.573957929194
612.0000000000 2.573807395264
613.0000000000 2.573657718396
614.0000000000 2.573508895158
615.0000000000 2.573360922131
616.0000000000 2.573213795907
617.0000000000 2.573067513095
618.0000000000 2.572922070315
619.0000000000 2.572777464199
620.0000000000 2.572633691396
621.0000000000 2.572490748564
622.0000000000 2.572348632375
623.0000000000 2.572207339516
624.0000000000 2.572066866683
625.0000000000 2.571927210587
626.0000000000 2.571788367951
627.0000000000 2.571650335511
628.0000000000 2.571513110015
629.0000000000 2.571376688223
630.0000000000 2.571241066906
631.0000000000 2.571106242851
632.0000000000 2.570972212854
633.0000000000 2.570838973722
634.0000000000 2.570706522278
635.0000000000 2.570574855353
636.0000000000 2.570443969792
637.0000000000 2.570313862451
638.0000000000 2.570184530196
639.0000000000 2.570055969909
640.0000000000 2.569928178478
641.0000000000 2.569801152807
642.0000000000 2.569674889808
643.0000000000 2.569549386406
644.0000000000 2.569424639538
645.0000000000 2.569300646149
646.0000000000 2.569177403199
647.0000000000 2.569054907657
648.0000000000 2.568933156501
649.0000000000 2.568812146724
650.0000000000 2.568691875326
651.0000000000 2.568572339321
652.0000000000 2.568453535731
653.0000000000 2.568335461589
654.0000000000 2.568218113941
655.0000000000 2.568101489839
656.0000000000 2.567985586350
657.0000000000 2.567870400549
658.0000000000 2.567755929521
659.0000000000 2.567642170361
660.0000000000 2.567529120177
661.0000000000 2.567416776083
662.0000000000 2.567305135205
663.0000000000 2.567194194680
664.0000000000 2.567083951653
665.0000000000 2.566974403280
666.0000000000 2.566865546726
667.0000000000 2.566757379166
668.0000000000 2.566649897784
669.0000000000 2.566543099776
670.0000000000 2.566436982344
671.0000000000 2.566331542701
672.0000000000 2.566226778071
673.0000000000 2.566122685686
674.0000000000 2.566019262786
675.0000000000 2.565916506621
676.0000000000 2.565814414453
677.0000000000 2.565712983548
678.0000000000 2.565612211185
679.0000000000 2.565512094650
680.0000000000 2.565412631240
681.0000000000 2.565313818258
682.0000000000 2.565215653018
683.0000000000 2.565118132843
684.0000000000 2.565021255062
685.0000000000 2.564925017015
686.0000000000 2.564829416051
687.0000000000 2.564734449526
688.0000000000 2.564640114805
689.0000000000 2.564546409261
690.0000000000 2.564453330277
691.0000000000 2.564360875242
692.0000000000 2.564269041556
693.0000000000 2.564177826625
694.0000000000 2.564087227864
695.0000000000 2.563997242696
696.0000000000 2.563907868551
697.0000000000 2.563819102870
698.0000000000 2.563730943100
699.0000000000 2.563643386694
700.0000000000 2.563556431117
701.0000000000 2.563470073838
702.0000000000 2.563384312337
703.0000000000 2.563299144100
704.0000000000 2.563214566619
705.0000000000 2.563130577398
706.0000000000 2.563047173944
707.0000000000 2.562964353774
708.0000000000 2.562882114413
709.0000000000 2.562800453392
710.0000000000 2.562719368249
711.0000000000 2.562638856531
712.0000000000 2.562558915791
713.0000000000 2.562479543589
714.0000000000 2.562400737495
715.0000000000 2.562322495081
716.0000000000 2.562244813931
717.0000000000 2.562167691634
718.0000000000 2.562091125786
719.0000000000 2.562015113989
720.0000000000 2.561939653854
721.0000000000 2.561864742997
722.0000000000 2.561790379043
723.0000000000 2.561716559621
724.0000000000 2.561643282368
725.0000000000 2.561570544929
726.0000000000 2.561498344954
727.0000000000 2.561426680099
728.0000000000 2.561355548029
729.0000000000 2.561284946414
730.0000000000 2.561214872929
731.0000000000 2.561145325259
732.0000000000 2.561076301091
733.0000000000 2.561007798122
734.0000000000 2.560939814055
735.0000000000 2.560872346596
736.0000000000 2.560805393460
737.0000000000 2.560738952369
738.0000000000 2.560673021048
739.0000000000 2.560607597230
740.0000000000 2.560542678654
741.0000000000 2.560478263065
742.0000000000 2.560414348213
743.0000000000 2.560350931855
744.0000000000 2.560288011754
745.0000000000 2.560225585677
746.0000000000 2.560163651399
747.0000000000 2.560102206700
748.0000000000 2.560041249365
749.0000000000 2.559980777185
750.0000000000 2.559920787957
751.0000000000 2.559861279484
752.0000000000 2.559802249573
753.0000000000 2.559743696038
754.0000000000 2.559685616697
755.0000000000 2.559628009376
756.0000000000 2.559570871903
757.0000000000 2.559514202113
758.0000000000 2.559457997848
759.0000000000 2.559402256952
760.0000000000 2.559346977277
761.0000000000 2.559292156678
762.0000000000 2.559237793016
763.0000000000 2.559183884158
764.0000000000 2.559130427975
765.0000000000 2.559077422344
766.0000000000 2.559024865145
767.0000000000 2.558972754266
768.0000000000 2.558921087596
769.0000000000 2.558869863034
770.0000000000 2.558819078478
771.0000000000 2.558768731835
772.0000000000 2.558718821016
773.0000000000 2.558669343936
774.0000000000 2.558620298514
775.0000000000 2.558571682676
776.0000000000 2.558523494350
777.0000000000 2.558475731470
778.0000000000 2.558428391974
779.0000000000 2.558381473806
780.0000000000 2.558334974913
781.0000000000 2.558288893245
782.0000000000 2.558243226760
783.0000000000 2.558197973418
784.0000000000 2.558153131183
785.0000000000 2.558108698025
786.0000000000 2.558064671917
787.0000000000 2.558021050837
788.0000000000 2.557977832765
789.0000000000 2.557935015688
790.0000000000 2.557892597596
791.0000000000 2.557850576483
792.0000000000 2.557808950346
793.0000000000 2.557767717189
794.0000000000 2.557726875016
795.0000000000 2.557686421837
796.0000000000 2.557646355667
797.0000000000 2.557606674523
798.0000000000 2.557567376426
799.0000000000 2.557528459402
800.0000000000 2.557489921479
801.0000000000 2.557451760690
802.0000000000 2.557413975071
803.0000000000 2.557376562663
804.0000000000 2.557339521508
805.0000000000 2.557302849654
806.0000000000 2.557266545152
807.0000000000 2.557230606055
808.0000000000 2.557195030422
809.0000000000 2.557159816312
810.0000000000 2.557124961791
811.0000000000 2.557090464925
812.0000000000 2.557056323787
813.0000000000 2.557022536450
814.0000000000 2.556989100992
815.0000000000 2.556956015493
816.0000000000 2.556923278038
817.0000000000 2.556890886713
818.0000000000 2.556858839608
819.0000000000 2.556827134818
820.0000000000 2.556795770436
821.0000000000 2.556764744564
822.0000000000 2.556734055303
823.0000000000 2.556703700758
824.0000000000 2.556673679037
825.0000000000 2.556643988251
826.0000000000 2.556614626513
827.0000000000 2.556585591940
828.0000000000 2.556556882651
829.0000000000 2.556528496767
830.0000000000 2.556500432413
831.0000000000 2.556472687716
832.0000000000 2.556445260805
833.0000000000 2.556418149814
834.0000000000 2.556391352876
835.0000000000 2.556364868129
836.0000000000 2.556338693712
837.0000000000 2.556312827768
838.0000000000 2.556287268441
839.0000000000 2.556262013877
840.0000000000 2.556237062227
841.0000000000 2.556212411640
842.0000000000 2.556188060271
843.0000000000 2.556164006275
844.0000000000 2.556140247811
845.0000000000 2.556116783037
846.0000000000 2.556093610117
847.0000000000 2.556070727215
848.0000000000 2.556048132496
849.0000000000 2.556025824128
850.0000000000 2.556003800283
851.0000000000 2.555982059130
852.0000000000 2.555960598845
853.0000000000 2.555939417603
854.0000000000 2.555918513580
855.0000000000 2.555897884957
856.0000000000 2.555877529914
857.0000000000 2.555857446632
858.0000000000 2.555837633297
859.0000000000 2.555818088094
860.0000000000 2.555798809209
861.0000000000 2.555779794832
862.0000000000 2.555761043153
863.0000000000 2.555742552362
864.0000000000 2.555724320654
865.0000000000 2.555706346222
866.0000000000 2.555688627261
867.0000000000 2.555671161968
868.0000000000 2.555653948542
869.0000000000 2.555636985182
870.0000000000 2.555620270087
871.0000000000 2.555603801459
872.0000000000 2.555587577501
873.0000000000 2.555571596415
874.0000000000 2.555555856407
875.0000000000 2.555540355682
876.0000000000 2.555525092445
877.0000000000 2.555510064904
878.0000000000 2.555495271267
879.0000000000 2.555480709742
880.0000000000 2.555466378538
881.0000000000 2.555452275866
882.0000000000 2.555438399935
883.0000000000 2.555424748958
884.0000000000 2.555411321145
885.0000000000 2.555398114709
886.0000000000 2.555385127862
887.0000000000 2.555372358817
888.0000000000 2.555359805789
889.0000000000 2.555347466989
890.0000000000 2.555335340632
891.0000000000 2.555323424932
892.0000000000 2.555311718103
893.0000000000 2.555300218359
894.0000000000 2.555288923916
895.0000000000 2.555277832986
896.0000000000 2.555266943785
897.0000000000 2.555256254526
898.0000000000 2.555245763424
899.0000000000 2.555235468692
900.0000000000 2.555225368545
901.0000000000 2.555215461195
902.0000000000 2.555205744855
903.0000000000 2.555196217739
904.0000000000 2.555186878057
905.0000000000 2.555177724022
906.0000000000 2.555168753845
907.0000000000 2.555159965736
908.0000000000 2.555151357905
909.0000000000 2.555142928561
910.0000000000 2.555134675912
911.0000000000 2.555126598165
912.0000000000 2.555118693528
913.0000000000 2.555110960205
914.0000000000 2.555103396400
915.0000000000 2.555096000318
916.0000000000 2.555088770161
917.0000000000 2.555081704130
918.0000000000 2.555074800424
919.0000000000 2.555068057242
920.0000000000 2.555061472781
921.0000000000 2.555055045237
922.0000000000 2.555048772803
923.0000000000 2.555042653674
924.0000000000 2.555036686038
925.0000000000 2.555030868086
926.0000000000 2.555025198005
927.0000000000 2.555019673980
928.0000000000 2.555014294195
929.0000000000 2.555009056832
930.0000000000 2.555003960071
931.0000000000 2.554999002087
932.0000000000 2.554994181058
933.0000000000 2.554989495156
934.0000000000 2.554984942551
935.0000000000 2.554980521412
936.0000000000 2.554976229904
937.0000000000 2.554972066190
938.0000000000 2.554968028430
939.0000000000 2.554964114783
940.0000000000 2.554960323403
941.0000000000 2.554956652442
942.0000000000 2.554953100048
943.0000000000 2.554949664368
944.0000000000 2.554946343544
945.0000000000 2.554943135716
946.0000000000 2.554940039019
947.0000000000 2.554937051585
948.0000000000 2.554934171545
949.0000000000 2.554931397023
950.0000000000 2.554928726141
951.0000000000 2.554926157017
952.0000000000 2.554923687764
953.0000000000 2.554921316493
954.0000000000 2.554919041310
955.0000000000 2.554916860315
956.0000000000 2.554914771606
957.0000000000 2.554912773276
958.0000000000 2.554910863413
959.0000000000 2.554909040101
960.0000000000 2.554907301418
961.0000000000 2.554905645438
962.0000000000 2.554904070230
963.0000000000 2.554902573858
964.0000000000 2.554901154380
965.0000000000 2.554899809850
966.0000000000 2.554898538315
967.0000000000 2.554897337816
968.0000000000 2.554896206391
969.0000000000 2.554895142070
970.0000000000 2.554894142877
971.0000000000 2.554893206830
972.0000000000 2.554892331941
973.0000000000 2.554891516215
974.0000000000 2.554890757652
975.0000000000 2.554890054242
976.0000000000 2.554889403973
977.0000000000 2.554888804821
978.0000000000 2.554888254757
979.0000000000 2.554887751745
980.0000000000 2.554887293741
981.0000000000 2.554886878693
982.0000000000 2.554886504541
983.0000000000 2.554886169218
984.0000000000 2.554885870648
985.0000000000 2.554885606746
986.0000000000 2.554885375419
987.0000000000 2.554885174566
988.0000000000 2.554885002074
989.0000000000 2.554884855825
990.0000000000 2.554884733688
991.0000000000 2.554884633525
992.0000000000 2.554884553186
993.0000000000 2.554884490511
994.0000000000 2.554884443332
995.0000000000 2.554884409469
996.0000000000 2.554884386730
997.0000000000 2.554884372913
998.0000000000 2.554884365806
999.0000000000 2.554884363183
1000.0000000000 2.554884362808
1001.0000000000 2.554884362808
1002.0000000000 2.554884362808
1003.0000000000 2.554884362808
1004.0000000000 2.554884362808
1005.0000000000 2.554884362808
1006.0000000000 2.554884362808
1007.0000000000 2.554884362808
1008.0000000000 2.554884362808
1009.0000000000 2.554884362808
1010.0000000000 2.554884362808
1011.0000000000 2.554884362808
1012.0000000000 2.554884362808
1013.0000000000 2.554884362808
1014.0000000000 2.554884362808
1015.0000000000 2.554884362808
1016.0000000000 2.554884362808
1017.0000000000 2.554884362808
1018.0000000000 2.554884362808
1019.0000000000 2.554884362808
1020.0000000000 2.554884362808
1021.0000000000 2.554884362808
1022.0000000000 2.554884362808
1023.0000000000 2.554884362808
1024.0000000000 2.554884362808
1025.0000000000 2.554884362808
1026.0000000000 2.554884362808
1027.0000000000 2.554884362808
1028.0000000000 2.554884362808
1029.0000000000 2.554884362808
1030.0000000000 2.554884362808
1031.0000000000 2.554884362808
1032.0000000000 2.554884362808
1033.0000000000 2.554884362808
1034.0000000000 2.554884362808
1035.0000000000 2.554884362808
1036.0000000000 2.554884362808
1037.0000000000 2.554884362808
1038.0000000000 2.554884362808
1039.0000000000 2.554884362808
1040.0000000000 2.554884362808
1041.0000000000 2.554884362808
1042.0000000000 2.554884362808
1043.0000000000 2.554884362808
1044.0000000000 2.554884362808
1045.0000000000 2.554884362808
1046.0000000000 2.554884362808
1047.0000000000 2.554884362808
1048.0000000000 2.554884362808
1049.0000000000 2.554884362808
1050.0000000000 2.554884362808
1051.0000000000 2.554884362808
1052.0000000000 2.554884362808
1053.0000000000 2.554884362808
1054.0000000000 2.554884362808
1055.0000000000 2.554884362808
1056.0000000000 2.554884362808
1057.0000000000 2.554884362808
1058.0000000000 2.554884362808
1059.0000000000 2.554884362808
1060.0000000000 2.554884362808
1061.0000000000 2.554884362808
1062.0000000000 2.554884362808
1063.0000000000 2.554884362808
1064.0000000000 2.554884362808
1065.0000000000 2.554884362808
1066.0000000000 2.554884362808
1067.0000000000 2.554884362808
1068.0000000000 2.554884362808
1069.0000000000 2.554884362808
1070.0000000000 2.554884362808
1071.0000000000 2.554884362808
1072.0000000000 2.554884362808
1073.0000000000 2.554884362808
1074.0000000000 2.554884362808
1075.0000000000 2.554884362808
1076.0000000000 2.554884362808
1077.0000000000 2.554884362808
1078.0000000000 2.554884362808
1079.0000000000 2.554884362808
1080.0000000000 2.554884362808
1081.0000000000 2.554884362808
1082.0000000000 2.554884362808
1083.0000000000 2.554884362808
1084.0000000000 2.554884362808
1085.0000000000 2.554884362808
1086.0000000000 2.554884362808
1087.0000000000 2.554884362808
1088.0000000000 2.554884362808
1089.0000000000 2.554884362808
1090.0000000000 2.554884362808
1091.0000000000 2.554884362808
1092.0000000000 2.554884362808
1093.0000000000 2.554884362808
1094.0000000000 2.554884362808
1095.0000000000 2.554884362808
1096.0000000000 2.554884362808
1097.0000000000 2.554884362808
1098.0000000000 2.554884362808
1099.0000000000 2.554884362808
1100.0000000000 2.554884362808
1101.0000000000 2.554884362808
1102.0000000000 2.554884362808
1103.0000000000 2.554884362808
1104.0000000000 2.554884362808
1105.0000000000 2.554884362808
1106.0000000000 2.554884362808
1107.0000000000 2.554884362808
1108.0000000000 2.554884362808
1109.0000000000 2.554884362808
1110.0000000000 2.554884362808
1111.0000000000 2.554884362808
1112.0000000000 2.554884362808
1113.0000000000 2.554884362808
1114.0000000000 2.554884362808
1115.0000000000 2.554884362808
1116.0000000000 2.554884362808
1117.0000000000 2.554884362808
1118.0000000000 2.554884362808
1119.0000000000 2.554884362808
1120.0000000000 2.554884362808
1121.0000000000 2.554884362808
1122.0000000000 2.554884362808
1123.0000000000 2.554884362808
1124.0000000000 2.554884362808
1125.0000000000 2.554884362808
1126.0000000000 2.554884362808
1127.0000000000 2.554884362808
1128.0000000000 2.554884362808
1129.0000000000 2.554884362808
1130.0000000000 2.554884362808
1131.0000000000 2.554884362808
1132.0000000000 2.554884362808
1133.0000000000 2.554884362808
1134.0000000000 2.554884362808
1135.0000000000 2.554884362808
1136.0000000000 2.554884362808
1137.0000000000 2.554884362808
1138.0000000000 2.554884362808
1139.0000000000 2.554884362808
1140.0000000000 2.554884362808
1141.0000000000 2.554884362808
1142.0000000000 2.554884362808
1143.0000000000 2.554884362808
1144.0000000000 2.554884362808
1145.0000000000 2.554884362808
1146.0000000000 2.554884362808
1147.0000000000 2.554884362808
1148.0000000000 2.554884362808
1149.0000000000 2.554884362808
1150.0000000000 2.554884362808
1151.0000000000 2.554884362808
1152.0000000000 2.554884362808
1153.0000000000 2.554884362808
1154.0000000000 2.554884362808
1155.0000000000 2.554884362808
1156.0000000000 2.554884362808
1157.0000000000 2.554884362808
1158.0000000000 2.554884362808
1159.0000000000 2.554884362808
1160.0000000000 2.554884362808
1161.0000000000 2.554884362808
1162.0000000000 2.554884362808
1163.0000000000 2.554884362808
1164.0000000000 2.554884362808
1165.0000000000 2.554884362808
1166.0000000000 2.554884362808
1167.0000000000 2.554884362808
1168.0000000000 2.554884362808
1169.0000000000 2.554884362808
1170.0000000000 2.554884362808
1171.0000000000 2.554884362808
1172.0000000000 2.554884362808
1173.0000000000 2.554884362808
1174.0000000000 2.554884362808
1175.0000000000 2.554884362808
1176.0000000000 2.554884362808
1177.0000000000 2.554884362808
1178.0000000000 2.554884362808
1179.0000000000 2.554884362808
1180.0000000000 2.554884362808
1181.0000000000 2.554884362808
1182.0000000000 2.554884362808
1183.0000000000 2.554884362808
1184.0000000000 2.554884362808
1185.0000000000 2.554884362808
1186.0000000000 2.554884362808
1187.0000000000 2.554884362808
1188.0000000000 2.554884362808
1189.0000000000 2.554884362808
1190.0000000000 2.554884362808
1191.0000000000 2.554884362808
1192.0000000000 2.554884362808
1193.0000000000 2.554884362808
1194.0000000000 2.554884362808
1195.0000000000 2.554884362808
1196.0000000000 2.554884362808
1197.0000000000 2.554884362808
1198.0000000000 2.554884362808
1199.0000000000 2.554884362808
1200.0000000000 2.554884362808
1201.0000000000 2.554884362808
1202.0000000000 2.554884362808
1203.0000000000 2.554884362808
1204.0000000000 2.554884362808
1205.0000000000 2.554884362808
1206.0000000000 2.554884362808
1207.0000000000 2.554884362808
1208.0000000000 2.554884362808
1209.0000000000 2.554884362808
1210.0000000000 2.554884362808
1211.0000000000 2.554884362808
1212.0000000000 2.554884362808
1213.0000000000 2.554884362808
1214.0000000000 2.554884362808
1215.0000000000 2.554884362808
1216.0000000000 2.554884362808
1217.0000000000 2.554884362808
1218.0000000000 2.554884362808
1219.0000000000 2.554884362808
1220.0000000000 2.554884362808
1221.0000000000 2.554884362808
1222.0000000000 2.554884362808
1223.0000000000 2.554884362808
1224.0000000000 2.554884362808
1225.0000000000 2.554884362808
1226.0000000000 2.554884362808
1227.0000000000 2.554884362808
1228.0000000000 2.554884362808
1229.0000000000 2.554884362808
1230.0000000000 2.554884362808
1231.0000000000 2.554884362808
1232.0000000000 2.554884362808
1233.0000000000 2.554884362808
1234.0000000000 2.554884362808
1235.0000000000 2.554884362808
1236.0000000000 2.554884362808
1237.0000000000 2.554884362808
1238.0000000000 2.554884362808
1239.0000000000 2.554884362808
1240.0000000000 2.554884362808
1241.0000000000 2.554884362808
1242.0000000000 2.554884362808
1243.0000000000 2.554884362808
1244.0000000000 2.554884362808
1245.0000000000 2.554884362808
1246.0000000000 2.554884362808
1247.0000000000 2.554884362808
1248.0000000000 2.554884362808
1249.0000000000 2.554884362808
1250.0000000000 2.554884362808
1251.0000000000 2.554884362808
1252.0000000000 2.554884362808
1253.0000000000 2.554884362808
1254.0000000000 2.554884362808
1255.0000000000 2.554884362808
1256.0000000000 2.554884362808
1257.0000000000 2.554884362808
1258.0000000000 2.554884362808
1259.0000000000 2.554884362808
1260.0000000000 2.554884362808
1261.0000000000 2.554884362808
1262.0000000000 2.554884362808
1263.0000000000 2.554884362808
1264.0000000000 2.554884362808
1265.0000000000 2.554884362808
1266.0000000000 2.554884362808
1267.0000000000 2.554884362808
1268.0000000000 2.554884362808
1269.0000000000 2.554884362808
1270.0000000000 2.554884362808
1271.0000000000 2.554884362808
1272.0000000000 2.554884362808
1273.0000000000 2.554884362808
1274.0000000000 2.554884362808
1275.0000000000 2.554884362808
1276.0000000000 2.554884362808
1277.0000000000 2.554884362808
1278.0000000000 2.554884362808
1279.0000000000 2.554884362808
1280.0000000000 2.554884362808
1281.0000000000 2.554884362808
1282.0000000000 2.554884362808
1283.0000000000 2.554884362808
1284.0000000000 2.554884362808
1285.0000000000 2.554884362808
1286.0000000000 2.554884362808
1287.0000000000 2.554884362808
1288.0000000000 2.554884362808
1289.0000000000 2.554884362808
1290.0000000000 2.554884362808
1291.0000000000 2.554884362808
1292.0000000000 2.554884362808
1293.0000000000 2.554884362808
1294.0000000000 2.554884362808
1295.0000000000 2.554884362808
1296.0000000000 2.554884362808
1297.0000000000 2.554884362808
1298.0000000000 2.554884362808
1299.0000000000 2.554884362808
1300.0000000000 2.554884362808
1301.0000000000 2.554884362808
1302.0000000000 2.554884362808
1303.0000000000 2.554884362808
1304.0000000000 2.554884362808
1305.0000000000 2.554884362808
1306.0000000000 2.554884362808
1307.0000000000 2.554884362808
1308.0000000000 2.554884362808
1309.0000000000 2.554884362808
1310.0000000000 2.554884362808
1311.0000000000 2.554884362808
1312.0000000000 2.554884362808
1313.0000000000 2.554884362808
1314.0000000000 2.554884362808
1315.0000000000 2.554884362808
1316.0000000000 2.554884362808
1317.0000000000 2.554884362808
1318.0000000000 2.554884362808
1319.0000000000 2.554884362808
1320.0000000000 2.554884362808
1321.0000000000 2.554884362808
1322.0000000000 2.554884362808
1323.0000000000 2.554884362808
1324.0000000000 2.554884362808
1325.0000000000 2.554884362808
1326.0000000000 2.554884362808
1327.0000000000 2.554884362808
1328.0000000000 2.554884362808
1329.0000000000 2.554884362808
1330.0000000000 2.554884362808
1331.0000000000 2.554884362808
1332.0000000000 2.554884362808
1333.0000000000 2.554884362808
1334.0000000000 2.554884362808
1335.0000000000 2.554884362808
1336.0000000000 2.554884362808
1337.0000000000 2.554884362808
1338.0000000000 2.554884362808
1339.0000000000 2.554884362808
1340.0000000000 2.554884362808
1341.0000000000 2.554884362808
1342.0000000000 2.554884362808
1343.0000000000 2.554884362808
1344.0000000000 2.554884362808
1345.0000000000 2.554884362808
1346.0000000000 2.554884362808
1347.0000000000 2.554884362808
1348.0000000000 2.554884362808
1349.0000000000 2.554884362808
1350.0000000000 2.554884362808
1351.0000000000 2.554884362808
1352.0000000000 2.554884362808
1353.0000000000 2.554884362808
1354.0000000000 2.554884362808
1355.0000000000 2.554884362808
1356.0000000000 2.554884362808
1357.0000000000 2.554884362808
1358.0000000000 2.554884362808
1359.0000000000 2.554884362808
1360.0000000000 2.554884362808
1361.0000000000 2.554884362808
1362.0000000000 2.554884362808
1363.0000000000 2.554884362808
1364.0000000000 2.554884362808
1365.0000000000 2.554884362808
1366.0000000000 2.554884362808
1367.0000000000 2.554884362808
1368.0000000000 2.554884362808
1369.0000000000 2.554884362808
1370.0000000000 2.554884362808
1371.0000000000 2.554884362808
1372.0000000000 2.554884362808
1373.0000000000 2.554884362808
1374.0000000000 2.554884362808
1375.0000000000 2.554884362808
1376.0000000000 2.554884362808
1377.0000000000 2.554884362808
1378.0000000000 2.554884362808
1379.0000000000 2.554884362808
1380.0000000000 2.554884362808
1381.0000000000 2.554884362808
1382.0000000000 2.554884362808
1383.0000000000 2.554884362808
1384.0000000000 2.554884362808
1385.0000000000 2.554884362808
1386.0000000000 2.554884362808
1387.0000000000 2.554884362808
1388.0000000000 2.554884362808
1389.0000000000 2.554884362808
1390.0000000000 2.554884362808
1391.0000000000 2.554884362808
1392.0000000000 2.554884362808
1393.0000000000 2.554884362808
1394.0000000000 2.554884362808
1395.0000000000 2.554884362808
1396.0000000000 2.554884362808
1397.0000000000 2.554884362808
1398.0000000000 2.554884362808
1399.0000000000 2.554884362808
1400.0000000000 2.554884362808
1401.0000000000 2.554884362808
1402.0000000000 2.554884362808
1403.0000000000 2.554884362808
1404.0000000000 2.554884362808
1405.0000000000 2.554884362808
1406.0000000000 2.554884362808
1407.0000000000 2.554884362808
1408.0000000000 2.554884362808
1409.0000000000 2.554884362808
1410.0000000000 2.554884362808
1411.0000000000 2.554884362808
1412.0000000000 2.554884362808
1413.0000000000 2.554884362808
1414.0000000000 2.554884362808
1415.0000000000 2.554884362808
1416.0000000000 2.554884362808
1417.0000000000 2.554884362808
1418.0000000000 2.554884362808
1419.0000000000 2.554884362808
1420.0000000000 2.554884362808
1421.0000000000 2.554884362808
1422.0000000000 2.554884362808
1423.0000000000 2.554884362808
1424.0000000000 2.554884362808
1425.0000000000 2.554884362808
1426.0000000000 2.554884362808
1427.0000000000 2.554884362808
1428.0000000000 2.554884362808
1429.0000000000 2.554884362808
1430.0000000000 2.554884362808
1431.0000000000 2.554884362808
1432.0000000000 2.554884362808
1433.0000000000 2.554884362808
1434.0000000000 2.554884362808
1435.0000000000 2.554884362808
1436.0000000000 2.554884362808
1437.0000000000 2.554884362808
1438.0000000000 2.554884362808
1439.0000000000 2.554884362808
1440.0000000000 2.554884362808
1441.0000000000 2.554884362808
1442.0000000000 2.554884362808
1443.0000000000 2.554884362808
1444.0000000000 2.554884362808
1445.0000000000 2.554884362808
1446.0000000000 2.554884362808
1447.0000000000 2.554884362808
1448.0000000000 2.554884362808
1449.0000000000 2.554884362808
1450.0000000000 2.554884362808
1451.0000000000 2.554884362808
1452.0000000000 2.554884362808
1453.0000000000 2.554884362808
1454.0000000000 2.554884362808
1455.0000000000 2.554884362808
1456.0000000000 2.554884362808
1457.0000000000 2.554884362808
1458.0000000000 2.554884362808
1459.0000000000 2.554884362808
1460.0000000000 2.554884362808
1461.0000000000 2.554884362808
1462.0000000000 2.554884362808
1463.0000000000 2.554884362808
1464.0000000000 2.554884362808
1465.0000000000 2.554884362808
1466.0000000000 2.554884362808
1467.0000000000 2.554884362808
1468.0000000000 2.554884362808
1469.0000000000 2.554884362808
1470.0000000000 2.554884362808
1471.0000000000 2.554884362808
1472.0000000000 2.554884362808
1473.0000000000 2.554884362808
1474.0000000000 2.554884362808
1475.0000000000 2.554884362808
1476.0000000000 2.554884362808
1477.0000000000 2.554884362808
1478.0000000000 2.554884362808
1479.0000000000 2.554884362808
1480.0000000000 2.554884362808
1481.0000000000 2.554884362808
1482.0000000000 2.554884362808
1483.0000000000 2.554884362808
1484.0000000000 2.554884362808
1485.0000000000 2.554884362808
1486.0000000000 2.554884362808
1487.0000000000 2.554884362808
1488.0000000000 2.554884362808
1489.0000000000 2.554884362808
1490.0000000000 2.554884362808
1491.0000000000 2.554884362808
1492.0000000000 2.554884362808
1493.0000000000 2.554884362808
1494.0000000000 2.554884362808
1495.0000000000 2.554884362808
1496.0000000000 2.554884362808
1497.0000000000 2.554884362808
1498.0000000000 2.554884362808
1499.0000000000 2.554884362808
1500.0000000000 2.554884362808
1501.0000000000 2.554884362808
1502.0000000000 2.554884362808
1503.0000000000 2.554884362808
1504.0000000000 2.554884362808
1505.0000000000 2.554884362808
1506.0000000000 2.554884362808
1507.0000000000 2.554884362808
1508.0000000000 2.554884362808
1509.0000000000 2.554884362808
1510.0000000000 2.554884362808
1511.0000000000 2.554884362808
1512.0000000000 2.554884362808
1513.0000000000 2.554884362808
1514.0000000000 2.554884362808
1515.0000000000 2.554884362808
1516.0000000000 2.554884362808
1517.0000000000 2.554884362808
1518.0000000000 2.554884362808
1519.0000000000 2.554884362808
1520.0000000000 2.554884362808
1521.0000000000 2.554884362808
1522.0000000000 2.554884362808
1523.0000000000 2.554884362808
1524.0000000000 2.554884362808
1525.0000000000 2.554884362808
1526.0000000000 2.554884362808
1527.0000000000 2.554884362808
1528.0000000000 2.554884362808
1529.0000000000 2.554884362808
1530.0000000000 2.554884362808
1531.0000000000 2.554884362808
1532.0000000000 2.554884362808
1533.0000000000 2.554884362808
1534.0000000000 2.554884362808
1535.0000000000 2.554884362808
1536.0000000000 2.554884362808
1537.0000000000 2.554884362808
1538.0000000000 2.554884362808
1539.0000000000 2.554884362808
1540.0000000000 2.554884362808
1541.0000000000 2.554884362808
1542.0000000000 2.554884362808
1543.0000000000 2.554884362808
1544.0000000000 2.554884362808
1545.0000000000 2.554884362808
1546.0000000000 2.554884362808
1547.0000000000 2.554884362808
1548.0000000000 2.554884362808
1549.0000000000 2.554884362808
1550.0000000000 2.554884362808
1551.0000000000 2.554884362808
1552.0000000000 2.554884362808
1553.0000000000 2.554884362808
1554.0000000000 2.554884362808
1555.0000000000 2.554884362808
1556.0000000000 2.554884362808
1557.0000000000 2.554884362808
1558.0000000000 2.554884362808
1559.0000000000 2.554884362808
1560.0000000000 2.554884362808
1561.0000000000 2.554884362808
1562.0000000000 2.554884362808
1563.0000000000 2.554884362808
1564.0000000000 2.554884362808
1565.0000000000 2.554884362808
1566.0000000000 2.554884362808
1567.0000000000 2.554884362808
1568.0000000000 2.554884362808
1569.0000000000 2.554884362808
1570.0000000000 2.554884362808
1571.0000000000 2.554884362808
1572.0000000000 2.554884362808
1573.0000000000 2.554884362808
1574.0000000000 2.554884362808
1575.0000000000 2.554884362808
1576.0000000000 2.554884362808
1577.0000000000 2.554884362808
1578.0000000000 2.554884362808
1579.0000000000 2.554884362808
1580.0000000000 2.554884362808
1581.0000000000 2.554884362808
1582.0000000000 2.554884362808
1583.0000000000 2.554884362808
1584.0000000000 2.554884362808
1585.0000000000 2.554884362808
1586.0000000000 2.554884362808
1587.0000000000 2.554884362808
1588.0000000000 2.554884362808
1589.0000000000 2.554884362808
1590.0000000000 2.554884362808
1591.0000000000 2.554884362808
1592.0000000000 2.554884362808
1593.0000000000 2.554884362808
1594.0000000000 2.554884362808
1595.0000000000 2.554884362808
1596.0000000000 2.554884362808
1597.0000000000 2.554884362808
1598.0000000000 2.554884362808
1599.0000000000 2.554884362808
1600.0000000000 2.554884362808
1601.0000000000 2.554884362808
1602.0000000000 2.554884362808
1603.0000000000 2.554884362808
1604.0000000000 2.554884362808
1605.0000000000 2.554884362808
1606.0000000000 2.554884362808
1607.0000000000 2.554884362808
1608.0000000000 2.554884362808
1609.0000000000 2.554884362808
1610.0000000000 2.554884362808
1611.0000000000 2.554884362808
1612.0000000000 2.554884362808
1613.0000000000 2.554884362808
1614.0000000000 2.554884362808
1615.0000000000 2.554884362808
1616.0000000000 2.554884362808
1617.0000000000 2.554884362808
1618.0000000000 2.554884362808
1619.0000000000 2.554884362808
1620.0000000000 2.554884362808
1621.0000000000 2.554884362808
1622.0000000000 2.554884362808
1623.0000000000 2.554884362808
1624.0000000000 2.554884362808
1625.0000000000 2.554884362808
1626.0000000000 2.554884362808
1627.0000000000 2.554884362808
1628.0000000000 2.554884362808
1629.0000000000 2.554884362808
1630.0000000000 2.554884362808
1631.0000000000 2.554884362808
1632.0000000000 2.554884362808
1633.0000000000 2.554884362808
1634.0000000000 2.554884362808
1635.0000000000 2.554884362808
1636.0000000000 2.554884362808
1637.0000000000 2.554884362808
1638.0000000000 2.554884362808
1639.0000000000 2.554884362808
1640.0000000000 2.554884362808
1641.0000000000 2.554884362808
1642.0000000000 2.554884362808
1643.0000000000 2.554884362808
1644.0000000000 2.554884362808
1645.0000000000 2.554884362808
1646.0000000000 2.554884362808
1647.0000000000 2.554884362808
1648.0000000000 2.554884362808
1649.0000000000 2.554884362808
1650.0000000000 2.554884362808
1651.0000000000 2.554884362808
1652.0000000000 2.554884362808
1653.0000000000 2.554884362808
1654.0000000000 2.554884362808
1655.0000000000 2.554884362808
1656.0000000000 2.554884362808
1657.0000000000 2.554884362808
1658.0000000000 2.554884362808
1659.0000000000 2.554884362808
1660.0000000000 2.554884362808
1661.0000000000 2.554884362808
1662.0000000000 2.554884362808
1663.0000000000 2.554884362808
1664.0000000000 2.554884362808
1665.0000000000 2.554884362808
1666.0000000000 2.554884362808
1667.0000000000 2.554884362808
1668.0000000000 2.554884362808
1669.0000000000 2.554884362808
1670.0000000000 2.554884362808
1671.0000000000 2.554884362808
1672.0000000000 2.554884362808
1673.0000000000 2.554884362808
1674.0000000000 2.554884362808
1675.0000000000 2.554884362808
1676.0000000000 2.554884362808
1677.0000000000 2.554884362808
1678.0000000000 2.554884362808
1679.0000000000 2.554884362808
1680.0000000000 2.554884362808
1681.0000000000 2.554884362808
1682.0000000000 2.554884362808
1683.0000000000 2.554884362808
1684.0000000000 2.554884362808
1685.0000000000 2.554884362808
1686.0000000000 2.554884362808
1687.0000000000 2.554884362808
1688.0000000000 2.554884362808
1689.0000000000 2.554884362808
1690.0000000000 2.554884362808
1691.0000000000 2.554884362808
1692.0000000000 2.554884362808
1693.0000000000 2.554884362808
1694.0000000000 2.554884362808
1695.0000000000 2.554884362808
1696.0000000000 2.554884362808
1697.0000000000 2.554884362808
1698.0000000000 2.554884362808
1699.0000000000 2.554884362808
1700.0000000000 2.554884362808
1701.0000000000 2.554884362808
1702.0000000000 2.554884362808
1703.0000000000 2.554884362808
1704.0000000000 2.554884362808
1705.0000000000 2.554884362808
1706.0000000000 2.554884362808
1707.0000000000 2.554884362808
1708.0000000000 2.554884362808
1709.0000000000 2.554884362808
1710.0000000000 2.554884362808
1711.0000000000 2.554884362808
1712.0000000000 2.554884362808
1713.0000000000 2.554884362808
1714.0000000000 2.554884362808
1715.0000000000 2.554884362808
1716.0000000000 2.554884362808
1717.0000000000 2.554884362808
1718.0000000000 2.554884362808
1719.0000000000 2.554884362808
1720.0000000000 2.554884362808
1721.0000000000 2.554884362808
1722.0000000000 2.554884362808
1723.0000000000 2.554884362808
1724.0000000000 2.554884362808
1725.0000000000 2.554884362808
1726.0000000000 2.554884362808
1727.0000000000 2.554884362808
1728.0000000000 2.554884362808
1729.0000000000 2.554884362808
1730.0000000000 2.554884362808
1731.0000000000 2.554884362808
1732.0000000000 2.554884362808
1733.0000000000 2.554884362808
1734.0000000000 2.554884362808
1735.0000000000 2.554884362808
1736.0000000000 2.554884362808
1737.0000000000 2.554884362808
1738.0000000000 2.554884362808
1739.0000000000 2.554884362808
1740.0000000000 2.554884362808
1741.0000000000 2.554884362808
1742.0000000000 2.554884362808
1743.0000000000 2.554884362808
1744.0000000000 2.554884362808
1745.0000000000 2.554884362808
1746.0000000000 2.554884362808
1747.0000000000 2.554884362808
1748.0000000000 2.554884362808
1749.0000000000 2.554884362808
1750.0000000000 2.554884362808
1751.0000000000 2.554884362808
1752.0000000000 2.554884362808
1753.0000000000 2.554884362808
1754.0000000000 2.554884362808
1755.0000000000 2.554884362808
1756.0000000000 2.554884362808
1757.0000000000 2.554884362808
1758.0000000000 2.554884362808
1759.0000000000 2.554884362808
1760.0000000000 2.554884362808
1761.0000000000 2.554884362808
1762.0000000000 2.554884362808
1763.0000000000 2.554884362808
1764.0000000000 2.554884362808
1765.0000000000 2.554884362808
1766.0000000000 2.554884362808
1767.0000000000 2.554884362808
1768.0000000000 2.554884362808
1769.0000000000 2.554884362808
1770.0000000000 2.554884362808
1771.0000000000 2.554884362808
1772.0000000000 2.554884362808
1773.0000000000 2.554884362808
1774.0000000000 2.554884362808
1775.0000000000 2.554884362808
1776.0000000000 2.554884362808
1777.0000000000 2.554884362808
1778.0000000000 2.554884362808
1779.0000000000 2.554884362808
1780.0000000000 2.554884362808
1781.0000000000 2.554884362808
1782.0000000000 2.554884362808
1783.0000000000 2.554884362808
1784.0000000000 2.554884362808
1785.0000000000 2.554884362808
1786.0000000000 2.554884362808
1787.0000000000 2.554884362808
1788.0000000000 2.554884362808
1789.0000000000 2.554884362808
1790.0000000000 2.554884362808
1791.0000000000 2.554884362808
1792.0000000000 2.554884362808
1793.0000000000 2.554884362808
1794.0000000000 2.554884362808
1795.0000000000 2.554884362808
1796.0000000000 2.554884362808
1797.0000000000 2.554884362808
1798.0000000000 2.554884362808
1799.0000000000 2.554884362808
1800.0000000000 2.554884362808
1801.0000000000 2.554884362808
1802.0000000000 2.554884362808
1803.0000000000 2.554884362808
1804.0000000000 2.554884362808
1805.0000000000 2.554884362808
1806.0000000000 2.554884362808
1807.0000000000 2.554884362808
1808.0000000000 2.554884362808
1809.0000000000 2.554884362808
1810.0000000000 2.554884362808
1811.0000000000 2.554884362808
1812.0000000000 2.554884362808
1813.0000000000 2.554884362808
1814.0000000000 2.554884362808
1815.0000000000 2.554884362808
1816.0000000000 2.554884362808
1817.0000000000 2.554884362808
1818.0000000000 2.554884362808
1819.0000000000 2.554884362808
1820.0000000000 2.554884362808
1821.0000000000 2.554884362808
1822.0000000000 2.554884362808
1823.0000000000 2.554884362808
1824.0000000000 2.554884362808
1825.0000000000 2.554884362808
1826.0000000000 2.554884362808
1827.0000000000 2.554884362808
1828.0000000000 2.554884362808
1829.0000000000 2.554884362808
1830.0000000000 2.554884362808
1831.0000000000 2.554884362808
1832.0000000000 2.554884362808
1833.0000000000 2.554884362808
1834.0000000000 2.554884362808
1835.0000000000 2.554884362808
1836.0000000000 2.554884362808
1837.0000000000 2.554884362808
1838.0000000000 2.554884362808
1839.0000000000 2.554884362808
1840.0000000000 2.554884362808
1841.0000000000 2.554884362808
1842.0000000000 2.554884362808
1843.0000000000 2.554884362808
1844.0000000000 2.554884362808
1845.0000000000 2.554884362808
1846.0000000000 2.554884362808
1847.0000000000 2.554884362808
1848.0000000000 2.554884362808
1849.0000000000 2.554884362808
1850.0000000000 2.554884362808
1851.0000000000 2.554884362808
1852.0000000000 2.554884362808
1853.0000000000 2.554884362808
1854.0000000000 2.554884362808
1855.0000000000 2.554884362808
1856.0000000000 2.554884362808
1857.0000000000 2.554884362808
1858.0000000000 2.554884362808
1859.0000000000 2.554884362808
1860.0000000000 2.554884362808
1861.0000000000 2.554884362808
1862.0000000000 2.554884362808
1863.0000000000 2.554884362808
1864.0000000000 2.554884362808
1865.0000000000 2.554884362808
1866.0000000000 2.554884362808
1867.0000000000 2.554884362808
1868.0000000000 2.554884362808
1869.0000000000 2.554884362808
1870.0000000000 2.554884362808
1871.0000000000 2.554884362808
1872.0000000000 2.554884362808
1873.0000000000 2.554884362808
1874.0000000000 2.554884362808
1875.0000000000 2.554884362808
1876.0000000000 2.554884362808
1877.0000000000 2.554884362808
1878.0000000000 2.554884362808
1879.0000000000 2.554884362808
1880.0000000000 2.554884362808
1881.0000000000 2.554884362808
1882.0000000000 2.554884362808
1883.0000000000 2.554884362808
1884.0000000000 2.554884362808
1885.0000000000 2.554884362808
1886.0000000000 2.554884362808
1887.0000000000 2.554884362808
1888.0000000000 2.554884362808
1889.0000000000 2.554884362808
1890.0000000000 2.554884362808
1891.0000000000 2.554884362808
1892.0000000000 2.554884362808
1893.0000000000 2.554884362808
1894.0000000000 2.554884362808
1895.0000000000 2.554884362808
1896.0000000000 2.554884362808
1897.0000000000 2.554884362808
1898.0000000000 2.554884362808
1899.0000000000 2.554884362808
1900.0000000000 2.554884362808
1901.0000000000 2.554884362808
1902.0000000000 2.554884362808
1903.0000000000 2.554884362808
1904.0000000000 2.554884362808
1905.0000000000 2.554884362808
1906.0000000000 2.554884362808
1907.0000000000 2.554884362808
1908.0000000000 2.554884362808
1909.0000000000 2.554884362808
1910.0000000000 2.554884362808
1911.0000000000 2.554884362808
1912.0000000000 2.554884362808
1913.0000000000 2.554884362808
1914.0000000000 2.554884362808
1915.0000000000 2.554884362808
1916.0000000000 2.554884362808
1917.0000000000 2.554884362808
1918.0000000000 2.554884362808
1919.0000000000 2.554884362808
1920.0000000000 2.554884362808
1921.0000000000 2.554884362808
1922.0000000000 2.554884362808
1923.0000000000 2.554884362808
1924.0000000000 2.554884362808
1925.0000000000 2.554884362808
1926.0000000000 2.554884362808
1927.0000000000 2.554884362808
1928.0000000000 2.554884362808
1929.0000000000 2.554884362808
1930.0000000000 2.554884362808
1931.0000000000 2.554884362808
1932.0000000000 2.554884362808
1933.0000000000 2.554884362808
1934.0000000000 2.554884362808
1935.0000000000 2.554884362808
1936.0000000000 2.554884362808
1937.0000000000 2.554884362808
1938.0000000000 2.554884362808
1939.0000000000 2.554884362808
1940.0000000000 2.554884362808
1941.0000000000 2.554884362808
1942.0000000000 2.554884362808
1943.0000000000 2.554884362808
1944.0000000000 2.554884362808
1945.0000000000 2.554884362808
1946.0000000000 2.554884362808
1947.0000000000 2.554884362808
1948.0000000000 2.554884362808
1949.0000000000 2.554884362808
1950.0000000000 2.554884362808
1951.0000000000 2.554884362808
1952.0000000000 2.554884362808
1953.0000000000 2.554884362808
1954.0000000000 2.554884362808
1955.0000000000 2.554884362808
1956.0000000000 2.554884362808
1957.0000000000 2.554884362808
1958.0000000000 2.554884362808
1959.0000000000 2.554884362808
1960.0000000000 2.554884362808
1961.0000000000 2.554884362808
1962.0000000000 2.554884362808
1963.0000000000 2.554884362808
1964.0000000000 2.554884362808
1965.0000000000 2.554884362808
1966.0000000000 2.554884362808
1967.0000000000 2.554884362808
1968.0000000000 2.554884362808
1969.0000000000 2.554884362808
1970.0000000000 2.554884362808
1971.0000000000 2.554884362808
1972.0000000000 2.554884362808
1973.0000000000 2.554884362808
1974.0000000000 2.554884362808
1975.0000000000 2.554884362808
1976.0000000000 2.554884362808
1977.0000000000 2.554884362808
1978.0000000000 2.554884362808
1979.0000000000 2.554884362808
1980.0000000000 2.554884362808
1981.0000000000 2.554884362808
1982.0000000000 2.554884362808
1983.0000000000 2.554884362808
1984.0000000000 2.554884362808
1985.0000000000 2.554884362808
1986.0000000000 2.554884362808
1987.0000000000 2.554884362808
1988.0000000000 2.554884362808
1989.0000000000 2.554884362808
1990.0000000000 2.554884362808
1991.0000000000 2.554884362808
1992.0000000000 2.554884362808
1993.0000000000 2.554884362808
1994.0000000000 2.554884362808
1995.0000000000 2.554884362808
1996.0000000000 2.554884362808
1997.0000000000 2.554884362808
1998.0000000000 2.554884362808
1999.0000000000 2.554884362808
2000.0000000000 2.554884362808
