# characteristic slip  D_c = int_0^inf R(D/V2) dD
# Lmin = 0.01, Lmax = 1000, tau = 1, V1 = 0.1, V2 = 1, c = 1
# columns: alpha  D_c  D_c/Lmax  u_c=D_c/(V2 tau)  R(u_c)
1.200 1.530117876334664e+02 1.530117876334664e-01 1.530117876334664e+02 3.577799558655165e-01
1.400 1.314073987691368e+02 1.314073987691368e-01 1.314073987691368e+02 3.399637586094394e-01
1.600 1.057510372473039e+02 1.057510372473039e-01 1.057510372473039e+02 3.146717428066073e-01
1.800 7.678480865702865e+01 7.678480865702865e-02 7.678480865702865e+01 2.781988442356517e-01
2.000 4.774825670808165e+01 4.774825670808164e-02 4.774825670808165e+01 2.284417375169915e-01
2.200 2.419297114340766e+01 2.419297114340766e-02 2.419297114340766e+01 1.713064604419093e-01
2.400 9.863228011373986e+00 9.863228011373985e-03 9.863228011373986e+00 1.222560377416991e-01
2.600 3.389502646293145e+00 3.389502646293145e-03 3.389502646293145e+00 9.375831042053094e-02
2.800 1.075929033700451e+00 1.075929033700451e-03 1.075929033700451e+00 8.666488855397937e-02
3.000 3.519136403656455e-01 3.519136403656455e-04 3.519136403656455e-01 9.503963090669615e-02
3.200 1.308918286464028e-01 1.308918286464028e-04 1.308918286464028e-01 1.116455127193648e-01
3.400 5.853604428489007e-02 5.853604428489006e-05 5.853604428489007e-02 1.315004060951935e-01
3.600 3.153148646439179e-02 3.153148646439179e-05 3.153148646439179e-02 1.531148259542418e-01
3.800 1.985113883339898e-02 1.985113883339898e-05 1.985113883339898e-02 1.770513753718133e-01
4.000 1.408558375134948e-02 1.408558375134948e-05 1.408558375134948e-02 2.041971594315166e-01
