# characteristic slip  D_c = int_0^inf R(D/V2) dD
# LMIN   1.000000000000000e-02
# LMAX   1.000000000000000e+03
# V1     1.000000000000000e-01
# V2     1.000000000000000e+00
# TAU    1.000000000000000e+00
# XI_MIN 1.000000000000000e-02
# XI_MAX 1.000000000000000e+03
# r      1.000000000000000e-01
# columns: alpha  Dc  dc=Dc/(V2*tau)  Dc/LMAX
1.200 1.5301178763e+02 1.5301178763e+02 1.5301178763e-01
1.250 1.4797743785e+02 1.4797743785e+02 1.4797743785e-01
1.300 1.4270403392e+02 1.4270403392e+02 1.4270403392e-01
1.350 1.3718292666e+02 1.3718292666e+02 1.3718292666e-01
1.400 1.3140739877e+02 1.3140739877e+02 1.3140739877e-01
1.450 1.2537356521e+02 1.2537356521e+02 1.2537356521e-01
1.500 1.1908149535e+02 1.1908149535e+02 1.1908149535e-01
1.550 1.1253656714e+02 1.1253656714e+02 1.1253656714e-01
1.600 1.0575103725e+02 1.0575103725e+02 1.0575103725e-01
1.650 9.8745768081e+01 9.8745768081e+01 9.8745768081e-02
1.700 9.1551990628e+01 9.1551990628e+01 9.1551990628e-02
1.750 8.4212902148e+01 8.4212902148e+01 8.4212902148e-02
1.800 7.6784808657e+01 7.6784808657e+01 7.6784808657e-02
1.850 6.9337444257e+01 6.9337444257e+01 6.9337444257e-02
1.900 6.1953065274e+01 6.1953065274e+01 6.1953065274e-02
1.950 5.4723968552e+01 5.4723968552e+01 5.4723968552e-02
2.000 4.7748256708e+01 4.7748256708e+01 4.7748256708e-02
2.050 4.1123978265e+01 4.1123978265e+01 4.1123978265e-02
2.100 3.4942165512e+01 3.4942165512e+01 3.4942165512e-02
2.150 2.9279675670e+01 2.9279675670e+01 2.9279675670e-02
2.200 2.4192971143e+01 2.4192971143e+01 2.4192971143e-02
2.250 1.9713931117e+01 1.9713931117e+01 1.9713931117e-02
2.300 1.5848434847e+01 1.5848434847e+01 1.5848434847e-02
2.350 1.2577884765e+01 1.2577884765e+01 1.2577884765e-02
2.400 9.8632280114e+00 9.8632280114e+00 9.8632280114e-03
2.450 7.6505840379e+00 7.6505840379e+00 7.6505840379e-03
2.500 5.8774136559e+00 5.8774136559e+00 5.8774136559e-03
2.550 4.4782741742e+00 4.4782741742e+00 4.4782741742e-03
2.600 3.3895026463e+00 3.3895026463e+00 3.3895026463e-03
2.650 2.5525254399e+00 2.5525254399e+00 2.5525254399e-03
2.700 1.9158000036e+00 1.9158000036e+00 1.9158000036e-03
2.750 1.4355977525e+00 1.4355977525e+00 1.4355977525e-03
2.800 1.0759290337e+00 1.0759290337e+00 1.0759290337e-03
2.850 8.0791669743e-01 8.0791669743e-01 8.0791669743e-04
2.900 6.0887869730e-01 6.0887869730e-01 6.0887869730e-04
2.950 4.6131326773e-01 4.6131326773e-01 4.6131326773e-04
3.000 3.5191364037e-01 3.5191364037e-01 3.5191364037e-04
3.050 2.7068399511e-01 2.7068399511e-01 2.7068399511e-04
3.100 2.1018795863e-01 2.1018795863e-01 2.1018795863e-04
3.150 1.6493461243e-01 1.6493461243e-01 1.6493461243e-04
3.200 1.3089182865e-01 1.3089182865e-01 1.3089182865e-04
3.250 1.0510957683e-01 1.0510957683e-01 1.0510957683e-04
3.300 8.5433784060e-02 8.5433784060e-02 8.5433784060e-05
3.350 7.0292203036e-02 7.0292203036e-02 7.0292203036e-05
3.400 5.8536044285e-02 5.8536044285e-02 5.8536044285e-05
3.450 4.9323915410e-02 4.9323915410e-02 4.9323915410e-05
3.500 4.2037345936e-02 4.2037345936e-02 4.2037345936e-05
3.550 3.6219599077e-02 3.6219599077e-02 3.6219599077e-05
3.600 3.1531486464e-02 3.1531486464e-02 3.1531486464e-05
3.650 2.7719507499e-02 2.7719507499e-02 2.7719507499e-05
3.700 2.4592875762e-02 2.4592875762e-02 2.4592875762e-05
3.750 2.2006932041e-02 2.2006932041e-02 2.2006932041e-05
3.800 1.9851138833e-02 1.9851138833e-02 1.9851138833e-05
3.850 1.8040360302e-02 1.8040360302e-02 1.8040360302e-05
3.900 1.6508500493e-02 1.6508500493e-02 1.6508500493e-05
3.950 1.5203837860e-02 1.5203837860e-02 1.5203837860e-05
4.000 1.4085583751e-02 1.4085583751e-02 1.4085583751e-05
