# alpha = 3.2
# Lmin  = 0.01
# Lmax  = 1000
# tau   = 1
# V1    = 0.1
# V2    = 1
# c     = 1
# xi_min = 0.01
# xi_max = 1000
# DeltaFss = 2.361387380202285e-03
# D_c   = 1.308918286464028e-01
# u_c = D_c/(V2 tau) = 1.308918286464028e-01
# R(u_c) = 1.116455127193648e-01
# columns: u=t/tau, R(u)
1.000000000000000e-04 9.938739061249126e-01
1.039051189336793e-04 9.936353475938147e-01
1.079627374062204e-04 9.933875266483453e-01
1.121788107059891e-04 9.931300858482274e-01
1.165595266824449e-04 9.928626541347584e-01
1.211113148279280e-04 9.925848463260991e-01
1.258408557141013e-04 9.922962625950056e-01
1.307550907968968e-04 9.919964879285057e-01
1.358612326043559e-04 9.916850915689901e-01
1.411667753223186e-04 9.913616264362035e-01
1.466795057934949e-04 9.910256285295926e-01
1.524075149460639e-04 9.906766163104949e-01
1.583592096685727e-04 9.903140900636251e-01
1.645433251485650e-04 9.899375312373218e-01
1.709689376930471e-04 9.895464017620257e-01
1.776454780496086e-04 9.891401433464607e-01
1.845827452477489e-04 9.887181767509796e-01
1.917909209807237e-04 9.882799010375686e-01
1.992805845490198e-04 9.878246927959921e-01
2.070627283873903e-04 9.873519053455833e-01
2.151487741982391e-04 9.868608679121957e-01
2.235505897150335e-04 9.863508847798519e-01
2.322805061203469e-04 9.858212344166548e-01
2.413513361440986e-04 9.852711685745356e-01
2.507763928685497e-04 9.846999113624616e-01
2.605695092676574e-04 9.841066582927521e-01
2.707450585094638e-04 9.834905753002063e-01
2.813179750513180e-04 9.828507977337656e-01
2.923037765588901e-04 9.821864293205255e-01
3.037185866811508e-04 9.814965411019437e-01
3.155791587147396e-04 9.807801703421725e-01
3.279029001924546e-04 9.800363194085246e-01
3.407078984319536e-04 9.792639546241637e-01
3.540129470821606e-04 9.784620050932090e-01
3.678375737063420e-04 9.776293614985597e-01
3.822020684423349e-04 9.767648748728631e-01
3.971275137819903e-04 9.758673553431865e-01
4.126358155135406e-04 9.749355708501014e-01
4.287497348723017e-04 9.739682458420693e-01
4.454929219468996e-04 9.729640599461806e-01
4.628899503900490e-04 9.719216466165321e-01
4.809663534848294e-04 9.708395917617270e-01
4.997486616193922e-04 9.697164323532459e-01
5.192644412250998e-04 9.685506550167182e-01
5.395423352352451e-04 9.673406946083993e-01
5.606121051237321e-04 9.660849327795260e-01
5.825046745854169e-04 9.647816965315507e-01
6.052521749222188e-04 9.634292567656897e-01
6.288879922016120e-04 9.620258268306274e-01
6.534468162567126e-04 9.605695610727215e-01
6.789646915998777e-04 9.590585533935722e-01
7.054790703245417e-04 9.574908358203924e-01
7.330288670729299e-04 9.558643770952386e-01
7.616545161503295e-04 9.541770812898767e-01
7.913980308697395e-04 9.524267864537691e-01
8.223030652139985e-04 9.506112633035340e-01
8.544149779058953e-04 9.487282139630784e-01
8.877808989802900e-04 9.467752707646326e-01
9.224497989559574e-04 9.447499951219382e-01
9.584725607086727e-04 9.426498764880373e-01
9.959020541510277e-04 9.404723314113629e-01
1.034793213828581e-03 9.382147027052145e-01
1.075203119546229e-03 9.358742587472251e-01
1.117191080143139e-03 9.334481929270385e-01
1.160818720539184e-03 9.309336232622458e-01
1.206150072180654e-03 9.283275922045283e-01
1.253251667017966e-03 9.256270666601257e-01
1.302192635153336e-03 9.228289382510038e-01
1.353044806301686e-03 9.199300238456691e-01
1.405882815213737e-03 9.169270663912347e-01
1.460784211215992e-03 9.138167360814058e-01
1.517829572028385e-03 9.105956318982038e-01
1.577102622026649e-03 9.072602835688383e-01
1.638690355122963e-03 9.038071539829178e-01
1.702683162445247e-03 9.002326421193863e-01
1.769174965002465e-03 8.965330865370944e-01
1.838263351530690e-03 8.927047694878397e-01
1.910049721722201e-03 8.887439217160843e-01
1.984639435047864e-03 8.846467280153744e-01
2.062141965391183e-03 8.804093336178427e-01
2.142671061721020e-03 8.760278515000723e-01
2.226344915038755e-03 8.714983706960943e-01
2.313286331844939e-03 8.668169657164725e-01
2.403622914380031e-03 8.619797071812894e-01
2.497487247903738e-03 8.569826737845294e-01
2.595017095287853e-03 8.518219657178526e-01
2.696355599208152e-03 8.464937196931894e-01
2.801651492232151e-03 8.409941257160497e-01
2.911059315111016e-03 8.353194457749722e-01
3.024739643596051e-03 8.294660346272829e-01
3.142859324112624e-03 8.234303628774093e-01
3.265591718637450e-03 8.172090425614537e-01
3.393116959138624e-03 8.107988554707743e-01
3.525622211951828e-03 8.041967844680786e-01
3.663301952480762e-03 7.974000480720914e-01
3.806358250624929e-03 7.904061386115301e-01
3.955001067353747e-03 7.832128642759110e-01
4.109448562862195e-03 7.758183954200201e-01
4.269927416760338e-03 7.682213155107515e-01
4.436673160766607e-03 7.604206771398773e-01
4.609930524393172e-03 7.524160635642780e-01
4.789953794130710e-03 7.442076562766468e-01
4.977007186659796e-03 7.357963091549886e-01
5.171365236636627e-03 7.271836297886893e-01
5.373313199622230e-03 7.183720686330457e-01
5.583147470746565e-03 7.093650167031972e-01
5.801176019721925e-03 7.001669125831610e-01
6.027718842844149e-03 6.907833595963485e-01
6.263108432645010e-03 6.812212540614485e-01
6.507690265885090e-03 6.714889256424404e-01
6.761823310603373e-03 6.615962908944668e-01
7.025880552967686e-03 6.515550212093145e-01
7.300249544699317e-03 6.413787264761410e-01
7.585332971875207e-03 6.310831558959612e-01
7.881549245942516e-03 6.206864175233807e-01
8.189333117813075e-03 6.102092182574834e-01
8.509136315938862e-03 5.996751261670468e-01
8.841428209305172e-03 5.891108572150342e-01
9.186696496314402e-03 5.785465886454288e-01
9.545447920571628e-03 5.680163015139341e-01
9.918209014622368e-03 5.575581550852488e-01
1.030552687273427e-02 5.472110419200954e-01
1.070796995385682e-02 5.369877742875260e-01
1.112612891593757e-02 5.268879921559856e-01
1.156061748281941e-02 5.169112576879320e-01
1.201207334499123e-02 5.070571310524287e-01
1.248115909551393e-02 4.973251700407780e-01
1.296856320249547e-02 4.877149296816631e-01
1.347500101954228e-02 4.782259618562728e-01
1.400121583566991e-02 4.688578149138880e-01
1.454797996621396e-02 4.596100332884417e-01
1.511609588634245e-02 4.504821571165614e-01
1.570639740883311e-02 4.414737218576250e-01
1.631975090784437e-02 4.325842579163761e-01
1.695705659047589e-02 4.238132902686464e-01
1.761924981798528e-02 4.151603380907519e-01
1.830730247859966e-02 4.066249143931373e-01
1.902222441393740e-02 3.982065256588470e-01
1.976506490113303e-02 3.899046714874113e-01
2.053691419284118e-02 3.817188442447461e-01
2.133890511737929e-02 3.736485287196571e-01
2.217221474135790e-02 3.656932017875592e-01
2.303806609723871e-02 3.578523320819994e-01
2.393772997835552e-02 3.501253796746068e-01
2.487252680403331e-02 3.425117957640473e-01
2.584382855754205e-02 3.350110223746008e-01
2.685306079973024e-02 3.276224920649398e-01
2.790170476129292e-02 3.203456276477051e-01
2.899129951674547e-02 3.131798419204532e-01
3.012344424329354e-02 3.061245374085441e-01
3.129980056791472e-02 2.991791061205285e-01
3.252209500609621e-02 2.923429293165756e-01
3.379212149580845e-02 2.856153772904765e-01
3.511174403043318e-02 2.789958091657282e-01
3.648289939451060e-02 2.724835727061986e-01
3.790760000632080e-02 2.660780041418446e-01
3.938793687147105e-02 2.597784280099376e-01
4.092608265182451e-02 2.535841570122265e-01
4.252429485427411e-02 2.474944918884419e-01
4.418491914404197e-02 2.415087213065240e-01
4.591039278736684e-02 2.356261217699253e-01
4.770324822863284e-02 2.298459575423143e-01
4.956611680718921e-02 2.241674805899654e-01
5.150173261931631e-02 2.185899305421127e-01
5.351293653100611e-02 2.131125346694819e-01
5.560268034744621e-02 2.077345078812106e-01
5.777403114532752e-02 2.024550527403138e-01
6.003017577433342e-02 1.972733594978230e-01
6.237442553441787e-02 1.921886061456978e-01
6.481022103573612e-02 1.871999584885606e-01
6.734113724836205e-02 1.823065702342799e-01
6.997088874920279e-02 1.775075831033846e-01
7.270333517381153e-02 1.728021269572565e-01
7.554248688110035e-02 1.681893199450135e-01
7.849251083926641e-02 1.636682686689542e-01
8.155773674157087e-02 1.592380683684029e-01
8.474266336094619e-02 1.548978031217550e-01
8.805196515275861e-02 1.506465460664876e-01
9.149049911541567e-02 1.464833596368643e-01
9.506331191888946e-02 1.424072958190289e-01
9.877564731161660e-02 1.384173964231486e-01
1.026329538166467e-01 1.345126933722355e-01
1.066408927283349e-01 1.306922090072387e-01
1.108053464213138e-01 1.269549564079768e-01
1.151324269839414e-01 1.232999397294393e-01
1.196284851888957e-01 1.197261545529702e-01
1.243001198140810e-01 1.162325882518050e-01
1.291541873275267e-01 1.128182203704226e-01
1.341978119504936e-01 1.094820230171333e-01
1.394383961135555e-01 1.062229612693143e-01
1.448836313210047e-01 1.030399935906739e-01
1.505415094395234e-01 9.993207225991148e-02
1.564203344276928e-01 9.689814381011845e-02
1.625287345235531e-01 9.393714947824969e-02
1.688756749081016e-01 9.104802566398180e-02
1.754704708633165e-01 8.822970439725819e-02
1.823228014440161e-01 8.548111381381129e-02
1.894427236836209e-01 8.280117863794127e-02
1.968406873546676e-01 8.018882067182030e-02
2.045275503057392e-01 7.764295929058641e-02
2.125145943973190e-01 7.516251194248433e-02
2.208135420599605e-01 7.274639465330447e-02
2.294365734990719e-01 7.039352253437002e-02
2.383963445715689e-01 6.810281029332023e-02
2.477060053606326e-01 6.587317274693388e-02
2.573792194758313e-01 6.370352533524393e-02
2.674301841069380e-01 6.159278463618674e-02
2.778736508608712e-01 5.953986888004130e-02
2.887249474123449e-01 5.754369846291030e-02
3.000000000000000e-01 5.560319645850242e-02
3.117153568010376e-01 5.371728912747994e-02
3.238882122186612e-01 5.188490642364269e-02
3.365364321179672e-01 5.010498249622471e-02
3.496785800473350e-01 4.837645618758811e-02
3.633339444837841e-01 4.669827152560996e-02
3.775225671423038e-01 4.506937821006148e-02
3.922652723906904e-01 4.348873209229576e-02
4.075836978130675e-01 4.195529564756529e-02
4.235003259669555e-01 4.046803843930551e-02
4.400385173804849e-01 3.902593757473170e-02
4.572225448381915e-01 3.762797815111119e-02
4.750776290057184e-01 3.627315369208434e-02
4.936299754456950e-01 3.496046657342727e-02
5.129068130791409e-01 3.368892843766077e-02
5.329364341488259e-01 3.245756059693149e-02
5.537482357432465e-01 3.126539442360755e-02
5.753727629421715e-01 3.011147172805079e-02
5.978417536470595e-01 2.899484512305072e-02
6.211881851621706e-01 2.791457837442506e-02
6.454463225947178e-01 2.686974673731837e-02
6.706517691451003e-01 2.585943727775439e-02
6.968415183610414e-01 2.488274917902398e-02
7.240540084322961e-01 2.393879403252148e-02
7.523291786056487e-01 2.302669611266935e-02
7.817085278029726e-01 2.214559263560546e-02
8.122351755283914e-01 2.129463400133884e-02
8.439539251539531e-01 2.047298401911423e-02
8.769113296766704e-01 1.967982011576379e-02
9.111557600434522e-01 1.891433352685943e-02
9.467374761442194e-01 1.817572947051919e-02
9.837087005773638e-01 1.746322730376115e-02
1.022123695295860e+00 1.677606066133775e-02
1.062038841246482e+00 1.611347757702638e-02
1.103512721119026e+00 1.547474058739341e-02
1.146606205327005e+00 1.485912681809103e-02
1.191382541345971e+00 1.426592805279025e-02
1.237907446540621e+00 1.369445078489401e-02
1.286249204616906e+00 1.314401625221893e-02
1.336478765840699e+00 1.261396045487410e-02
1.388669851170148e+00 1.210363415660709e-02
1.442899060454488e+00 1.161240286992778e-02
1.499245984858176e+00 1.113964682535795e-02
1.557793323675301e+00 1.068476092519302e-02
1.618627005705735e+00 1.024715468219706e-02
1.681836315371195e+00 9.826252143685318e-03
1.747514023756251e+00 9.421491801480813e-03
1.815756524766656e+00 9.032326488259371e-03
1.886663976604837e+00 8.658223260824435e-03
1.960340448770138e+00 8.298663270877237e-03
2.036894074799632e+00 7.953141623867859e-03
2.116437210973626e+00 7.621167226532320e-03
2.199086601218789e+00 7.302262623735315e-03
2.284963548450991e+00 6.995963825250842e-03
2.374194092609218e+00 6.701820123123058e-03
2.466909195641994e+00 6.419393900255449e-03
2.563244933717687e+00 6.148260430881135e-03
2.663342696940870e+00 5.888007673567402e-03
2.767349396867870e+00 5.638236057405961e-03
2.875417682126019e+00 5.398558262036375e-03
2.987706162453082e+00 5.168598992142902e-03
3.104379641485743e+00 4.947994747055667e-03
3.225609358638686e+00 4.736393586076223e-03
3.351573240429413e+00 4.533454890133162e-03
3.482456161617554e+00 4.338849120358995e-03
3.618450216541959e+00 4.152257574161694e-03
3.759755001053902e+00 3.973372139345925e-03
3.906577905460009e+00 3.801895046819282e-03
4.059134418905055e+00 3.637538622397094e-03
4.217648445641213e+00 3.480025038197882e-03
4.382352633647975e+00 3.329086064098219e-03
4.553488716085159e+00 3.184462819692149e-03
4.731307866079947e+00 3.045905527176657e-03
4.916071065368889e+00 2.913173265559790e-03
5.108049487335742e+00 2.786033726564015e-03
5.307524895007394e+00 2.664262972572528e-03
5.514790054592065e+00 2.547645196941905e-03
5.730149165166607e+00 2.435972486980373e-03
5.953918305143589e+00 2.329044589867045e-03
6.186425896173555e+00 2.226668681764026e-03
6.428013185163061e+00 2.128659140350610e-03
6.679034745116258e+00 2.034837320986268e-03
6.939858995534819e+00 1.945031336687830e-03
7.210868743140088e+00 1.859075842085281e-03
7.492461743711221e+00 1.776811821500493e-03
7.785051285863559e+00 1.698086381274266e-03
8.089066797624453e+00 1.622752546448372e-03
8.404954476696458e+00 1.550669061892144e-03
8.733177945333049e+00 1.481700197946383e-03
9.074218930788147e+00 1.415715560641778e-03
9.428577972337873e+00 1.352589906534371e-03
9.796775155912346e+00 1.292202962186640e-03
1.017935087741588e+01 1.234439248309917e-03
1.057686663585548e+01 1.179187908571864e-03
1.098990585744228e+01 1.126342543061416e-03
1.141907475187479e+01 1.075801046393438e-03
1.186500320206124e+01 1.027465450425729e-03
1.232834568858659e+01 9.812417715523050e-04
1.280978225028102e+01 9.370398625290686e-04
1.331001948229982e+01 8.947732687805968e-04
1.382979157317952e+01 8.543590891304476e-04
1.436986138239213e+01 8.157178408914866e-04
1.493102155997940e+01 7.787733292475364e-04
1.551409570990988e+01 7.434525208531706e-04
1.611993959886669e+01 7.096854215743694e-04
1.674944241223971e+01 6.774049582893826e-04
1.740352805916578e+01 6.465468646661518e-04
1.808315652853243e+01 6.170495708301577e-04
1.878932529793503e+01 5.888540968345806e-04
1.952307079765527e+01 5.619039498429884e-04
2.028546993181013e+01 5.361450249335344e-04
2.107764165890305e+01 5.115255094328182e-04
2.190074863409793e+01 4.879957906869145e-04
2.275599891562562e+01 4.655083671769025e-04
2.364464773782755e+01 4.440177628861879e-04
2.456799935343925e+01 4.234804448271766e-04
2.552740894781659e+01 4.038547436353935e-04
2.652428462791550e+01 3.851007771397576e-04
2.756008948894323e+01 3.671803768186857e-04
2.863634376171489e+01 3.500570170526703e-04
2.975462704386713e+01 3.336957470851982e-04
3.091658061820281e+01 3.180631256052006e-04
3.212390986157045e+01 3.031271578656212e-04
3.337838674781274e+01 2.888572352542576e-04
3.468185244845824e+01 2.752240772346178e-04
3.603622003497367e+01 2.621996755762149e-04
3.744347728654179e+01 2.497572407954985e-04
3.890568960748640e+01 2.378711507303768e-04
4.042500305862689e+01 2.265169011731341e-04
4.200364750700972e+01 2.156710584884182e-04
4.364393989864183e+01 2.053112141448289e-04
4.534828765902734e+01 1.954159410905637e-04
4.711919222649933e+01 1.859647519054629e-04
4.895925272353314e+01 1.769380586636932e-04
5.087116977142768e+01 1.683171344432352e-04
5.285774945395580e+01 1.600840764201864e-04
5.492190743579904e+01 1.522217704878000e-04
5.706667324181219e+01 1.447138573420096e-04
5.929519470339904e+01 1.375446999770223e-04
6.161074257852353e+01 1.306993525363758e-04
6.401671535213781e+01 1.241635304666178e-04
6.651664422407377e+01 1.179235819225093e-04
6.911419829171611e+01 1.119664603743740e-04
7.181318993506650e+01 1.062796983698699e-04
7.461758041209994e+01 1.008513824041150e-04
7.753148567262615e+01 9.567012885368443e-05
8.055918239919079e+01 9.072506093155776e-05
8.370511428387876e+01 8.600578662162062e-05
8.697389855023633e+01 8.150237755279174e-05
9.037033272988069e+01 7.720534877429417e-05
9.389940170374416e+01 7.310563939497803e-05
9.756628501828874e+01 6.919459405095532e-05
1.013763644874253e+02 6.546394516712604e-05
1.053352320912994e+02 6.190579597943336e-05
1.094486981835319e+02 5.851260428592522e-05
1.137228000189624e+02 5.527716689587705e-05
1.181638106144130e+02 5.219260474737849e-05
1.227782479554735e+02 4.925234866489179e-05
1.275728845628223e+02 4.645012572934970e-05
1.325547574321261e+02 4.377994623438141e-05
1.377311783621005e+02 4.123609120324115e-05
1.431097446858984e+02 3.881310044194696e-05
1.486983504215677e+02 3.650576110504549e-05
1.545051978579489e+02 3.430909675127314e-05
1.605388095930185e+02 3.221835686720520e-05
1.668080410423387e+02 3.022900683776785e-05
1.733220934359824e+02 2.833671834322023e-05
1.800905273230004e+02 2.653736016291910e-05
1.871232766032536e+02 2.482698936683026e-05
1.944306631072082e+02 2.320184287636560e-05
2.020234117450861e+02 2.165832937669716e-05
2.099126662476082e+02 2.019302156322194e-05
2.181100055214347e+02 1.880264870532922e-05
2.266274606433011e+02 1.748408951105219e-05
2.354775325177990e+02 1.623436527655740e-05
2.446732102247126e+02 1.505063330474668e-05
2.542279900828385e+02 1.393018057750115e-05
2.641558954582760e+02 1.287041766628531e-05
2.744714973462470e+02 1.186887286594523e-05
2.851899357566681e+02 1.092318653656098e-05
2.963269419348499e+02 1.003110563815003e-05
3.078988614499402e+02 9.190478442840439e-06
3.199226781850051e+02 8.399249408828649e-06
3.324160392639413e+02 7.655454199984966e-06
3.453972809518240e+02 6.957214834336456e-06
3.588854555666874e+02 6.302734943816186e-06
3.729003594422430e+02 5.690295126566084e-06
3.874625619825798e+02 5.118248371667125e-06
4.025934358514808e+02 4.585015534370581e-06
4.183151883406666e+02 4.089080837620393e-06
4.346508939630145e+02 3.628987372767896e-06
4.516245283185701e+02 3.203332568721484e-06
4.692610032830780e+02 2.810763594123503e-06
4.875862035706593e+02 2.449972651214471e-06
5.066270247243048e+02 2.119692112422699e-06
5.264114125899501e+02 1.818689440852626e-06
5.469684043320484e+02 1.545761822957115e-06
5.683281710508622e+02 1.299730424657578e-06
5.905220620640032e+02 1.079434159420590e-06
6.135826509172174e+02 8.837228259469213e-07
6.375437831919577e+02 7.114494306327722e-07
6.624406261798814e+02 5.614614503704854e-07
6.883097204972150e+02 4.325907059733808e-07
7.151890337147074e+02 3.236413916073071e-07
7.431180160818978e+02 2.333756177637836e-07
7.721376584274933e+02 1.604955339977487e-07
8.022905523208140e+02 1.036206294036396e-07
8.336209525826135e+02 6.125802351014425e-08
8.661748422370356e+02 3.176217418677402e-08
9.000000000000000e+02 1.327782379806961e-08
9.073881271871207e+02 1.056026577111340e-08
9.142304101409105e+02 8.400560955693810e-09
9.205671765275719e+02 6.683543315784320e-09
9.264357745540359e+02 5.318055305481220e-09
9.318707930942038e+02 4.231864261479582e-09
9.369042655519806e+02 3.367680621632206e-09
9.415658586626483e+02 2.680031217777755e-09
9.458830473453537e+02 2.132798557808853e-09
9.498812766372728e+02 1.697280492215101e-09
9.535841116638722e+02 1.350657648266277e-09
9.570133765291773e+02 1.074781184987600e-09
9.601892829446502e+02 8.552127265876663e-10
9.631305493548042e+02 6.804632077303567e-10
9.658545112616640e+02 5.413888760228075e-10
9.683772233983162e+02 4.307116403151075e-10
9.707135543537477e+02 3.426379251604283e-10
9.728772742066797e+02 2.725556435376475e-10
9.748811356849042e+02 2.167931748786993e-10
9.767369493284638e+02 1.724275958152563e-10
9.784556530996812e+02 1.371320582321118e-10
9.800473768503111e+02 1.090542985061772e-10
9.815215020257771e+02 8.671991351134028e-11
9.828867169583822e+02 6.895534659432948e-11
9.841510680753889e+02 5.482656322001787e-11
9.853220073237793e+02 4.359021842157067e-11
9.864064360912147e+02 3.465477135254286e-11
9.874107458820583e+02 2.754952134642299e-11
9.883408559882016e+02 2.189995270691968e-11
9.892022483767229e+02 1.740810390511044e-11
9.900000000000000e+02 1.383693829143826e-11
9.907388127187121e+02 1.099790158098850e-11
9.914230410140910e+02 8.741017137295656e-12
9.920567176527571e+02 6.947002115410254e-12
9.926435774554036e+02 5.520992705044232e-12
9.931870793094204e+02 4.387550507185766e-12
9.936904265551980e+02 3.486688833561002e-12
9.941565858662649e+02 2.770710901390954e-12
9.945883047345354e+02 2.201694264434107e-12
9.949881276637273e+02 1.749489572677132e-12
9.953584111663872e+02 1.390128638025353e-12
9.957013376529177e+02 1.104558197065679e-12
9.960189282944650e+02 8.776328163267801e-13
9.963130549354804e+02 6.973139665564059e-13
9.965854511261664e+02 5.540331065972360e-13
9.968377223398315e+02 4.401852273131877e-13
9.970713554353747e+02 3.497261602126920e-13
9.972877274206679e+02 2.778524113510669e-13
9.974881135684905e+02 2.207466235396155e-13
9.976736949328464e+02 1.753752257296585e-13
9.978455653099682e+02 1.393275784040181e-13
9.980047376850312e+02 1.106881118574102e-13
9.981521502025778e+02 8.793469502633260e-14
9.982886716958383e+02 6.985785733902164e-14
9.984151068075389e+02 5.549658758658881e-14
9.985322007323779e+02 4.408730994162149e-14
9.986406436091215e+02 3.502333403610856e-14
9.987410745882058e+02 2.782263012452585e-14
9.988340855988201e+02 2.210222097933460e-14
9.989202248376723e+02 1.755783251713818e-14
9.990000000000000e+02 1.394772370806978e-14
9.990738812718713e+02 1.107983777907833e-14
9.991423041014092e+02 8.801592776153860e-15
9.992056717652757e+02 6.991769501766858e-15
9.992643577455403e+02 5.554066090451107e-15
9.993187079309420e+02 4.411976910031177e-15
9.993690426555198e+02 3.504723757468399e-15
9.994156585866265e+02 2.784023176978607e-15
9.994588304734535e+02 2.211518121698689e-15
9.994988127663728e+02 1.756737460957774e-15
9.995358411166387e+02 1.395474872499579e-15
9.995701337652918e+02 1.108500939447396e-15
9.996018928294465e+02 8.805399768424589e-16
9.996313054935481e+02 6.994571813238211e-16
9.996585451126166e+02 5.556128766526888e-16
9.996837722339832e+02 4.413495104250965e-16
9.997071355435376e+02 3.505841152324790e-16
9.997287727420669e+02 2.784845552713836e-16
9.997488113568490e+02 2.212123350178748e-16
9.997673694932846e+02 1.757182865813863e-16
9.997845565309968e+02 1.395802649180637e-16
9.998004737685031e+02 1.108742146277774e-16
9.998152150202577e+02 8.807174736096563e-17
9.998288671695839e+02 6.995877928112990e-17
9.998415106807539e+02 5.557089854456692e-17
9.998532200732378e+02 4.414202294671634e-17
9.998640643609122e+02 3.506361509733848e-17
9.998741074588205e+02 2.785228430197490e-17
9.998834085598820e+02 2.212405065939048e-17
9.998920224837672e+02 1.757390145248597e-17
9.999000000000000e+02 1.395955158186907e-17
9.999073881271871e+02 1.108854355720003e-17
9.999142304101409e+02 8.808000314523141e-18
9.999205671765276e+02 6.996485339164900e-18
9.999264357745541e+02 5.557536746640238e-18
9.999318707930942e+02 4.414531084910198e-18
9.999369042655519e+02 3.506603407246212e-18
9.999415658586627e+02 2.785406397597863e-18
9.999458830473453e+02 2.212535998134391e-18
9.999498812766373e+02 1.757486472570187e-18
9.999535841116639e+02 1.396026026134877e-18
9.999570133765292e+02 1.108906492924590e-18
9.999601892829446e+02 8.808383883389959e-19
9.999631305493548e+02 6.996767526007786e-19
9.999658545112617e+02 5.557744347049339e-19
9.999683772233983e+02 4.414683812613823e-19
9.999707135543538e+02 3.506715765685318e-19
9.999728772742067e+02 2.785489056983259e-19
9.999748811356849e+02 2.212596808419073e-19
9.999767369493284e+02 1.757531208945691e-19
9.999784556530997e+02 1.396058937273268e-19
9.999800473768503e+02 1.108930704560905e-19
9.999815215020258e+02 8.808561999848794e-20
9.999828867169583e+02 6.996898559853679e-20
9.999841510680753e+02 5.557840743641335e-20
9.999853220073238e+02 4.414754727676916e-20
9.999864064360912e+02 3.506767935023610e-20
9.999874107458820e+02 2.785527435771946e-20
9.999883408559882e+02 2.212625042007619e-20
9.999892022483767e+02 1.757551979119492e-20
9.999900000000000e+02 1.396074216960160e-20
9.999907388127187e+02 1.108941945107340e-20
9.999914230410141e+02 8.808644691491266e-21
9.999920567176528e+02 6.996959391965272e-21
9.999926435774554e+02 5.557885494900369e-21
9.999931870793095e+02 4.414787648993048e-21
9.999936904265552e+02 3.506792153599399e-21
9.999941565858662e+02 2.785545252184111e-21
9.999945883047345e+02 2.212638148626243e-21
9.999949881276638e+02 1.757561620925896e-21
9.999953584111664e+02 1.396081309937472e-21
9.999957013376529e+02 1.108947163076031e-21
9.999960189282945e+02 8.808683077113968e-22
9.999963130549355e+02 6.996987630120191e-22
9.999965854511262e+02 5.557906268258021e-22
9.999968377223398e+02 4.414802930992897e-22
9.999970713554353e+02 3.506803395906178e-22
9.999972877274207e+02 2.785553522189330e-22
9.999974881135685e+02 2.212644232591166e-22
9.999976736949328e+02 1.757566096653062e-22
9.999978455653101e+02 1.396084602281341e-22
9.999980047376851e+02 1.108949585122360e-22
9.999981521502026e+02 8.808700894858034e-23
9.999982886716958e+02 6.997000738239225e-23
9.999984151068076e+02 5.557915910752463e-23
9.999985322007324e+02 4.414810024537901e-23
9.999986406436091e+02 3.506808614367391e-23
9.999987410745882e+02 2.785557360905769e-23
9.999988340855989e+02 2.212647056056838e-23
9.999989202248377e+02 1.757568174162660e-23
9.999990000000000e+02 1.396086130609716e-23
