# alpha = 1.2
# Lmin  = 0.01
# Lmax  = 1000
# tau   = 1
# V1    = 0.1
# V2    = 1
# c     = 1
# xi_min = 0.01
# xi_max = 1000
# DeltaFss = 6.273894314228547e+01
# D_c   = 1.530117876334664e+02
# u_c = D_c/(V2 tau) = 1.530117876334664e+02
# R(u_c) = 3.577799558655165e-01
# columns: u=t/tau, R(u)
1.000000000000000e-04 9.999969291263258e-01
1.039051189336793e-04 9.999968092181419e-01
1.079627374062204e-04 9.999966846284433e-01
1.121788107059891e-04 9.999965551744940e-01
1.165595266824449e-04 9.999964206664285e-01
1.211113148279280e-04 9.999962809069749e-01
1.258408557141013e-04 9.999961356911644e-01
1.307550907968968e-04 9.999959848060326e-01
1.358612326043559e-04 9.999958280303073e-01
1.411667753223186e-04 9.999956651340853e-01
1.466795057934949e-04 9.999954958784961e-01
1.524075149460639e-04 9.999953200153526e-01
1.583592096685727e-04 9.999951372867861e-01
1.645433251485650e-04 9.999949474248739e-01
1.709689376930471e-04 9.999947501512421e-01
1.776454780496086e-04 9.999945451766623e-01
1.845827452477489e-04 9.999943322006291e-01
1.917909209807237e-04 9.999941109109181e-01
1.992805845490198e-04 9.999938809831332e-01
2.070627283873903e-04 9.999936420802297e-01
2.151487741982391e-04 9.999933938520245e-01
2.235505897150335e-04 9.999931359346829e-01
2.322805061203469e-04 9.999928679501890e-01
2.413513361440986e-04 9.999925895057930e-01
2.507763928685497e-04 9.999923001934390e-01
2.605695092676574e-04 9.999919995891677e-01
2.707450585094638e-04 9.999916872525008e-01
2.813179750513180e-04 9.999913627257965e-01
2.923037765588901e-04 9.999910255335841e-01
3.037185866811508e-04 9.999906751818697e-01
3.155791587147396e-04 9.999903111574160e-01
3.279029001924546e-04 9.999899329269972e-01
3.407078984319536e-04 9.999895399366202e-01
3.540129470821606e-04 9.999891316107188e-01
3.678375737063420e-04 9.999887073513163e-01
3.822020684423349e-04 9.999882665371566e-01
3.971275137819903e-04 9.999878085227976e-01
4.126358155135406e-04 9.999873326376769e-01
4.287497348723017e-04 9.999868381851356e-01
4.454929219468996e-04 9.999863244414053e-01
4.628899503900490e-04 9.999857906545582e-01
4.809663534848294e-04 9.999852360434169e-01
4.997486616193922e-04 9.999846597964187e-01
5.192644412250998e-04 9.999840610704417e-01
5.395423352352451e-04 9.999834389895794e-01
5.606121051237321e-04 9.999827926438761e-01
5.825046745854169e-04 9.999821210880047e-01
6.052521749222188e-04 9.999814233399025e-01
6.288879922016120e-04 9.999806983793493e-01
6.534468162567126e-04 9.999799451464921e-01
6.789646915998777e-04 9.999791625403173e-01
7.054790703245417e-04 9.999783494170554e-01
7.330288670729299e-04 9.999775045885377e-01
7.616545161503295e-04 9.999766268204784e-01
7.913980308697395e-04 9.999757148306981e-01
8.223030652139985e-04 9.999747672872789e-01
8.544149779058953e-04 9.999737828066472e-01
8.877808989802900e-04 9.999727599515856e-01
9.224497989559574e-04 9.999716972291697e-01
9.584725607086727e-04 9.999705930886233e-01
9.959020541510277e-04 9.999694459191002e-01
1.034793213828581e-03 9.999682540473720e-01
1.075203119546229e-03 9.999670157354378e-01
1.117191080143139e-03 9.999657291780385e-01
1.160818720539184e-03 9.999643925000796e-01
1.206150072180654e-03 9.999630037539585e-01
1.253251667017966e-03 9.999615609167872e-01
1.302192635153336e-03 9.999600618875184e-01
1.353044806301686e-03 9.999585044839561e-01
1.405882815213737e-03 9.999568864396621e-01
1.460784211215992e-03 9.999552054007416e-01
1.517829572028385e-03 9.999534589225153e-01
1.577102622026649e-03 9.999516444660629e-01
1.638690355122963e-03 9.999497593946425e-01
1.702683162445247e-03 9.999478009699762e-01
1.769174965002465e-03 9.999457663484022e-01
1.838263351530690e-03 9.999436525768804e-01
1.910049721722201e-03 9.999414565888590e-01
1.984639435047864e-03 9.999391751999842e-01
2.062141965391183e-03 9.999368051036585e-01
2.142671061721020e-03 9.999343428664352e-01
2.226344915038755e-03 9.999317849232506e-01
2.313286331844939e-03 9.999291275724800e-01
2.403622914380031e-03 9.999263669708198e-01
2.497487247903738e-03 9.999234991279876e-01
2.595017095287853e-03 9.999205199012327e-01
2.696355599208152e-03 9.999174249896510e-01
2.801651492232151e-03 9.999142099283047e-01
2.911059315111016e-03 9.999108700821311e-01
3.024739643596051e-03 9.999074006396432e-01
3.142859324112624e-03 9.999037966064084e-01
3.265591718637450e-03 9.999000527983081e-01
3.393116959138624e-03 9.998961638345606e-01
3.525622211951828e-03 9.998921241305100e-01
3.663301952480762e-03 9.998879278901762e-01
3.806358250624929e-03 9.998835690985448e-01
3.955001067353747e-03 9.998790415136120e-01
4.109448562862195e-03 9.998743386581607e-01
4.269927416760338e-03 9.998694538112706e-01
4.436673160766607e-03 9.998643799995552e-01
4.609930524393172e-03 9.998591099881148e-01
4.789953794130710e-03 9.998536362712086e-01
4.977007186659796e-03 9.998479510626310e-01
5.171365236636627e-03 9.998420462857938e-01
5.373313199622230e-03 9.998359135635040e-01
5.583147470746565e-03 9.998295442074412e-01
5.801176019721925e-03 9.998229292073172e-01
6.027718842844149e-03 9.998160592197292e-01
6.263108432645010e-03 9.998089245566898e-01
6.507690265885090e-03 9.998015151738449e-01
6.761823310603373e-03 9.997938206583665e-01
7.025880552967686e-03 9.997858302165279e-01
7.300249544699317e-03 9.997775326609573e-01
7.585332971875207e-03 9.997689163975753e-01
7.881549245942516e-03 9.997599694122167e-01
8.189333117813075e-03 9.997506792569443e-01
8.509136315938862e-03 9.997410330360552e-01
8.841428209305172e-03 9.997310173918004e-01
9.186696496314402e-03 9.997206184898116e-01
9.545447920571628e-03 9.997098220042651e-01
9.918209014622368e-03 9.996986131027891e-01
1.030552687273427e-02 9.996869764162600e-01
1.070796995385682e-02 9.996748959145927e-01
1.112612891593757e-02 9.996623549290027e-01
1.156061748281941e-02 9.996493361798493e-01
1.201207334499123e-02 9.996358217554732e-01
1.248115909551393e-02 9.996217930900433e-01
1.296856320249547e-02 9.996072309406890e-01
1.347500101954228e-02 9.995921153638826e-01
1.400121583566991e-02 9.995764256910709e-01
1.454797996621396e-02 9.995601405035159e-01
1.511609588634245e-02 9.995432376063397e-01
1.570639740883311e-02 9.995256940017384e-01
1.631975090784437e-02 9.995074858613506e-01
1.695705659047589e-02 9.994885884977619e-01
1.761924981798528e-02 9.994689763351081e-01
1.830730247859966e-02 9.994486228787713e-01
1.902222441393740e-02 9.994275006841349e-01
1.976506490113303e-02 9.994055813243781e-01
2.053691419284118e-02 9.993828353572821e-01
2.133890511737929e-02 9.993592322910332e-01
2.217221474135790e-02 9.993347405489836e-01
2.303806609723871e-02 9.993093274333659e-01
2.393772997835552e-02 9.992829590879108e-01
2.487252680403331e-02 9.992556004593728e-01
2.584382855754205e-02 9.992272152579119e-01
2.685306079973024e-02 9.991977659163269e-01
2.790170476129292e-02 9.991672135481011e-01
2.899129951674547e-02 9.991355179042466e-01
3.012344424329354e-02 9.991026373289126e-01
3.129980056791472e-02 9.990685287137433e-01
3.252209500609621e-02 9.990331474509506e-01
3.379212149580845e-02 9.989964473850834e-01
3.511174403043318e-02 9.989583807634703e-01
3.648289939451060e-02 9.989188981853051e-01
3.790760000632080e-02 9.988779485493624e-01
3.938793687147105e-02 9.988354790003059e-01
4.092608265182451e-02 9.987914348735830e-01
4.252429485427411e-02 9.987457596388704e-01
4.418491914404197e-02 9.986983948420586e-01
4.591039278736684e-02 9.986492800457462e-01
4.770324822863284e-02 9.985983527682344e-01
4.956611680718921e-02 9.985455484209924e-01
5.150173261931631e-02 9.984908002445847e-01
5.351293653100611e-02 9.984340392430333e-01
5.560268034744621e-02 9.983751941166145e-01
5.777403114532752e-02 9.983141911930541e-01
6.003017577433342e-02 9.982509543571307e-01
6.237442553441787e-02 9.981854049786569e-01
6.481022103573612e-02 9.981174618388391e-01
6.734113724836205e-02 9.980470410550007e-01
6.997088874920279e-02 9.979740560036696e-01
7.270333517381153e-02 9.978984172420112e-01
7.554248688110035e-02 9.978200324276195e-01
7.849251083926641e-02 9.977388062366556e-01
8.155773674157087e-02 9.976546402803305e-01
8.474266336094619e-02 9.975674330197484e-01
8.805196515275861e-02 9.974770796791022e-01
9.149049911541567e-02 9.973834721572377e-01
9.506331191888946e-02 9.972864989375888e-01
9.877564731161660e-02 9.971860449965058e-01
1.026329538166467e-01 9.970819917099790e-01
1.066408927283349e-01 9.969742167587907e-01
1.108053464213138e-01 9.968625940320984e-01
1.151324269839414e-01 9.967469935294875e-01
1.196284851888957e-01 9.966272812615089e-01
1.243001198140810e-01 9.965033191487362e-01
1.291541873275267e-01 9.963749649193649e-01
1.341978119504936e-01 9.962420720054009e-01
1.394383961135555e-01 9.961044894374607e-01
1.448836313210047e-01 9.959620617382279e-01
1.505415094395234e-01 9.958146288146131e-01
1.564203344276928e-01 9.956620258486480e-01
1.625287345235531e-01 9.955040831871730e-01
1.688756749081016e-01 9.953406262303579e-01
1.754704708633165e-01 9.951714753191102e-01
1.823228014440161e-01 9.949964456214200e-01
1.894427236836209e-01 9.948153470176987e-01
1.968406873546676e-01 9.946279839851633e-01
2.045275503057392e-01 9.944341554813241e-01
2.125145943973190e-01 9.942336548266328e-01
2.208135420599605e-01 9.940262695863468e-01
2.294365734990719e-01 9.938117814516699e-01
2.383963445715689e-01 9.935899661202243e-01
2.477060053606326e-01 9.933605931759130e-01
2.573792194758313e-01 9.931234259682260e-01
2.674301841069380e-01 9.928782214910505e-01
2.778736508608712e-01 9.926247302610290e-01
2.887249474123449e-01 9.923626961955266e-01
3.000000000000000e-01 9.920918564902502e-01
3.117153568010376e-01 9.918119414965626e-01
3.238882122186612e-01 9.915226745985417e-01
3.365364321179672e-01 9.912237720898172e-01
3.496785800473350e-01 9.909149430502212e-01
3.633339444837841e-01 9.905958892222806e-01
3.775225671423038e-01 9.902663048875818e-01
3.922652723906904e-01 9.899258767430226e-01
4.075836978130675e-01 9.895742837769670e-01
4.235003259669555e-01 9.892111971453165e-01
4.400385173804849e-01 9.888362800474969e-01
4.572225448381915e-01 9.884491876023584e-01
4.750776290057184e-01 9.880495667239895e-01
4.936299754456950e-01 9.876370559974177e-01
5.129068130791409e-01 9.872112855541895e-01
5.329364341488259e-01 9.867718769478006e-01
5.537482357432465e-01 9.863184430289494e-01
5.753727629421715e-01 9.858505878205720e-01
5.978417536470595e-01 9.853679063926313e-01
6.211881851621706e-01 9.848699847366099e-01
6.454463225947178e-01 9.843563996396627e-01
6.706517691451003e-01 9.838267185583860e-01
6.968415183610414e-01 9.832804994921447e-01
7.240540084322961e-01 9.827172908559151e-01
7.523291786056487e-01 9.821366313525930e-01
7.817085278029726e-01 9.815380498447079e-01
8.122351755283914e-01 9.809210652255134e-01
8.439539251539531e-01 9.802851862893923e-01
8.769113296766704e-01 9.796299116015507e-01
9.111557600434522e-01 9.789547293669647e-01
9.467374761442194e-01 9.782591172985455e-01
9.837087005773638e-01 9.775425424845189e-01
1.022123695295860e+00 9.768044612549990e-01
1.062038841246482e+00 9.760443190477642e-01
1.103512721119026e+00 9.752615502732493e-01
1.146606205327005e+00 9.744555781787793e-01
1.191382541345971e+00 9.736258147120889e-01
1.237907446540621e+00 9.727716603841893e-01
1.286249204616906e+00 9.718925041316471e-01
1.336478765840699e+00 9.709877231783826e-01
1.388669851170148e+00 9.700566828970828e-01
1.442899060454488e+00 9.690987366703786e-01
1.499245984858176e+00 9.681132257519254e-01
1.557793323675301e+00 9.670994791275657e-01
1.618627005705735e+00 9.660568133767783e-01
1.681836315371195e+00 9.649845325346219e-01
1.747514023756251e+00 9.638819279544298e-01
1.815756524766656e+00 9.627482781715166e-01
1.886663976604837e+00 9.615828487681943e-01
1.960340448770138e+00 9.603848922404224e-01
2.036894074799632e+00 9.591536478664289e-01
2.116437210973626e+00 9.578883415776829e-01
2.199086601218789e+00 9.565881858326147e-01
2.284963548450991e+00 9.552523794935095e-01
2.374194092609218e+00 9.538801077070349e-01
2.466909195641994e+00 9.524705417888747e-01
2.563244933717687e+00 9.510228391129876e-01
2.663342696940870e+00 9.495361430060261e-01
2.767349396867870e+00 9.480095826474840e-01
2.875417682126019e+00 9.464422729761647e-01
2.987706162453082e+00 9.448333146036028e-01
3.104379641485743e+00 9.431817937350926e-01
3.225609358638686e+00 9.414867820990007e-01
3.351573240429413e+00 9.397473368850946e-01
3.482456161617554e+00 9.379625006926149e-01
3.618450216541959e+00 9.361313014888898e-01
3.759755001053902e+00 9.342527525792845e-01
3.906577905460009e+00 9.323258525893410e-01
4.059134418905055e+00 9.303495854599770e-01
4.217648445641213e+00 9.283229204566619e-01
4.382352633647975e+00 9.262448121935065e-01
4.553488716085159e+00 9.241142006732569e-01
4.731307866079947e+00 9.219300113442011e-01
4.916071065368889e+00 9.196911551750540e-01
5.108049487335742e+00 9.173965287489041e-01
5.307524895007394e+00 9.150450143773664e-01
5.514790054592065e+00 9.126354802361064e-01
5.730149165166607e+00 9.101667805229602e-01
5.953918305143589e+00 9.076377556399063e-01
6.186425896173555e+00 9.050472324001954e-01
6.428013185163061e+00 9.023940242619884e-01
6.679034745116258e+00 8.996769315899054e-01
6.939858995534819e+00 8.968947419459241e-01
7.210868743140088e+00 8.940462304111351e-01
7.492461743711221e+00 8.911301599398974e-01
7.785051285863559e+00 8.881452817480019e-01
8.089066797624453e+00 8.850903357364938e-01
8.404954476696458e+00 8.819640509528778e-01
8.733177945333049e+00 8.787651460914743e-01
9.074218930788147e+00 8.754923300347571e-01
9.428577972337873e+00 8.721443024375723e-01
9.796775155912346e+00 8.687197543561962e-01
1.017935087741588e+01 8.652173689242473e-01
1.057686663585548e+01 8.616358220775521e-01
1.098990585744228e+01 8.579737833301118e-01
1.141907475187479e+01 8.542299166034057e-01
1.186500320206124e+01 8.504028811113206e-01
1.232834568858659e+01 8.464913323030848e-01
1.280978225028102e+01 8.424939228666464e-01
1.331001948229982e+01 8.384093037950161e-01
1.382979157317952e+01 8.342361255181816e-01
1.436986138239213e+01 8.299730391032554e-01
1.493102155997940e+01 8.256186975256179e-01
1.551409570990988e+01 8.211717570139018e-01
1.611993959886669e+01 8.166308784717111e-01
1.674944241223971e+01 8.119947289791033e-01
1.740352805916578e+01 8.072619833768936e-01
1.808315652853243e+01 8.024313259369608e-01
1.878932529793503e+01 7.975014521218009e-01
1.952307079765527e+01 7.924710704366651e-01
2.028546993181013e+01 7.873389043776906e-01
2.107764165890305e+01 7.821036944795431e-01
2.190074863409793e+01 7.767642004661341e-01
2.275599891562562e+01 7.713192035080966e-01
2.364464773782755e+01 7.657675085907517e-01
2.456799935343925e+01 7.601079469964014e-01
2.552740894781659e+01 7.543393789048423e-01
2.652428462791550e+01 7.484606961160725e-01
2.756008948894323e+01 7.424708248992475e-01
2.863634376171489e+01 7.363687289719866e-01
2.975462704386713e+01 7.301534126142075e-01
3.091658061820281e+01 7.238239239207258e-01
3.212390986157045e+01 7.173793581968942e-01
3.337838674781274e+01 7.108188615016149e-01
3.468185244845824e+01 7.041416343420908e-01
3.603622003497367e+01 6.973469355247022e-01
3.744347728654179e+01 6.904340861664271e-01
3.890568960748640e+01 6.834024738712222e-01
4.042500305862689e+01 6.762515570757771e-01
4.200364750700972e+01 6.689808695690397e-01
4.364393989864183e+01 6.615900251898699e-01
4.534828765902734e+01 6.540787227071395e-01
4.711919222649933e+01 6.464467508865082e-01
4.895925272353314e+01 6.386939937480243e-01
5.087116977142768e+01 6.308204360185882e-01
5.285774945395580e+01 6.228261687831556e-01
5.492190743579904e+01 6.147113953384102e-01
5.706667324181219e+01 6.064764372524064e-01
5.929519470339904e+01 5.981217406334643e-01
6.161074257852353e+01 5.896478826113075e-01
6.401671535213781e+01 5.810555780331180e-01
6.651664422407377e+01 5.723456863767996e-01
6.911419829171611e+01 5.635192188833362e-01
7.181318993506650e+01 5.545773459096218e-01
7.461758041209994e+01 5.455214045026135e-01
7.753148567262615e+01 5.363529061950217e-01
8.055918239919079e+01 5.270735450220496e-01
8.370511428387876e+01 5.176852057579182e-01
8.697389855023633e+01 5.081899723700083e-01
9.037033272988069e+01 4.985901366874665e-01
9.389940170374416e+01 4.888882072800051e-01
9.756628501828874e+01 4.790869185413746e-01
1.013763644874253e+02 4.691892399706017e-01
1.053352320912994e+02 4.591983856425192e-01
1.094486981835319e+02 4.491178238573914e-01
1.137228000189624e+02 4.389512869574936e-01
1.181638106144130e+02 4.287027812963429e-01
1.227782479554735e+02 4.183765973438875e-01
1.275728845628223e+02 4.079773199082677e-01
1.325547574321261e+02 3.975098384517733e-01
1.377311783621005e+02 3.869793574753130e-01
1.431097446858984e+02 3.763914069419658e-01
1.486983504215677e+02 3.657518527060785e-01
1.545051978579489e+02 3.550669069097300e-01
1.605388095930185e+02 3.443431383032238e-01
1.668080410423387e+02 3.335874824405209e-01
1.733220934359824e+02 3.228072516940476e-01
1.800905273230004e+02 3.120101450261153e-01
1.871232766032536e+02 3.012042574460770e-01
1.944306631072082e+02 2.903980890732532e-01
2.020234117450861e+02 2.796005537154653e-01
2.099126662476082e+02 2.688209868614924e-01
2.181100055214347e+02 2.580691529728033e-01
2.266274606433011e+02 2.473552519452823e-01
2.354775325177990e+02 2.366899245950501e-01
2.446732102247126e+02 2.260842570036907e-01
2.542279900828385e+02 2.155497835367814e-01
2.641558954582760e+02 2.050984883252147e-01
2.744714973462470e+02 1.947428049709272e-01
2.851899357566681e+02 1.844956142066262e-01
2.963269419348499e+02 1.743702392023282e-01
3.078988614499402e+02 1.643804381690148e-01
3.199226781850051e+02 1.545403938604761e-01
3.324160392639413e+02 1.448646995171455e-01
3.453972809518240e+02 1.353683407287671e-01
3.588854555666874e+02 1.260666726141922e-01
3.729003594422430e+02 1.169753916238749e-01
3.874625619825798e+02 1.081105011606731e-01
4.025934358514808e+02 9.948827008336319e-02
4.183151883406666e+02 9.112518299972686e-02
4.346508939630145e+02 8.303788106563062e-02
4.516245283185701e+02 7.524309177462120e-02
4.692610032830780e+02 6.775754593787088e-02
4.875862035706593e+02 6.059787970187033e-02
5.066270247243048e+02 5.378051901074105e-02
5.264114125899501e+02 4.732154336381533e-02
5.469684043320484e+02 4.123652500890095e-02
5.683281710508622e+02 3.554033879353417e-02
5.905220620640032e+02 3.024693669362463e-02
6.135826509172174e+02 2.536907943910632e-02
6.375437831919577e+02 2.091801549310889e-02
6.624406261798814e+02 1.690309466182410e-02
6.883097204972150e+02 1.333129942254438e-02
7.151890337147074e+02 1.020667102564086e-02
7.431180160818978e+02 7.529598506790321e-03
7.721376584274933e+02 5.295925142542161e-03
8.022905523208140e+02 3.495805375574971e-03
8.336209525826135e+02 2.112209755902084e-03
8.661748422370356e+02 1.118913839012087e-03
9.000000000000000e+02 4.776930716061954e-04
9.073881271871207e+02 3.816116734918063e-04
9.142304101409105e+02 3.048003671840516e-04
9.205671765275719e+02 2.434027142637611e-04
9.264357745540359e+02 1.943335498036946e-04
9.318707930942038e+02 1.551244008047336e-04
9.369042655519806e+02 1.238000951542590e-04
9.415658586626483e+02 9.878018140723099e-05
9.458830473453537e+02 7.880011503066172e-05
9.498812766372728e+02 6.284821278401094e-05
9.535841116638722e+02 5.011519927321149e-05
9.570133765291773e+02 3.995381831292057e-05
9.601892829446502e+02 3.184649472567628e-05
9.631305493548042e+02 2.537943895598024e-05
9.658545112616640e+02 2.022191008351655e-05
9.683772233983162e+02 1.610961012180503e-05
9.707135543537477e+02 1.283138765231845e-05
9.728772742066797e+02 1.021859265558704e-05
9.748811356849042e+02 8.136555342251383e-06
9.767369493284638e+02 6.477766550563540e-06
9.784556530996812e+02 5.156421157838000e-06
9.800473768503111e+02 4.104053152853778e-06
9.815215020257771e+02 3.266044874572002e-06
9.828867169583822e+02 2.598836101171864e-06
9.841510680753889e+02 2.067693296313610e-06
9.853220073237793e+02 1.644927084283490e-06
9.864064360912147e+02 1.308468290664977e-06
9.874107458820583e+02 1.040730738460171e-06
9.883408559882016e+02 8.277033033375173e-07
9.892022483767229e+02 6.582252054684433e-07
9.900000000000000e+02 5.234077105911802e-07
9.907388127187121e+02 4.161727800629816e-07
9.914230410140910e+02 3.308851104575513e-07
9.920567176527571e+02 2.630587281145151e-07
9.926435774554036e+02 2.091230860850829e-07
9.931870793094204e+02 1.662366372667308e-07
9.936904265551980e+02 1.321382783611768e-07
9.941565858662649e+02 1.050289951207325e-07
9.945883047345354e+02 8.347758681931593e-08
9.949881276637273e+02 6.634558449967834e-08
9.953584111663872e+02 5.272746543316499e-08
9.957013376529177e+02 4.190305516177647e-08
9.960189282944650e+02 3.329963834980454e-08
9.963130549354804e+02 2.646180238082327e-08
9.965854511261664e+02 2.102743874816969e-08
9.968377223398315e+02 1.670864724956002e-08
9.970713554353747e+02 1.327654315967609e-08
9.972877274206679e+02 1.054917099180141e-08
9.974881135684905e+02 8.381890618272794e-09
9.976736949328464e+02 6.659730746413606e-09
9.978455653099682e+02 5.291307708016733e-09
9.980047376850312e+02 4.203989538392370e-09
9.981521502025778e+02 3.340050643244067e-09
9.982886716958383e+02 2.653614367729067e-09
9.984151068075389e+02 2.108222195402061e-09
9.985322007323779e+02 1.674901271447755e-09
9.986406436091215e+02 1.330628183602542e-09
9.987410745882058e+02 1.057107815514582e-09
9.988340855988201e+02 8.398027027929433e-10
9.989202248376723e+02 6.671615415685607e-10
9.990000000000000e+02 5.300060158508590e-10
9.990738812718713e+02 4.210434752272418e-10
9.991423041014092e+02 3.344796478446513e-10
9.992056717652757e+02 2.657108649960506e-10
9.992643577455403e+02 2.110794814565923e-10
9.993187079309420e+02 1.676795215939229e-10
9.993690426555198e+02 1.332022415776659e-10
9.994156585866265e+02 1.058134130832431e-10
9.994588304734535e+02 8.405581532661940e-11
9.994988127663728e+02 6.677175894167922e-11
9.995358411166387e+02 5.304152771756217e-11
9.995701337652918e+02 4.213446876737442e-11
9.996018928294465e+02 3.347013296173512e-11
9.996313054935481e+02 2.658740097197554e-11
9.996585451126166e+02 2.111995427695190e-11
9.996837722339832e+02 1.677678745536116e-11
9.997071355435376e+02 1.332672587326690e-11
9.997287727420669e+02 1.058612567535424e-11
9.997488113568490e+02 8.409102090160551e-12
9.997673694932846e+02 6.679766429541277e-12
9.997845565309968e+02 5.306058931933129e-12
9.998004737685031e+02 4.214849437379499e-12
9.998152150202577e+02 3.348045289412937e-12
9.998288671695839e+02 2.659499418394648e-12
9.998415106807539e+02 2.112554114148009e-12
9.998532200732378e+02 1.678089805483085e-12
9.998640643609122e+02 1.332975025768174e-12
9.998741074588205e+02 1.058835084951614e-12
9.998834085598820e+02 8.410739233007687e-13
9.998920224837672e+02 6.680970924544020e-13
9.999000000000000e+02 5.306945107191641e-13
9.999073881271871e+02 4.215501412000641e-13
9.999142304101409e+02 3.348524954930248e-13
9.999205671765276e+02 2.659852311566820e-13
9.999264357745541e+02 2.112813738370703e-13
9.999318707930942e+02 1.678280810403011e-13
9.999369042655519e+02 1.333115546857574e-13
9.999415658586627e+02 1.058938464868223e-13
9.999458830473453e+02 8.411499784898717e-14
9.999498812766373e+02 6.681530449645186e-14
9.999535841116639e+02 5.307356738594956e-14
9.999570133765292e+02 4.215804239832980e-14
9.999601892829446e+02 3.348747737685006e-14
9.999631305493548e+02 2.660016206654194e-14
9.999658545112617e+02 2.112934311078897e-14
9.999683772233983e+02 1.678369511880781e-14
9.999707135543538e+02 1.333180801510665e-14
9.999728772742067e+02 1.058986470415509e-14
9.999748811356849e+02 8.411852943685804e-15
9.999767369493284e+02 6.681790254943757e-15
9.999784556530997e+02 5.307547866942234e-15
9.999800473768503e+02 4.215944845053172e-15
9.999815215020258e+02 3.348851174864092e-15
9.999828867169583e+02 2.660092300913227e-15
9.999841510680753e+02 2.112990290237946e-15
9.999853220073238e+02 1.678410693187095e-15
9.999864064360912e+02 1.333211096699397e-15
9.999874107458820e+02 1.059008757142806e-15
9.999883408559882e+02 8.412016896439509e-16
9.999892022483767e+02 6.681910866969479e-16
9.999900000000000e+02 5.307636595088237e-16
9.999907388127187e+02 4.216010117970104e-16
9.999914230410141e+02 3.348899193013205e-16
9.999920567176528e+02 2.660127625504980e-16
9.999926435774554e+02 2.113016276688862e-16
9.999931870793095e+02 1.678429810048988e-16
9.999936904265552e+02 1.333225159967584e-16
9.999941565858662e+02 1.059019102748488e-16
9.999945883047345e+02 8.412093003909006e-17
9.999949881276638e+02 6.681966855124917e-17
9.999953584111664e+02 5.307677782783881e-17
9.999957013376529e+02 4.216040417774801e-17
9.999960189282945e+02 3.348921482862703e-17
9.999963130549355e+02 2.660144022873631e-17
9.999965854511262e+02 2.113028339366207e-17
9.999968377223398e+02 1.678438684007543e-17
9.999970713554353e+02 1.333231688085687e-17
9.999972877274207e+02 1.059023905249366e-17
9.999974881135685e+02 8.412128332756648e-18
9.999976736949328e+02 6.681992845276069e-18
9.999978455653101e+02 5.307696902379129e-18
9.999980047376851e+02 4.216054483161861e-18
9.999981521502026e+02 3.348931830202312e-18
9.999982886716958e+02 2.660151634952552e-18
9.999984151068076e+02 2.113033939130286e-18
9.999985322007324e+02 1.678442803702484e-18
9.999986406436091e+02 1.333234718615175e-18
9.999987410745882e+02 1.059026134586976e-18
9.999988340855989e+02 8.412144733531639e-19
9.999989202248377e+02 6.682004912385872e-19
9.999990000000000e+02 5.307705781212281e-19
