# alpha = 2.8
# Lmin  = 0.01
# Lmax  = 1000
# tau   = 1
# V1    = 0.1
# V2    = 1
# c     = 1
# xi_min = 0.01
# xi_max = 1000
# DeltaFss = 4.879396736972132e-03
# D_c   = 1.075929033700451e+00
# u_c = D_c/(V2 tau) = 1.075929033700451e+00
# R(u_c) = 8.666488855397937e-02
# columns: u=t/tau, R(u)
1.000000000000000e-04 9.965990832312643e-01
1.039051189336793e-04 9.964665934859306e-01
1.079627374062204e-04 9.963289553532249e-01
1.121788107059891e-04 9.961859698133189e-01
1.165595266824449e-04 9.960374302362246e-01
1.211113148279280e-04 9.958831220974992e-01
1.258408557141013e-04 9.957228226838846e-01
1.307550907968968e-04 9.955563007885527e-01
1.358612326043559e-04 9.953833163956578e-01
1.411667753223186e-04 9.952036203538557e-01
1.466795057934949e-04 9.950169540384782e-01
1.524075149460639e-04 9.948230490020197e-01
1.583592096685727e-04 9.946216266126076e-01
1.645433251485650e-04 9.944123976801144e-01
1.709689376930471e-04 9.941950620695640e-01
1.776454780496086e-04 9.939693083015014e-01
1.845827452477489e-04 9.937348131389652e-01
1.917909209807237e-04 9.934912411607263e-01
1.992805845490198e-04 9.932382443204517e-01
2.070627283873903e-04 9.929754614914247e-01
2.151487741982391e-04 9.927025179965250e-01
2.235505897150335e-04 9.924190251230809e-01
2.322805061203469e-04 9.921245796223199e-01
2.413513361440986e-04 9.918187631930354e-01
2.507763928685497e-04 9.915011419492110e-01
2.605695092676574e-04 9.911712658712757e-01
2.707450585094638e-04 9.908286682407029e-01
2.813179750513180e-04 9.904728650577002e-01
2.923037765588901e-04 9.901033544417269e-01
3.037185866811508e-04 9.897196160146294e-01
3.155791587147396e-04 9.893211102661864e-01
3.279029001924546e-04 9.889072779018970e-01
3.407078984319536e-04 9.884775391728936e-01
3.540129470821606e-04 9.880312931878711e-01
3.678375737063420e-04 9.875679172069971e-01
3.822020684423349e-04 9.870867659178093e-01
3.971275137819903e-04 9.865871706931537e-01
4.126358155135406e-04 9.860684388313029e-01
4.287497348723017e-04 9.855298527784250e-01
4.454929219468996e-04 9.849706693337279e-01
4.628899503900490e-04 9.843901188375879e-01
4.809663534848294e-04 9.837874043431714e-01
4.997486616193922e-04 9.831617007720955e-01
5.192644412250998e-04 9.825121540548418e-01
5.395423352352451e-04 9.818378802567234e-01
5.606121051237321e-04 9.811379646904089e-01
5.825046745854169e-04 9.804114610161131e-01
6.052521749222188e-04 9.796573903307814e-01
6.288879922016120e-04 9.788747402477780e-01
6.534468162567126e-04 9.780624639687990e-01
6.789646915998777e-04 9.772194793499729e-01
7.054790703245417e-04 9.763446679643740e-01
7.330288670729299e-04 9.754368741634676e-01
7.616545161503295e-04 9.744949041402703e-01
7.913980308697395e-04 9.735175249974397e-01
8.223030652139985e-04 9.725034638237908e-01
8.544149779058953e-04 9.714514067831974e-01
8.877808989802900e-04 9.703599982202835e-01
9.224497989559574e-04 9.692278397877722e-01
9.584725607086727e-04 9.680534896009236e-01
9.959020541510277e-04 9.668354614250609e-01
1.034793213828581e-03 9.655722239028167e-01
1.075203119546229e-03 9.642621998284634e-01
1.117191080143139e-03 9.629037654773749e-01
1.160818720539184e-03 9.614952499995968e-01
1.206150072180654e-03 9.600349348873121e-01
1.253251667017966e-03 9.585210535270254e-01
1.302192635153336e-03 9.569517908483415e-01
1.353044806301686e-03 9.553252830823914e-01
1.405882815213737e-03 9.536396176442256e-01
1.460784211215992e-03 9.518928331548711e-01
1.517829572028385e-03 9.500829196202765e-01
1.577102622026649e-03 9.482078187859944e-01
1.638690355122963e-03 9.462654246882570e-01
1.702683162445247e-03 9.442535844240165e-01
1.769174965002465e-03 9.421700991646855e-01
1.838263351530690e-03 9.400127254405719e-01
1.910049721722201e-03 9.377791767255469e-01
1.984639435047864e-03 9.354671253542080e-01
2.062141965391183e-03 9.330742048067571e-01
2.142671061721020e-03 9.305980124000648e-01
2.226344915038755e-03 9.280361124269209e-01
2.313286331844939e-03 9.253860397892631e-01
2.403622914380031e-03 9.226453041754081e-01
2.497487247903738e-03 9.198113948357852e-01
2.595017095287853e-03 9.168817860166557e-01
2.696355599208152e-03 9.138539431166633e-01
2.801651492232151e-03 9.107253296369130e-01
2.911059315111016e-03 9.074934150016585e-01
3.024739643596051e-03 9.041556833336051e-01
3.142859324112624e-03 9.007096432754079e-01
3.265591718637450e-03 8.971528389571678e-01
3.393116959138624e-03 8.934828622186906e-01
3.525622211951828e-03 8.896973662050695e-01
3.663301952480762e-03 8.857940804647408e-01
3.806358250624929e-03 8.817708276908538e-01
3.955001067353747e-03 8.776255422593618e-01
4.109448562862195e-03 8.733562907310870e-01
4.269927416760338e-03 8.689612945000554e-01
4.436673160766607e-03 8.644389547867961e-01
4.609930524393172e-03 8.597878801932350e-01
4.789953794130710e-03 8.550069170553826e-01
4.977007186659796e-03 8.500951828513573e-01
5.171365236636627e-03 8.450521029456443e-01
5.373313199622230e-03 8.398774509759970e-01
5.583147470746565e-03 8.345713932172724e-01
5.801176019721925e-03 8.291345372869995e-01
6.027718842844149e-03 8.235679855908644e-01
6.263108432645010e-03 8.178733939428436e-01
6.507690265885090e-03 8.120530358347358e-01
6.761823310603373e-03 8.061098728737350e-01
7.025880552967686e-03 8.000476319547685e-01
7.300249544699317e-03 7.938708897871147e-01
7.585332971875207e-03 7.875851654527608e-01
7.881549245942516e-03 7.811970217375958e-01
8.189333117813075e-03 7.747141760465043e-01
8.509136315938862e-03 7.681456217904139e-01
8.841428209305172e-03 7.615017612180619e-01
9.186696496314402e-03 7.547945507585884e-01
9.545447920571628e-03 7.480376600440405e-01
9.918209014622368e-03 7.412466458944212e-01
1.030552687273427e-02 7.344376120010581e-01
1.070796995385682e-02 7.276165207316561e-01
1.112612891593757e-02 7.207841592230732e-01
1.156061748281941e-02 7.139412994854937e-01
1.201207334499123e-02 7.070887284126449e-01
1.248115909551393e-02 7.002272476293224e-01
1.296856320249547e-02 6.933576733216372e-01
1.347500101954228e-02 6.864808360497264e-01
1.400121583566991e-02 6.795975805426436e-01
1.454797996621396e-02 6.727087654751959e-01
1.511609588634245e-02 6.658152632265011e-01
1.570639740883311e-02 6.589179596200826e-01
1.631975090784437e-02 6.520177536453107e-01
1.695705659047589e-02 6.451155571600776e-01
1.761924981798528e-02 6.382122945745665e-01
1.830730247859966e-02 6.313089025160445e-01
1.902222441393740e-02 6.244063294746204e-01
1.976506490113303e-02 6.175055354299488e-01
2.053691419284118e-02 6.106074914588794e-01
2.133890511737929e-02 6.037131793241144e-01
2.217221474135790e-02 5.968235910439249e-01
2.303806609723871e-02 5.899397284430633e-01
2.393772997835552e-02 5.830626026850020e-01
2.487252680403331e-02 5.761932337856897e-01
2.584382855754205e-02 5.693326501090408e-01
2.685306079973024e-02 5.624818878444231e-01
2.790170476129292e-02 5.556419904664265e-01
2.899129951674547e-02 5.488140081772571e-01
3.012344424329354e-02 5.419989973321180e-01
3.129980056791472e-02 5.351980198479860e-01
3.252209500609621e-02 5.284121425962299e-01
3.379212149580845e-02 5.216424367795626e-01
3.511174403043318e-02 5.148899772938230e-01
3.648289939451060e-02 5.081558420751712e-01
3.790760000632080e-02 5.014411114332703e-01
3.938793687147105e-02 4.947468673710915e-01
4.092608265182451e-02 4.880741928920067e-01
4.252429485427411e-02 4.814241712948584e-01
4.418491914404197e-02 4.747978854577418e-01
4.591039278736684e-02 4.681964171112604e-01
4.770324822863284e-02 4.616208461020466e-01
4.956611680718921e-02 4.550722496473716e-01
5.150173261931631e-02 4.485517015816868e-01
5.351293653100611e-02 4.420602715959853e-01
5.560268034744621e-02 4.355990244708763e-01
5.777403114532752e-02 4.291690193043027e-01
6.003017577433342e-02 4.227713087348487e-01
6.237442553441787e-02 4.164069381616036e-01
6.481022103573612e-02 4.100769449615691e-01
6.734113724836205e-02 4.037823577056209e-01
6.997088874920279e-02 3.975241953740271e-01
7.270333517381153e-02 3.913034665725728e-01
7.554248688110035e-02 3.851211687503215e-01
7.849251083926641e-02 3.789782874200701e-01
8.155773674157087e-02 3.728757953825610e-01
8.474266336094619e-02 3.668146519555069e-01
8.805196515275861e-02 3.607958022085085e-01
9.149049911541567e-02 3.548201762049331e-01
9.506331191888946e-02 3.488886882518212e-01
9.877564731161660e-02 3.430022361588995e-01
1.026329538166467e-01 3.371617005077606e-01
1.066408927283349e-01 3.313679439322776e-01
1.108053464213138e-01 3.256218104113046e-01
1.151324269839414e-01 3.199241245747149e-01
1.196284851888957e-01 3.142756910238131e-01
1.243001198140810e-01 3.086772936671507e-01
1.291541873275267e-01 3.031296950727602e-01
1.341978119504936e-01 2.976336358378073e-01
1.394383961135555e-01 2.921898339766537e-01
1.448836313210047e-01 2.867989843282954e-01
1.505415094395234e-01 2.814617579841363e-01
1.564203344276928e-01 2.761788017370291e-01
1.625287345235531e-01 2.709507375525006e-01
1.688756749081016e-01 2.657781620630584e-01
1.754704708633165e-01 2.606616460864550e-01
1.823228014440161e-01 2.556017341687556e-01
1.894427236836209e-01 2.505989441530454e-01
1.968406873546676e-01 2.456537667745753e-01
2.045275503057392e-01 2.407666652831227e-01
2.125145943973190e-01 2.359380750933260e-01
2.208135420599605e-01 2.311684034637036e-01
2.294365734990719e-01 2.264580292050615e-01
2.383963445715689e-01 2.218073024189418e-01
2.477060053606326e-01 2.172165442667493e-01
2.573792194758313e-01 2.126860467701453e-01
2.674301841069380e-01 2.082160726432674e-01
2.778736508608712e-01 2.038068551572997e-01
2.887249474123449e-01 1.994585980378671e-01
3.000000000000000e-01 1.951714753956993e-01
3.117153568010376e-01 1.909456316909486e-01
3.238882122186612e-01 1.867811817315117e-01
3.365364321179672e-01 1.826782107056510e-01
3.496785800473350e-01 1.786367742491525e-01
3.633339444837841e-01 1.746568985472123e-01
3.775225671423038e-01 1.707385804711736e-01
3.922652723906904e-01 1.668817877501811e-01
4.075836978130675e-01 1.630864591777542e-01
4.235003259669555e-01 1.593525048532059e-01
4.400385173804849e-01 1.556798064577708e-01
4.572225448381915e-01 1.520682175652266e-01
4.750776290057184e-01 1.485175639867143e-01
4.936299754456950e-01 1.450276441493881e-01
5.129068130791409e-01 1.415982295084363e-01
5.329364341488259e-01 1.382290649919355e-01
5.537482357432465e-01 1.349198694779080e-01
5.753727629421715e-01 1.316703363028676e-01
5.978417536470595e-01 1.284801338010485e-01
6.211881851621706e-01 1.253489058734187e-01
6.454463225947178e-01 1.222762725854933e-01
6.706517691451003e-01 1.192618307928693e-01
6.968415183610414e-01 1.163051547933163e-01
7.240540084322961e-01 1.134057970041688e-01
7.523291786056487e-01 1.105632886636820e-01
7.817085278029726e-01 1.077771405549298e-01
8.122351755283914e-01 1.050468437507470e-01
8.439539251539531e-01 1.023718703781407e-01
8.769113296766704e-01 9.975167440053063e-02
9.111557600434522e-01 9.718569241611226e-02
9.467374761442194e-01 9.467334447058118e-02
9.837087005773638e-01 9.221403488240794e-02
1.022123695295860e+00 8.980715307880675e-02
1.062038841246482e+00 8.745207444051326e-02
1.103512721119026e+00 8.514816115345467e-02
1.146606205327005e+00 8.289476306538050e-02
1.191382541345971e+00 8.069121854551708e-02
1.237907446540621e+00 7.853685534530247e-02
1.286249204616906e+00 7.643099145827782e-02
1.336478765840699e+00 7.437293597722285e-02
1.388669851170148e+00 7.236198994665501e-02
1.442899060454488e+00 7.039744720885109e-02
1.499245984858176e+00 6.847859524159197e-02
1.557793323675301e+00 6.660471598588916e-02
1.618627005705735e+00 6.477508666201405e-02
1.681836315371195e+00 6.298898057221720e-02
1.747514023756251e+00 6.124566788860713e-02
1.815756524766656e+00 5.954441642473576e-02
1.886663976604837e+00 5.788449238952920e-02
1.960340448770138e+00 5.626516112229501e-02
2.036894074799632e+00 5.468568780763233e-02
2.116437210973626e+00 5.314533816917622e-02
2.199086601218789e+00 5.164337914120507e-02
2.284963548450991e+00 5.017907951724858e-02
2.374194092609218e+00 4.875171057493833e-02
2.466909195641994e+00 4.736054667644806e-02
2.563244933717687e+00 4.600486584397781e-02
2.663342696940870e+00 4.468395030983873e-02
2.767349396867870e+00 4.339708704079823e-02
2.875417682126019e+00 4.214356823644601e-02
2.987706162453082e+00 4.092269180143746e-02
3.104379641485743e+00 3.973376179156377e-02
3.225609358638686e+00 3.857608883369028e-02
3.351573240429413e+00 3.744899051968575e-02
3.482456161617554e+00 3.635179177455063e-02
3.618450216541959e+00 3.528382519902354e-02
3.759755001053902e+00 3.424443138701833e-02
3.906577905460009e+00 3.323295921830972e-02
4.059134418905055e+00 3.224876612694255e-02
4.217648445641213e+00 3.129121834589776e-02
4.382352633647975e+00 3.035969112859453e-02
4.553488716085159e+00 2.945356894785257e-02
4.731307866079947e+00 2.857224567297712e-02
4.916071065368889e+00 2.771512472566192e-02
5.108049487335742e+00 2.688161921543327e-02
5.307524895007394e+00 2.607115205538226e-02
5.514790054592065e+00 2.528315605894947e-02
5.730149165166607e+00 2.451707401854185e-02
5.953918305143589e+00 2.377235876677056e-02
6.186425896173555e+00 2.304847322110392e-02
6.428013185163061e+00 2.234489041273335e-02
6.679034745116258e+00 2.166109350044674e-02
6.939858995534819e+00 2.099657577030140e-02
7.210868743140088e+00 2.035084062187975e-02
7.492461743711221e+00 1.972340154190126e-02
7.785051285863559e+00 1.911378206595262e-02
8.089066797624453e+00 1.852151572908211e-02
8.404954476696458e+00 1.794614600598899e-02
8.733177945333049e+00 1.738722624152027e-02
9.074218930788147e+00 1.684431957216699e-02
9.428577972337873e+00 1.631699883923286e-02
9.796775155912346e+00 1.580484649432539e-02
1.017935087741588e+01 1.530745449779732e-02
1.057686663585548e+01 1.482442421074348e-02
1.098990585744228e+01 1.435536628113409e-02
1.141907475187479e+01 1.389990052464213e-02
1.186500320206124e+01 1.345765580069810e-02
1.232834568858659e+01 1.302826988428114e-02
1.280978225028102e+01 1.261138933393233e-02
1.331001948229982e+01 1.220666935645105e-02
1.382979157317952e+01 1.181377366871270e-02
1.436986138239213e+01 1.143237435702237e-02
1.493102155997940e+01 1.106215173439622e-02
1.551409570990988e+01 1.070279419614061e-02
1.611993959886669e+01 1.035399807407650e-02
1.674944241223971e+01 1.001546748973633e-02
1.740352805916578e+01 9.686914206839495e-03
1.808315652853243e+01 9.368057483332717e-03
1.878932529793503e+01 9.058623923263020e-03
1.952307079765527e+01 8.758347328731797e-03
2.028546993181013e+01 8.466968552161112e-03
2.107764165890305e+01 8.184235349086444e-03
2.190074863409793e+01 7.909902231673382e-03
2.275599891562562e+01 7.643730323140548e-03
2.364464773782755e+01 7.385487213256058e-03
2.456799935343925e+01 7.134946815060370e-03
2.552740894781659e+01 6.891889222955438e-03
2.652428462791550e+01 6.656100572286796e-03
2.756008948894323e+01 6.427372900533331e-03
2.863634376171489e+01 6.205504010208045e-03
2.975462704386713e+01 5.990297333562055e-03
3.091658061820281e+01 5.781561799174198e-03
3.212390986157045e+01 5.579111700498528e-03
3.337838674781274e+01 5.382766566433453e-03
3.468185244845824e+01 5.192351033967301e-03
3.603622003497367e+01 5.007694722947268e-03
3.744347728654179e+01 4.828632113011415e-03
3.890568960748640e+01 4.655002422716114e-03
4.042500305862689e+01 4.486649490884826e-03
4.200364750700972e+01 4.323421660198363e-03
4.364393989864183e+01 4.165171663040461e-03
4.534828765902734e+01 4.011756509607913e-03
4.711919222649933e+01 3.863037378289068e-03
4.895925272353314e+01 3.718879508310105e-03
5.087116977142768e+01 3.579152094644483e-03
5.285774945395580e+01 3.443728185176600e-03
5.492190743579904e+01 3.312484580107538e-03
5.706667324181219e+01 3.185301733587097e-03
5.929519470339904e+01 3.062063657553263e-03
6.161074257852353e+01 2.942657827757615e-03
6.401671535213781e+01 2.826975091952214e-03
6.651664422407377e+01 2.714909580211236e-03
6.911419829171611e+01 2.606358617358415e-03
7.181318993506650e+01 2.501222637469014e-03
7.461758041209994e+01 2.399405100413381e-03
7.753148567262615e+01 2.300812410407133e-03
8.055918239919079e+01 2.205353836531312e-03
8.370511428387876e+01 2.112941435184445e-03
8.697389855023633e+01 2.023489974426657e-03
9.037033272988069e+01 1.936916860174766e-03
9.389940170374416e+01 1.853142064205809e-03
9.756628501828874e+01 1.772088053925025e-03
1.013763644874253e+02 1.693679723853191e-03
1.053352320912994e+02 1.617844328786618e-03
1.094486981835319e+02 1.544511418582030e-03
1.137228000189624e+02 1.473612774517017e-03
1.181638106144130e+02 1.405082347175336e-03
1.227782479554735e+02 1.338856195804963e-03
1.275728845628223e+02 1.274872429095078e-03
1.325547574321261e+02 1.213071147316500e-03
1.377311783621005e+02 1.153394385768322e-03
1.431097446858984e+02 1.095786059471299e-03
1.486983504215677e+02 1.040191909046523e-03
1.545051978579489e+02 9.865594477152721e-04
1.605388095930185e+02 9.348379093532519e-04
1.668080410423387e+02 8.849781975294144e-04
1.733220934359824e+02 8.369328354559481e-04
1.800905273230004e+02 7.906559167723028e-04
1.871232766032536e+02 7.461030570816079e-04
1.944306631072082e+02 7.032313461528812e-04
2.020234117450861e+02 6.619993006968388e-04
2.099126662476082e+02 6.223668176166156e-04
2.181100055214347e+02 5.842951276273964e-04
2.266274606433011e+02 5.477467491306285e-04
2.354775325177990e+02 5.126854422188078e-04
2.446732102247126e+02 4.790761626758989e-04
2.542279900828385e+02 4.468850158257157e-04
2.641558954582760e+02 4.160792100659446e-04
2.744714973462470e+02 3.866270099086054e-04
2.851899357566681e+02 3.584976883279809e-04
2.963269419348499e+02 3.316614781941968e-04
3.078988614499402e+02 3.060895225437735e-04
3.199226781850051e+02 2.817538234070076e-04
3.324160392639413e+02 2.586271888749842e-04
3.453972809518240e+02 2.366831780450425e-04
3.588854555666874e+02 2.158960434313384e-04
3.729003594422430e+02 1.962406703646393e-04
3.874625619825798e+02 1.776925128303717e-04
4.025934358514808e+02 1.602275251031258e-04
4.183151883406666e+02 1.438220884251884e-04
4.346508939630145e+02 1.284529318411203e-04
4.516245283185701e+02 1.140970461330081e-04
4.692610032830780e+02 1.007315895925707e-04
4.875862035706593e+02 8.833378410462851e-05
5.066270247243048e+02 7.688079968464340e-05
5.264114125899501e+02 6.634962518810135e-05
5.469684043320484e+02 5.671692235913546e-05
5.683281710508622e+02 4.795885966406121e-05
5.905220620640032e+02 4.005092139635810e-05
6.135826509172174e+02 3.296768624572072e-05
6.375437831919577e+02 2.668256774930739e-05
6.624406261798814e+02 2.116750656443626e-05
6.883097204972150e+02 1.639260096667571e-05
7.151890337147074e+02 1.232565681598980e-05
7.431180160818978e+02 8.931630494373063e-06
7.721376584274933e+02 6.171926350817363e-06
8.022905523208140e+02 4.003491006576056e-06
8.336209525826135e+02 2.377614791028854e-06
8.661748422370356e+02 1.238294106757731e-06
9.000000000000000e+02 5.199026708172247e-07
9.073881271871207e+02 4.138703074752403e-07
9.142304101409105e+02 3.295016948623530e-07
9.205671765275719e+02 2.623524149981976e-07
9.264357745540359e+02 2.088969138024028e-07
9.318707930942038e+02 1.663360369920615e-07
9.369042655519806e+02 1.324457073609151e-07
9.415658586626483e+02 1.054576857750555e-07
9.458830473453537e+02 8.396543301914277e-08
9.498812766372728e+02 6.684966523354674e-08
9.535841116638722e+02 5.321939909878544e-08
9.570133765291773e+02 4.236520689300651e-08
9.601892829446502e+02 3.372211434339328e-08
9.631305493548042e+02 2.684012644999751e-08
9.658545112616640e+02 2.136079600236406e-08
9.683772233983162e+02 1.699858477151785e-08
9.707135543537477e+02 1.352602985367283e-08
9.728772742066797e+02 1.076193373326051e-08
9.748811356849042e+02 8.561958839162776e-09
9.767369493284638e+02 6.811135310713699e-09
9.784556530996812e+02 5.417891797851419e-09
9.800473768503111e+02 4.309299152530791e-09
9.815215020257771e+02 3.427280308828139e-09
9.828867169583822e+02 2.725589997914181e-09
9.841510680753889e+02 2.167407943773025e-09
9.853220073237793e+02 1.723420990687419e-09
9.864064360912147e+02 1.370294920809141e-09
9.874107458820583e+02 1.089456868744372e-09
9.883408559882016e+02 8.661252889592000e-10
9.892022483767229e+02 6.885372197480664e-10
9.900000000000000e+02 5.473327798561287e-10
9.907388127187121e+02 4.350649590204809e-10
9.914230410140910e+02 3.458092417977573e-10
9.920567176527571e+02 2.748527693386485e-10
9.926435774554036e+02 2.184468624155302e-10
9.931870793094204e+02 1.736100130521350e-10
9.936904265551980e+02 1.379710705552817e-10
9.941565858662649e+02 1.096444353614602e-10
9.945883047345354e+02 8.713073835148821e-11
9.949881276637273e+02 6.923780987406189e-11
9.953584111663872e+02 5.501780003386816e-11
9.957013376529177e+02 4.371715439013153e-11
9.960189282944650e+02 3.473682059518673e-11
9.963130549354804e+02 2.760059639309333e-11
9.965854511261664e+02 2.192995548481702e-11
9.968377223398315e+02 1.742402713401021e-11
9.970713554353747e+02 1.384367564744074e-11
9.972877274206679e+02 1.099884106015619e-11
9.974881135684905e+02 8.738473683410563e-12
9.976736949328464e+02 6.942531558245374e-12
9.978455653099682e+02 5.515618412384853e-12
9.980047376850312e+02 4.381926111359044e-12
9.981521502025778e+02 3.481214342673719e-12
9.982886716958383e+02 2.765614972426910e-12
9.984151068075389e+02 2.197092032624373e-12
9.985322007323779e+02 1.745422916911401e-12
9.986406436091215e+02 1.386593899699085e-12
9.987410745882058e+02 1.101524995633191e-12
9.988340855988201e+02 8.750565947128765e-13
9.989202248376723e+02 6.951441599117064e-13
9.990000000000000e+02 5.522182883783853e-13
9.990738812718713e+02 4.386761948133353e-13
9.991423041014092e+02 3.484776383273264e-13
9.992056717652757e+02 2.768238494629863e-13
9.992643577455403e+02 2.199024144707928e-13
9.993187079309420e+02 1.746845718711727e-13
9.993690426555198e+02 1.387641567574772e-13
9.994156585866265e+02 1.102296382789934e-13
9.994588304734535e+02 8.756245223187448e-14
9.994988127663728e+02 6.955622669070578e-14
9.995358411166387e+02 5.525260806378498e-14
9.995701337652918e+02 4.389027664507472e-14
9.996018928294465e+02 3.486444139748111e-14
9.996313054935481e+02 2.769466048330331e-14
9.996585451126166e+02 2.199927649704379e-14
9.996837722339832e+02 1.747510691880703e-14
9.997071355435376e+02 1.388130965821440e-14
9.997287727420669e+02 1.102656551970029e-14
9.997488113568490e+02 8.758895782833688e-15
9.997673694932846e+02 6.957573216336845e-15
9.997845565309968e+02 5.526696177255366e-15
9.998004737685031e+02 4.390083901494808e-15
9.998152150202577e+02 3.487221368703637e-15
9.998288671695839e+02 2.770037958260530e-15
9.998415106807539e+02 2.200348471312230e-15
9.998532200732378e+02 1.747820334523374e-15
9.998640643609122e+02 1.388358798704994e-15
9.998741074588205e+02 1.102824187271699e-15
9.998834085598820e+02 8.760129195640696e-16
9.998920224837672e+02 6.958480714593614e-16
9.999000000000000e+02 5.527363871944050e-16
9.999073881271871e+02 4.390575154486699e-16
9.999142304101409e+02 3.487582801876387e-16
9.999205671765276e+02 2.770303875615161e-16
9.999264357745541e+02 2.200544113042687e-16
9.999318707930942e+02 1.747964271632601e-16
9.999369042655519e+02 1.388464694997433e-16
9.999415658586627e+02 1.102902095913002e-16
9.999458830473453e+02 8.760702371323875e-17
9.999498812766373e+02 6.958902398677194e-17
9.999535841116639e+02 5.527674102278854e-17
9.999570133765292e+02 4.390803387821823e-17
9.999601892829446e+02 3.487750710047058e-17
9.999631305493548e+02 2.770427402818685e-17
9.999658545112617e+02 2.200634989547878e-17
9.999683772233983e+02 1.748031127415766e-17
9.999707135543538e+02 1.388513879099043e-17
9.999728772742067e+02 1.102938279305372e-17
9.999748811356849e+02 8.760968561698300e-18
9.999767369493284e+02 6.959098226516598e-18
9.999784556530997e+02 5.527818166140361e-18
9.999800473768503e+02 4.390909370482785e-18
9.999815215020258e+02 3.487828677513023e-18
9.999828867169583e+02 2.770484760500944e-18
9.999841510680753e+02 2.200677185290918e-18
9.999853220073238e+02 1.748062169036579e-18
9.999864064360912e+02 1.388536715112444e-18
9.999874107458820e+02 1.102955078763864e-18
9.999883408559882e+02 8.761092147699820e-19
9.999892022483767e+02 6.959189142969067e-19
9.999900000000000e+02 5.527885049184691e-19
9.999907388127187e+02 4.390958573126610e-19
9.999914230410141e+02 3.487864873607984e-19
9.999920567176528e+02 2.770511388125777e-19
9.999926435774554e+02 2.200696773926208e-19
9.999931870793095e+02 1.748076579435484e-19
9.999936904265552e+02 1.388547316103686e-19
9.999941565858662e+02 1.102962877380767e-19
9.999945883047345e+02 8.761149518099916e-20
9.999949881276638e+02 6.959231347126596e-20
9.999953584111664e+02 5.527916096572682e-20
9.999957013376529e+02 4.390981413188695e-20
9.999960189282945e+02 3.487881675731941e-20
9.999963130549355e+02 2.770523748495713e-20
9.999965854511262e+02 2.200705866773484e-20
9.999968377223398e+02 1.748083268606255e-20
9.999970713554353e+02 1.388552237039860e-20
9.999972877274207e+02 1.102966497280444e-20
9.999974881135685e+02 8.761176148435414e-21
9.999976736949328e+02 6.959250937991240e-21
9.999978455653101e+02 5.527930507615811e-21
9.999980047376851e+02 4.390992014811894e-21
9.999981521502026e+02 3.487889474733735e-21
9.999982886716958e+02 2.770529485988972e-21
9.999984151068076e+02 2.200710087423648e-21
9.999985322007324e+02 1.748086373508597e-21
9.999986406436091e+02 1.388554521200090e-21
9.999987410745882e+02 1.102968177521185e-21
9.999988340855989e+02 8.761188506946870e-22
9.999989202248377e+02 6.959260031038416e-22
9.999990000000000e+02 5.527937197093039e-22
