# alpha = 2.4
# Lmin  = 0.01
# Lmax  = 1000
# tau   = 1
# V1    = 0.1
# V2    = 1
# c     = 1
# xi_min = 0.01
# xi_max = 1000
# DeltaFss = 1.794689523920073e-02
# D_c   = 9.863228011373986e+00
# u_c = D_c/(V2 tau) = 9.863228011373986e+00
# R(u_c) = 1.222560377416991e-01
# columns: u=t/tau, R(u)
1.000000000000000e-04 9.988492747333815e-01
1.039051189336793e-04 9.988044220696620e-01
1.079627374062204e-04 9.987578245882731e-01
1.121788107059891e-04 9.987094146882671e-01
1.165595266824449e-04 9.986591221715230e-01
1.211113148279280e-04 9.986068741447303e-01
1.258408557141013e-04 9.985525949178106e-01
1.307550907968968e-04 9.984962058986743e-01
1.358612326043559e-04 9.984376254841776e-01
1.411667753223186e-04 9.983767689471638e-01
1.466795057934949e-04 9.983135483194685e-01
1.524075149460639e-04 9.982478722707404e-01
1.583592096685727e-04 9.981796459829810e-01
1.645433251485650e-04 9.981087710206288e-01
1.709689376930471e-04 9.980351451960854e-01
1.776454780496086e-04 9.979586624305264e-01
1.845827452477489e-04 9.978792126098647e-01
1.917909209807237e-04 9.977966814357153e-01
1.992805845490198e-04 9.977109502712337e-01
2.070627283873903e-04 9.976218959816548e-01
2.151487741982391e-04 9.975293907694135e-01
2.235505897150335e-04 9.974333020036812e-01
2.322805061203469e-04 9.973334920441733e-01
2.413513361440986e-04 9.972298180590746e-01
2.507763928685497e-04 9.971221318369440e-01
2.605695092676574e-04 9.970102795924353e-01
2.707450585094638e-04 9.968941017656971e-01
2.813179750513180e-04 9.967734328153012e-01
2.923037765588901e-04 9.966481010045559e-01
3.037185866811508e-04 9.965179281810640e-01
3.155791587147396e-04 9.963827295493860e-01
3.279029001924546e-04 9.962423134366905e-01
3.407078984319536e-04 9.960964810512397e-01
3.540129470821606e-04 9.959450262336189e-01
3.678375737063420e-04 9.957877352005825e-01
3.822020684423349e-04 9.956243862814186e-01
3.971275137819903e-04 9.954547496467453e-01
4.126358155135406e-04 9.952785870296590e-01
4.287497348723017e-04 9.950956514391749e-01
4.454929219468996e-04 9.949056868659050e-01
4.628899503900490e-04 9.947084279799597e-01
4.809663534848294e-04 9.945035998210544e-01
4.997486616193922e-04 9.942909174808439e-01
5.192644412250998e-04 9.940700857775261e-01
5.395423352352451e-04 9.938407989227974e-01
5.606121051237321e-04 9.936027401812425e-01
5.825046745854169e-04 9.933555815223395e-01
6.052521749222188e-04 9.930989832652268e-01
6.288879922016120e-04 9.928325937164881e-01
6.534468162567126e-04 9.925560488012207e-01
6.789646915998777e-04 9.922689716877336e-01
7.054790703245417e-04 9.919709724062659e-01
7.330288670729299e-04 9.916616474621904e-01
7.616545161503295e-04 9.913405794442519e-01
7.913980308697395e-04 9.910073366284402e-01
8.223030652139985e-04 9.906614725782493e-01
8.544149779058953e-04 9.903025257420859e-01
8.877808989802900e-04 9.899300190487901e-01
9.224497989559574e-04 9.895434595022928e-01
9.584725607086727e-04 9.891423377765700e-01
9.959020541510277e-04 9.887261278122425e-01
1.034793213828581e-03 9.882942864162576e-01
1.075203119546229e-03 9.878462528663357e-01
1.117191080143139e-03 9.873814485219827e-01
1.160818720539184e-03 9.868992764441423e-01
1.206150072180654e-03 9.863991210257335e-01
1.253251667017966e-03 9.858803476355948e-01
1.302192635153336e-03 9.853423022786300e-01
1.353044806301686e-03 9.847843112752073e-01
1.405882815213737e-03 9.842056809632402e-01
1.460784211215992e-03 9.836056974266835e-01
1.517829572028385e-03 9.829836262545733e-01
1.577102622026649e-03 9.823387123351712e-01
1.638690355122963e-03 9.816701796902080e-01
1.702683162445247e-03 9.809772313547274e-01
1.769174965002465e-03 9.802590493085690e-01
1.838263351530690e-03 9.795147944661271e-01
1.910049721722201e-03 9.787436067316287e-01
1.984639435047864e-03 9.779446051279458e-01
2.062141965391183e-03 9.771168880076233e-01
2.142671061721020e-03 9.762595333557262e-01
2.226344915038755e-03 9.753715991949420e-01
2.313286331844939e-03 9.744521241044136e-01
2.403622914380031e-03 9.735001278648124e-01
2.497487247903738e-03 9.725146122433554e-01
2.595017095287853e-03 9.714945619337270e-01
2.696355599208152e-03 9.704389456672727e-01
2.801651492232151e-03 9.693467175133248e-01
2.911059315111016e-03 9.682168183881800e-01
3.024739643596051e-03 9.670481777940396e-01
3.142859324112624e-03 9.658397158111729e-01
3.265591718637450e-03 9.645903453687172e-01
3.393116959138624e-03 9.632989748218158e-01
3.525622211951828e-03 9.619645108653632e-01
3.663301952480762e-03 9.605858618173660e-01
3.806358250624929e-03 9.591619413079436e-01
3.955001067353747e-03 9.576916724132897e-01
4.109448562862195e-03 9.561739922774641e-01
4.269927416760338e-03 9.546078572688373e-01
4.436673160766607e-03 9.529922487222495e-01
4.609930524393172e-03 9.513261793225931e-01
4.789953794130710e-03 9.496087001906464e-01
4.977007186659796e-03 9.478389087375167e-01
5.171365236636627e-03 9.460159573601190e-01
5.373313199622230e-03 9.441390630567739e-01
5.583147470746565e-03 9.422075180492474e-01
5.801176019721925e-03 9.402207015054761e-01
6.027718842844149e-03 9.381780924659657e-01
6.263108432645010e-03 9.360792840862783e-01
6.507690265885090e-03 9.339239993185072e-01
6.761823310603373e-03 9.317121081660376e-01
7.025880552967686e-03 9.294436466583713e-01
7.300249544699317e-03 9.271188377065946e-01
7.585332971875207e-03 9.247381140150757e-01
7.881549245942516e-03 9.223021432415873e-01
8.189333117813075e-03 9.198118556162140e-01
8.509136315938862e-03 9.172684742494562e-01
8.841428209305172e-03 9.146735483819302e-01
9.186696496314402e-03 9.120289898523986e-01
9.545447920571628e-03 9.093371130875360e-01
9.918209014622368e-03 9.066006789464419e-01
1.030552687273427e-02 9.038226181335861e-01
1.070796995385682e-02 9.010037578144917e-01
1.112612891593757e-02 8.981438420917188e-01
1.156061748281941e-02 8.952426183892636e-01
1.201207334499123e-02 8.922998442277100e-01
1.248115909551393e-02 8.893152876328718e-01
1.296856320249547e-02 8.862887275469706e-01
1.347500101954228e-02 8.832199542419545e-01
1.400121583566991e-02 8.801087697345236e-01
1.454797996621396e-02 8.769549882024223e-01
1.511609588634245e-02 8.737584364015327e-01
1.570639740883311e-02 8.705189540833087e-01
1.631975090784437e-02 8.672363944120381e-01
1.695705659047589e-02 8.639106243814463e-01
1.761924981798528e-02 8.605415252300957e-01
1.830730247859966e-02 8.571289928550608e-01
1.902222441393740e-02 8.536729382233168e-01
1.976506490113303e-02 8.501732877802739e-01
2.053691419284118e-02 8.466299838548847e-01
2.133890511737929e-02 8.430429850607148e-01
2.217221474135790e-02 8.394122666923961e-01
2.303806609723871e-02 8.357378211168162e-01
2.393772997835552e-02 8.320196581584457e-01
2.487252680403331e-02 8.282578054781432e-01
2.584382855754205e-02 8.244523089448001e-01
2.685306079973024e-02 8.206032329991780e-01
2.790170476129292e-02 8.167106610092593e-01
2.899129951674547e-02 8.127746956164611e-01
3.012344424329354e-02 8.087954590720240e-01
3.129980056791472e-02 8.047730935629087e-01
3.252209500609621e-02 8.007077615265092e-01
3.379212149580845e-02 7.965996459535057e-01
3.511174403043318e-02 7.924489506781700e-01
3.648289939451060e-02 7.882559006554319e-01
3.790760000632080e-02 7.840207422240293e-01
3.938793687147105e-02 7.797437433550605e-01
4.092608265182451e-02 7.754251938852404e-01
4.252429485427411e-02 7.710654057342122e-01
4.418491914404197e-02 7.666647131052151e-01
4.591039278736684e-02 7.622234726684657e-01
4.770324822863284e-02 7.577420637265809e-01
4.956611680718921e-02 7.532208883613961e-01
5.150173261931631e-02 7.486603715615417e-01
5.351293653100611e-02 7.440609613301485e-01
5.560268034744621e-02 7.394231287720576e-01
5.777403114532752e-02 7.347473681599358e-01
6.003017577433342e-02 7.300341969787068e-01
6.237442553441787e-02 7.252841559477119e-01
6.481022103573612e-02 7.204978090200508e-01
6.734113724836205e-02 7.156757433585532e-01
6.997088874920279e-02 7.108185692878567e-01
7.270333517381153e-02 7.059269202220858e-01
7.554248688110035e-02 7.010014525676457e-01
7.849251083926641e-02 6.960428456006624e-01
8.155773674157087e-02 6.910518013186427e-01
8.474266336094619e-02 6.860290442659144e-01
8.805196515275861e-02 6.809753213324675e-01
9.149049911541567e-02 6.758914015258365e-01
9.506331191888946e-02 6.707780757156619e-01
9.877564731161660e-02 6.656361563506452e-01
1.026329538166467e-01 6.604664771476055e-01
1.066408927283349e-01 6.552698927523887e-01
1.108053464213138e-01 6.500472783724239e-01
1.151324269839414e-01 6.447995293807324e-01
1.196284851888957e-01 6.395275608912691e-01
1.243001198140810e-01 6.342323073054648e-01
1.291541873275267e-01 6.289147218299281e-01
1.341978119504936e-01 6.235757759652715e-01
1.394383961135555e-01 6.182164589660936e-01
1.448836313210047e-01 6.128377772721766e-01
1.505415094395234e-01 6.074407539110263e-01
1.564203344276928e-01 6.020264278719220e-01
1.625287345235531e-01 5.965958534516960e-01
1.688756749081016e-01 5.911500995725234e-01
1.754704708633165e-01 5.856902490720681e-01
1.823228014440161e-01 5.802173979663759e-01
1.894427236836209e-01 5.747326546859818e-01
1.968406873546676e-01 5.692371392857692e-01
2.045275503057392e-01 5.637319826291782e-01
2.125145943973190e-01 5.582183255474351e-01
2.208135420599605e-01 5.526973179745646e-01
2.294365734990719e-01 5.471701180589976e-01
2.383963445715689e-01 5.416378912526991e-01
2.477060053606326e-01 5.361018093787977e-01
2.573792194758313e-01 5.305630496787973e-01
2.674301841069380e-01 5.250227938405378e-01
2.778736508608712e-01 5.194822270081523e-01
2.887249474123449e-01 5.139425367753652e-01
3.000000000000000e-01 5.084049121635679e-01
3.117153568010376e-01 5.028705425861879e-01
3.238882122186612e-01 4.973406168009744e-01
3.365364321179672e-01 4.918163218518954e-01
3.496785800473350e-01 4.862988420024466e-01
3.633339444837841e-01 4.807893576622489e-01
3.775225671423038e-01 4.752890443088926e-01
3.922652723906904e-01 4.697990714070827e-01
4.075836978130675e-01 4.643206013271892e-01
4.235003259669555e-01 4.588547882654046e-01
4.400385173804849e-01 4.534027771677537e-01
4.572225448381915e-01 4.479657026602791e-01
4.750776290057184e-01 4.425446879877470e-01
4.936299754456950e-01 4.371408439632981e-01
5.129068130791409e-01 4.317552679314609e-01
5.329364341488259e-01 4.263890427469994e-01
5.537482357432465e-01 4.210432357720603e-01
5.753727629421715e-01 4.157188978940857e-01
5.978417536470595e-01 4.104170625669568e-01
6.211881851621706e-01 4.051387448777929e-01
6.454463225947178e-01 3.998849406418081e-01
6.706517691451003e-01 3.946566255275670e-01
6.968415183610414e-01 3.894547542149143e-01
7.240540084322961e-01 3.842802595877879e-01
7.523291786056487e-01 3.791340519640174e-01
7.817085278029726e-01 3.740170183641187e-01
8.122351755283914e-01 3.689300218209716e-01
8.439539251539531e-01 3.638739007321319e-01
8.769113296766704e-01 3.588494682564052e-01
9.111557600434522e-01 3.538575117561383e-01
9.467374761442194e-01 3.488987922865320e-01
9.837087005773638e-01 3.439740441331094e-01
1.022123695295860e+00 3.390839743982878e-01
1.062038841246482e+00 3.342292626378259e-01
1.103512721119026e+00 3.294105605477197e-01
1.146606205327005e+00 3.246284917019321e-01
1.191382541345971e+00 3.198836513411451e-01
1.237907446540621e+00 3.151766062125201e-01
1.286249204616906e+00 3.105078944602674e-01
1.336478765840699e+00 3.058780255666220e-01
1.388669851170148e+00 3.012874803426365e-01
1.442899060454488e+00 2.967367109680208e-01
1.499245984858176e+00 2.922261410790712e-01
1.557793323675301e+00 2.877561659035748e-01
1.618627005705735e+00 2.833271524413979e-01
1.681836315371195e+00 2.789394396893259e-01
1.747514023756251e+00 2.745933389085833e-01
1.815756524766656e+00 2.702891339333249e-01
1.886663976604837e+00 2.660270815182789e-01
1.960340448770138e+00 2.618074117236217e-01
2.036894074799632e+00 2.576303283350698e-01
2.116437210973626e+00 2.534960093170986e-01
2.199086601218789e+00 2.494046072971413e-01
2.284963548450991e+00 2.453562500785613e-01
2.374194092609218e+00 2.413510411801748e-01
2.466909195641994e+00 2.373890604000538e-01
2.563244933717687e+00 2.334703644013565e-01
2.663342696940870e+00 2.295949873179193e-01
2.767349396867870e+00 2.257629413773614e-01
2.875417682126019e+00 2.219742175394914e-01
2.987706162453082e+00 2.182287861478274e-01
3.104379641485743e+00 2.145265975920970e-01
3.225609358638686e+00 2.108675829796409e-01
3.351573240429413e+00 2.072516548137004e-01
3.482456161617554e+00 2.036787076766440e-01
3.618450216541959e+00 2.001486189162676e-01
3.759755001053902e+00 1.966612493333754e-01
3.906577905460009e+00 1.932164438689483e-01
4.059134418905055e+00 1.898140322892816e-01
4.217648445641213e+00 1.864538298675808e-01
4.382352633647975e+00 1.831356380605882e-01
4.553488716085159e+00 1.798592451789140e-01
4.731307866079947e+00 1.766244270498409e-01
4.916071065368889e+00 1.734309476714664e-01
5.108049487335742e+00 1.702785598571460e-01
5.307524895007394e+00 1.671670058692875e-01
5.514790054592065e+00 1.640960180416475e-01
5.730149165166607e+00 1.610653193893644e-01
5.953918305143589e+00 1.580746242060564e-01
6.186425896173555e+00 1.551236386473875e-01
6.428013185163061e+00 1.522120613006006e-01
6.679034745116258e+00 1.493395837395790e-01
6.939858995534819e+00 1.465058910650834e-01
7.210868743140088e+00 1.437106624298796e-01
7.492461743711221e+00 1.409535715485320e-01
7.785051285863559e+00 1.382342871917117e-01
8.089066797624453e+00 1.355524736649184e-01
8.404954476696458e+00 1.329077912715739e-01
8.733177945333049e+00 1.302998967604959e-01
9.074218930788147e+00 1.277284437578047e-01
9.428577972337873e+00 1.251930831833648e-01
9.796775155912346e+00 1.226934636518968e-01
1.017935087741588e+01 1.202292318589325e-01
1.057686663585548e+01 1.178000329518239e-01
1.098990585744228e+01 1.154055108860367e-01
1.141907475187479e+01 1.130453087669929e-01
1.186500320206124e+01 1.107190691777467e-01
1.232834568858659e+01 1.084264344927960e-01
1.280978225028102e+01 1.061670471783558e-01
1.331001948229982e+01 1.039405500794242e-01
1.382979157317952e+01 1.017465866939955e-01
1.436986138239213e+01 9.958480143477574e-02
1.493102155997940e+01 9.745483987876927e-02
1.551409570990988e+01 9.535634900510867e-02
1.611993959886669e+01 9.328897742150501e-02
1.674944241223971e+01 9.125237557969890e-02
1.740352805916578e+01 8.924619598029231e-02
1.808315652853243e+01 8.727009336734075e-02
1.878932529793503e+01 8.532372491308560e-02
1.952307079765527e+01 8.340675039320174e-02
2.028546993181013e+01 8.151883235293049e-02
2.107764165890305e+01 7.965963626446795e-02
2.190074863409793e+01 7.782883067596591e-02
2.275599891562562e+01 7.602608735250303e-02
2.364464773782755e+01 7.425108140937162e-02
2.456799935343925e+01 7.250349143802008e-02
2.552740894781659e+01 7.078299962498272e-02
2.652428462791550e+01 6.908929186411808e-02
2.756008948894323e+01 6.742205786247009e-02
2.863634376171489e+01 6.578099124005529e-02
2.975462704386713e+01 6.416578962386849e-02
3.091658061820281e+01 6.257615473639297e-02
3.212390986157045e+01 6.101179247888529e-02
3.337838674781274e+01 5.947241300969915e-02
3.468185244845824e+01 5.795773081789979e-02
3.603622003497367e+01 5.646746479240772e-02
3.744347728654179e+01 5.500133828690400e-02
3.890568960748640e+01 5.355907918071334e-02
4.042500305862689e+01 5.214041993587198e-02
4.200364750700972e+01 5.074509765057689e-02
4.364393989864183e+01 4.937285410919850e-02
4.534828765902734e+01 4.802343582902918e-02
4.711919222649933e+01 4.669659410392793e-02
4.895925272353314e+01 4.539208504500737e-02
5.087116977142768e+01 4.410966961850001e-02
5.285774945395580e+01 4.284911368092477e-02
5.492190743579904e+01 4.161018801166490e-02
5.706667324181219e+01 4.039266834305342e-02
5.929519470339904e+01 3.919633538804840e-02
6.161074257852353e+01 3.802097486556914e-02
6.401671535213781e+01 3.686637752354685e-02
6.651664422407377e+01 3.573233915973027e-02
6.911419829171611e+01 3.461866064027177e-02
7.181318993506650e+01 3.352514791610180e-02
7.461758041209994e+01 3.245161203708468e-02
7.753148567262615e+01 3.139786916393012e-02
8.055918239919079e+01 3.036374057781585e-02
8.370511428387876e+01 2.934905268765962e-02
8.697389855023633e+01 2.835363703495495e-02
9.037033272988069e+01 2.737733029606589e-02
9.389940170374416e+01 2.641997428185133e-02
9.756628501828874e+01 2.548141593446384e-02
1.013763644874253e+02 2.456150732114320e-02
1.053352320912994e+02 2.366010562479329e-02
1.094486981835319e+02 2.277707313110207e-02
1.137228000189624e+02 2.191227721192962e-02
1.181638106144130e+02 2.106559030465198e-02
1.227782479554735e+02 2.023688988711042e-02
1.275728845628223e+02 1.942605844777094e-02
1.325547574321261e+02 1.863298345065113e-02
1.377311783621005e+02 1.785755729452137e-02
1.431097446858984e+02 1.709967726582727e-02
1.486983504215677e+02 1.635924548472020e-02
1.545051978579489e+02 1.563616884351126e-02
1.605388095930185e+02 1.493035893678762e-02
1.668080410423387e+02 1.424173198234595e-02
1.733220934359824e+02 1.357020873200114e-02
1.800905273230004e+02 1.291571437122470e-02
1.871232766032536e+02 1.227817840644848e-02
1.944306631072082e+02 1.165753453873725e-02
2.020234117450861e+02 1.105372052238672e-02
2.099126662476082e+02 1.046667800683608e-02
2.181100055214347e+02 9.896352360096516e-03
2.266274606433011e+02 9.342692471685383e-03
2.354775325177990e+02 8.805650532813526e-03
2.446732102247126e+02 8.285181791300038e-03
2.542279900828385e+02 7.781244278375270e-03
2.641558954582760e+02 7.293798504173899e-03
2.744714973462470e+02 6.822807118309217e-03
2.851899357566681e+02 6.368234531443038e-03
2.963269419348499e+02 5.930046493216939e-03
3.078988614499402e+02 5.508209621270314e-03
3.199226781850051e+02 5.102690875324229e-03
3.324160392639413e+02 4.713456969435374e-03
3.453972809518240e+02 4.340473714491738e-03
3.588854555666874e+02 3.983705281801150e-03
3.729003594422430e+02 3.643113377168261e-03
3.874625619825798e+02 3.318656313113407e-03
4.025934358514808e+02 3.010287964787633e-03
4.183151883406666e+02 2.717956592590893e-03
4.346508939630145e+02 2.441603511389273e-03
4.516245283185701e+02 2.181161582397997e-03
4.692610032830780e+02 1.936553499043820e-03
4.875862035706593e+02 1.707689832171464e-03
5.066270247243048e+02 1.494466792438246e-03
5.264114125899501e+02 1.296763658137740e-03
5.469684043320484e+02 1.114439804290666e-03
5.683281710508622e+02 9.473312526237652e-04
5.905220620640032e+02 7.952466405656155e-04
6.135826509172174e+02 6.579624784765580e-04
6.375437831919577e+02 5.352175247902249e-04
6.624406261798814e+02 4.267060536632792e-04
6.883097204972150e+02 3.320697113944568e-04
7.151890337147074e+02 2.508875438297667e-04
7.431180160818978e+02 1.826636064447773e-04
7.721376584274933e+02 1.268113058469688e-04
8.022905523208140e+02 8.263320116256940e-05
8.336209525826135e+02 4.929429289449207e-05
8.661748422370356e+02 2.578559674976444e-05
9.000000000000000e+02 1.087250104704288e-05
9.073881271871207e+02 8.662859054868505e-06
9.142304101409105e+02 6.902566646918461e-06
9.205671765275719e+02 5.500011622144278e-06
9.264357745540359e+02 4.382365637715240e-06
9.318707930942038e+02 3.491692482500680e-06
9.369042655519806e+02 2.781876625139365e-06
9.415658586626483e+02 2.216194590900673e-06
9.458830473453537e+02 1.765391525077113e-06
9.498812766372728e+02 1.406155751186968e-06
9.535841116638722e+02 1.119907550460724e-06
9.570133765291773e+02 8.918364851454973e-07
9.601892829446502e+02 7.101356320686437e-07
9.631305493548042e+02 5.653920344583800e-07
9.658545112616640e+02 4.501012343063772e-07
9.683772233983162e+02 3.582804562815326e-07
9.707135543537477e+02 2.851602901053084e-07
9.728772742066797e+02 2.269388775372540e-07
9.748811356849042e+02 1.805858960761916e-07
9.767369493284638e+02 1.436862323699818e-07
9.784556530996812e+02 1.143153003011608e-07
9.800473768503111e+02 9.093959571060214e-08
9.815215020257771e+02 7.233738085774017e-08
9.828867169583822e+02 5.753542692491763e-08
9.841510680753889e+02 4.575856718135895e-08
9.853220073237793e+02 3.638947023505770e-08
9.864064360912147e+02 2.893656643283763e-08
9.874107458820583e+02 2.300847809939456e-08
9.883408559882016e+02 1.829363749825415e-08
9.892022483767229e+02 1.454404228339494e-08
9.900000000000000e+02 1.156231041730064e-08
9.907388127187121e+02 9.191365910322048e-09
9.914230410140910e+02 7.306221934667205e-09
9.920567176527571e+02 5.807435779470427e-09
9.926435774554036e+02 4.615896242817176e-09
9.931870793094204e+02 3.668672793385501e-09
9.936904265551980e+02 2.915710684365550e-09
9.941565858662649e+02 2.317199965111931e-09
9.945883047345354e+02 1.841481247417603e-09
9.949881276637273e+02 1.463378929111642e-09
9.953584111663872e+02 1.162874784108718e-09
9.957013376529177e+02 9.240525340497291e-10
9.960189282944650e+02 7.342581318650928e-10
9.963130549354804e+02 5.834317381836590e-10
9.965854511261664e+02 4.635763372769153e-10
9.968377223398315e+02 3.683350829533216e-10
9.970713554353747e+02 2.926551558111661e-10
9.972877274206679e+02 2.325204462017577e-10
9.974881135684905e+02 1.847389872211440e-10
9.976736949328464e+02 1.467739365313470e-10
9.978455653099682e+02 1.166091943181448e-10
9.980047376850312e+02 9.264256642135788e-11
9.981521502025778e+02 7.360083163562793e-11
9.982886716958383e+02 5.847222609765368e-11
9.984151068075389e+02 4.645277588092174e-11
9.985322007323779e+02 3.690363947890503e-11
9.986406436091215e+02 2.931720305517547e-11
9.987410745882058e+02 2.329013366521364e-11
9.988340855988201e+02 1.850196338568524e-11
9.989202248376723e+02 1.469806975236233e-11
9.990000000000000e+02 1.167615049162888e-11
9.990738812718713e+02 9.275475479522210e-12
9.991423041014092e+02 7.368345921099567e-12
9.992056717652757e+02 5.853307665628427e-12
9.992643577455403e+02 4.649758529814620e-12
9.993187079309420e+02 3.693663399372829e-12
9.993690426555198e+02 2.934149623104789e-12
9.994156585866265e+02 2.330801908498784e-12
9.994588304734535e+02 1.851513043050643e-12
9.994988127663728e+02 1.470776265190239e-12
9.995358411166387e+02 1.168328554262019e-12
9.995701337652918e+02 9.280727423002778e-13
9.996018928294465e+02 7.372211585092403e-13
9.996313054935481e+02 5.856152851522641e-13
9.996585451126166e+02 4.651852550518779e-13
9.996837722339832e+02 3.695204518703976e-13
9.997071355435376e+02 2.935283791772072e-13
9.997287727420669e+02 2.331636561827134e-13
9.997488113568490e+02 1.852127261238724e-13
9.997673694932846e+02 1.471228254489921e-13
9.997845565309968e+02 1.168661155134828e-13
9.998004737685031e+02 9.283174846507560e-14
9.998152150202577e+02 7.374012470503006e-14
9.998288671695839e+02 5.857477970544215e-14
9.998415106807539e+02 4.652827576426358e-14
9.998532200732378e+02 3.695921933681180e-14
9.998640643609122e+02 2.935811651167426e-14
9.998741074588205e+02 2.332024944711682e-14
9.998834085598820e+02 1.852413017890440e-14
9.998920224837672e+02 1.471438500364490e-14
9.999000000000000e+02 1.168815842147692e-14
9.999073881271871e+02 9.284312934427648e-15
9.999142304101409e+02 7.374849794784617e-15
9.999205671765276e+02 5.858094008949683e-15
9.999264357745541e+02 4.653280806139650e-15
9.999318707930942e+02 3.696255379855528e-15
9.999369042655519e+02 2.936056969547767e-15
9.999415658586627e+02 2.332205425765318e-15
9.999458830473453e+02 1.852545797268082e-15
9.999498812766373e+02 1.471536185212452e-15
9.999535841116639e+02 1.168887707836660e-15
9.999570133765292e+02 9.284841640061716e-16
9.999601892829446e+02 7.375238754315860e-16
9.999631305493548e+02 5.858380158507956e-16
9.999658545112617e+02 4.653491319724711e-16
9.999683772233983e+02 3.696410249273670e-16
9.999707135543538e+02 2.936170902610043e-16
9.999728772742067e+02 2.332289242889751e-16
9.999748811356849e+02 1.852607458808904e-16
9.999767369493284e+02 1.471581547517922e-16
9.999784556530997e+02 1.168921079243454e-16
9.999800473768503e+02 9.285087140983504e-17
9.999815215020258e+02 7.375419359704447e-17
9.999828867169583e+02 5.858513022667267e-17
9.999841510680753e+02 4.653589062358606e-17
9.999853220073238e+02 3.696482154266912e-17
9.999864064360912e+02 2.936223799985357e-17
9.999874107458820e+02 2.332328157115481e-17
9.999883408559882e+02 1.852636086202382e-17
9.999892022483767e+02 1.471602607340839e-17
9.999900000000000e+02 1.168936571958202e-17
9.999907388127187e+02 9.285201113289897e-18
9.999914230410141e+02 7.375503203792211e-18
9.999920567176528e+02 5.858574702426959e-18
9.999926435774554e+02 4.653634437094663e-18
9.999931870793095e+02 3.696515534184894e-18
9.999936904265552e+02 2.936248355901109e-18
9.999941565858662e+02 2.332346221624838e-18
9.999945883047345e+02 1.852649375338460e-18
9.999949881276638e+02 1.471612383393980e-18
9.999953584111664e+02 1.168943763702178e-18
9.999957013376529e+02 9.285254019458758e-19
9.999960189282945e+02 7.375542123808737e-19
9.999963130549355e+02 5.858603333706473e-19
9.999965854511262e+02 4.653655499561339e-19
9.999968377223398e+02 3.696531028873836e-19
9.999970713554353e+02 2.936259754599091e-19
9.999972877274207e+02 2.332354606724005e-19
9.999974881135685e+02 1.852655543949182e-19
9.999976736949328e+02 1.471616921400970e-19
9.999978455653101e+02 1.168947101874251e-19
9.999980047376851e+02 9.285278577089395e-20
9.999981521502026e+02 7.375560189356029e-20
9.999982886716958e+02 5.858616624127161e-20
9.999984151068076e+02 4.653665276371525e-20
9.999985322007324e+02 3.696538221231527e-20
9.999986406436091e+02 2.936265045748579e-20
9.999987410745882e+02 2.332358498966316e-20
9.999988340855989e+02 1.852658406796297e-20
9.999989202248377e+02 1.471619027810254e-20
9.999990000000000e+02 1.168948651474589e-20
