# alpha = 2.2
# Lmin  = 0.01
# Lmax  = 1000
# tau   = 1
# V1    = 0.1
# V2    = 1
# c     = 1
# xi_min = 0.01
# xi_max = 1000
# DeltaFss = 4.775467400397411e-02
# D_c   = 2.419297114340766e+01
# u_c = D_c/(V2 tau) = 2.419297114340766e+01
# R(u_c) = 1.713064604419093e-01
# columns: u=t/tau, R(u)
1.000000000000000e-04 9.994918305224227e-01
1.039051189336793e-04 9.994720169329939e-01
1.079627374062204e-04 9.994514320709783e-01
1.121788107059891e-04 9.994300460141426e-01
1.165595266824449e-04 9.994078276874424e-01
1.211113148279280e-04 9.993847448192484e-01
1.258408557141013e-04 9.993607638959738e-01
1.307550907968968e-04 9.993358501150261e-01
1.358612326043559e-04 9.993099673360469e-01
1.411667753223186e-04 9.992830780303702e-01
1.466795057934949e-04 9.992551432286371e-01
1.524075149460639e-04 9.992261224665198e-01
1.583592096685727e-04 9.991959737284802e-01
1.645433251485650e-04 9.991646533895011e-01
1.709689376930471e-04 9.991321161547260e-01
1.776454780496086e-04 9.990983149969453e-01
1.845827452477489e-04 9.990632010918519e-01
1.917909209807237e-04 9.990267237509997e-01
1.992805845490198e-04 9.989888303524000e-01
2.070627283873903e-04 9.989494662686690e-01
2.151487741982391e-04 9.989085747926744e-01
2.235505897150335e-04 9.988660970605756e-01
2.322805061203469e-04 9.988219719722212e-01
2.413513361440986e-04 9.987761361087862e-01
2.507763928685497e-04 9.987285236475990e-01
2.605695092676574e-04 9.986790662740743e-01
2.707450585094638e-04 9.986276930906633e-01
2.813179750513180e-04 9.985743305227484e-01
2.923037765588901e-04 9.985189022214140e-01
3.037185866811508e-04 9.984613289629884e-01
3.155791587147396e-04 9.984015285453058e-01
3.279029001924546e-04 9.983394156805879e-01
3.407078984319536e-04 9.982749018848861e-01
3.540129470821606e-04 9.982078953639963e-01
3.678375737063420e-04 9.981383008957717e-01
3.822020684423349e-04 9.980660197087748e-01
3.971275137819903e-04 9.979909493571832e-01
4.126358155135406e-04 9.979129835918955e-01
4.287497348723017e-04 9.978320122277692e-01
4.454929219468996e-04 9.977479210069312e-01
4.628899503900490e-04 9.976605914581202e-01
4.809663534848294e-04 9.975699007519976e-01
4.997486616193922e-04 9.974757215524035e-01
5.192644412250998e-04 9.973779218635191e-01
5.395423352352451e-04 9.972763648729114e-01
5.606121051237321e-04 9.971709087904531e-01
5.825046745854169e-04 9.970614066831204e-01
6.052521749222188e-04 9.969477063056696e-01
6.288879922016120e-04 9.968296499272282e-01
6.534468162567126e-04 9.967070741538496e-01
6.789646915998777e-04 9.965798097470790e-01
7.054790703245417e-04 9.964476814386181e-01
7.330288670729299e-04 9.963105077411983e-01
7.616545161503295e-04 9.961681007557885e-01
7.913980308697395e-04 9.960202659752818e-01
8.223030652139985e-04 9.958668020848731e-01
8.544149779058953e-04 9.957075007593132e-01
8.877808989802900e-04 9.955421464573394e-01
9.224497989559574e-04 9.953705162135374e-01
9.584725607086727e-04 9.951923794280090e-01
9.959020541510277e-04 9.950074976542261e-01
1.034793213828581e-03 9.948156243855115e-01
1.075203119546229e-03 9.946165048406670e-01
1.117191080143139e-03 9.944098757493113e-01
1.160818720539184e-03 9.941954651375697e-01
1.206150072180654e-03 9.939729921148485e-01
1.253251667017966e-03 9.937421666624843e-01
1.302192635153336e-03 9.935026894251935e-01
1.353044806301686e-03 9.932542515063078e-01
1.405882815213737e-03 9.929965342679236e-01
1.460784211215992e-03 9.927292091372116e-01
1.517829572028385e-03 9.924519374202533e-01
1.577102622026649e-03 9.921643701249331e-01
1.638690355122963e-03 9.918661477945826e-01
1.702683162445247e-03 9.915569003542155e-01
1.769174965002465e-03 9.912362469714296e-01
1.838263351530690e-03 9.909037959342269e-01
1.910049721722201e-03 9.905591445482428e-01
1.984639435047864e-03 9.902018790561333e-01
2.062141965391183e-03 9.898315745821256e-01
2.142671061721020e-03 9.894477951050501e-01
2.226344915038755e-03 9.890500934634778e-01
2.313286331844939e-03 9.886380113969626e-01
2.403622914380031e-03 9.882110796277515e-01
2.497487247903738e-03 9.877688179877542e-01
2.595017095287853e-03 9.873107355960333e-01
2.696355599208152e-03 9.868363310925499e-01
2.801651492232151e-03 9.863450929344592e-01
2.911059315111016e-03 9.858364997618582e-01
3.024739643596051e-03 9.853100208404947e-01
3.142859324112624e-03 9.847651165896848e-01
3.265591718637450e-03 9.842012392044629e-01
3.393116959138624e-03 9.836178333817743e-01
3.525622211951828e-03 9.830143371615064e-01
3.663301952480762e-03 9.823901828940880e-01
3.806358250624929e-03 9.817447983475264e-01
3.955001067353747e-03 9.810776079678956e-01
4.109448562862195e-03 9.803880343086212e-01
4.269927416760338e-03 9.796754996452993e-01
4.436673160766607e-03 9.789394277943374e-01
4.609930524393172e-03 9.781792461554033e-01
4.789953794130710e-03 9.773943879994841e-01
4.977007186659796e-03 9.765842950264090e-01
5.171365236636627e-03 9.757484202178446e-01
5.373313199622230e-03 9.748862310142228e-01
5.583147470746565e-03 9.739972128466513e-01
5.801176019721925e-03 9.730808730577695e-01
6.027718842844149e-03 9.721367452486400e-01
6.263108432645010e-03 9.711643940922251e-01
6.507690265885090e-03 9.701634206577777e-01
6.761823310603373e-03 9.691334682946214e-01
7.025880552967686e-03 9.680742291283211e-01
7.300249544699317e-03 9.669854512272545e-01
7.585332971875207e-03 9.658669465030372e-01
7.881549245942516e-03 9.647185994142909e-01
8.189333117813075e-03 9.635403765498257e-01
8.509136315938862e-03 9.623323371745836e-01
8.841428209305172e-03 9.610946448296802e-01
9.186696496314402e-03 9.598275800866896e-01
9.545447920571628e-03 9.585315545660258e-01
9.918209014622368e-03 9.572071263399659e-01
1.030552687273427e-02 9.558549121163507e-01
1.070796995385682e-02 9.544748529740770e-01
1.112612891593757e-02 9.530665384048962e-01
1.156061748281941e-02 9.516295555353607e-01
1.201207334499123e-02 9.501634914178212e-01
1.248115909551393e-02 9.486679332783764e-01
1.296856320249547e-02 9.471424687726994e-01
1.347500101954228e-02 9.455866862497297e-01
1.400121583566991e-02 9.440001750231946e-01
1.454797996621396e-02 9.423825256509376e-01
1.511609588634245e-02 9.407333302219988e-01
1.570639740883311e-02 9.390521826513705e-01
1.631975090784437e-02 9.373386789823740e-01
1.695705659047589e-02 9.355924176965588e-01
1.761924981798528e-02 9.338130000310098e-01
1.830730247859966e-02 9.320000303029708e-01
1.902222441393740e-02 9.301531162416192e-01
1.976506490113303e-02 9.282718693268845e-01
2.053691419284118e-02 9.263559051351061e-01
2.133890511737929e-02 9.244048436913899e-01
2.217221474135790e-02 9.224183098284470e-01
2.303806609723871e-02 9.203959335517208e-01
2.393772997835552e-02 9.183373504105666e-01
2.487252680403331e-02 9.162422018752504e-01
2.584382855754205e-02 9.141101357195037e-01
2.685306079973024e-02 9.119408064083666e-01
2.790170476129292e-02 9.097338754910264e-01
2.899129951674547e-02 9.074890119983328e-01
3.012344424329354e-02 9.052058928446871e-01
3.129980056791472e-02 9.028842032339432e-01
3.252209500609621e-02 9.005236370689674e-01
3.379212149580845e-02 8.981238973644895e-01
3.511174403043318e-02 8.956846966628339e-01
3.648289939451060e-02 8.932057574521378e-01
3.790760000632080e-02 8.906868125866154e-01
3.938793687147105e-02 8.881276057084256e-01
4.092608265182451e-02 8.855278916706817e-01
4.252429485427411e-02 8.828874369611212e-01
4.418491914404197e-02 8.802060201259385e-01
4.591039278736684e-02 8.774834321932603e-01
4.770324822863284e-02 8.747194770957437e-01
4.956611680718921e-02 8.719139720917295e-01
5.150173261931631e-02 8.690667481844044e-01
5.351293653100611e-02 8.661776505383679e-01
5.560268034744621e-02 8.632465388930279e-01
5.777403114532752e-02 8.602732879721844e-01
6.003017577433342e-02 8.572577878891853e-01
6.237442553441787e-02 8.541999445470019e-01
6.481022103573612e-02 8.510996800325512e-01
6.734113724836205e-02 8.479569330045970e-01
6.997088874920279e-02 8.447716590745257e-01
7.270333517381153e-02 8.415438311792873e-01
7.554248688110035e-02 8.382734399457790e-01
7.849251083926641e-02 8.349604940459290e-01
8.155773674157087e-02 8.316050205417259e-01
8.474266336094619e-02 8.282070652194347e-01
8.805196515275861e-02 8.247666929122053e-01
9.149049911541567e-02 8.212839878102999e-01
9.506331191888946e-02 8.177590537581220e-01
9.877564731161660e-02 8.141920145372396e-01
1.026329538166467e-01 8.105830141345867e-01
1.066408927283349e-01 8.069322169949917e-01
1.108053464213138e-01 8.032398082572223e-01
1.151324269839414e-01 7.995059939726793e-01
1.196284851888957e-01 7.957310013059022e-01
1.243001198140810e-01 7.919150787160287e-01
1.291541873275267e-01 7.880584961183613e-01
1.341978119504936e-01 7.841615450251865e-01
1.394383961135555e-01 7.802245386649891e-01
1.448836313210047e-01 7.762478120792341e-01
1.505415094395234e-01 7.722317221958651e-01
1.564203344276928e-01 7.681766478786978e-01
1.625287345235531e-01 7.640829899519032e-01
1.688756749081016e-01 7.599511711987754e-01
1.754704708633165e-01 7.557816363340151e-01
1.823228014440161e-01 7.515748519487770e-01
1.894427236836209e-01 7.473313064277587e-01
1.968406873546676e-01 7.430515098376379e-01
2.045275503057392e-01 7.387359937862066e-01
2.125145943973190e-01 7.343853112515923e-01
2.208135420599605e-01 7.300000363809906e-01
2.294365734990719e-01 7.255807642584066e-01
2.383963445715689e-01 7.211281106409366e-01
2.477060053606326e-01 7.166427116631994e-01
2.573792194758313e-01 7.121252235095840e-01
2.674301841069380e-01 7.075763220540595e-01
2.778736508608712e-01 7.029967024673701e-01
2.887249474123449e-01 6.983870787915187e-01
3.000000000000000e-01 6.937481834815368e-01
3.117153568010376e-01 6.890807669146309e-01
3.238882122186612e-01 6.843855968668956e-01
3.365364321179672e-01 6.796634579578901e-01
3.496785800473350e-01 6.749151510634814e-01
3.633339444837841e-01 6.701414926974788e-01
3.775225671423038e-01 6.653433143626855e-01
3.922652723906904e-01 6.605214618721379e-01
4.075836978130675e-01 6.556767946414059e-01
4.235003259669555e-01 6.508101849529573e-01
4.400385173804849e-01 6.459225171937276e-01
4.572225448381915e-01 6.410146870671485e-01
4.750776290057184e-01 6.360876007810186e-01
4.936299754456950e-01 6.311421742127334e-01
5.129068130791409e-01 6.261793320534957e-01
5.329364341488259e-01 6.212000069332719e-01
5.537482357432465e-01 6.162051385283418e-01
5.753727629421715e-01 6.111956726534293e-01
5.978417536470595e-01 6.061725603404831e-01
6.211881851621706e-01 6.011367569062726e-01
6.454463225947178e-01 5.960892210110662e-01
6.706517691451003e-01 5.910309137107076e-01
6.968415183610414e-01 5.859627975044946e-01
7.240540084322961e-01 5.808858353813099e-01
7.523291786056487e-01 5.758009898664853e-01
7.817085278029726e-01 5.707092220719326e-01
8.122351755283914e-01 5.656114907520629e-01
8.439539251539531e-01 5.605087513680319e-01
8.769113296766704e-01 5.554019551628389e-01
9.111557600434522e-01 5.502920482497665e-01
9.467374761442194e-01 5.451799707166186e-01
9.837087005773638e-01 5.400666557481510e-01
1.022123695295860e+00 5.349530287690170e-01
1.062038841246482e+00 5.298400066094822e-01
1.103512721119026e+00 5.247284966960399e-01
1.146606205327005e+00 5.196193962689744e-01
1.191382541345971e+00 5.145135916287837e-01
1.237907446540621e+00 5.094119574132501e-01
1.286249204616906e+00 5.043153559068008e-01
1.336478765840699e+00 4.992246363836634e-01
1.388669851170148e+00 4.941406344861440e-01
1.442899060454488e+00 4.890641716392222e-01
1.499245984858176e+00 4.839960545024699e-01
1.557793323675301e+00 4.789370744601405e-01
1.618627005705735e+00 4.738880071501064e-01
1.681836315371195e+00 4.688496120321460e-01
1.747514023756251e+00 4.638226319959194e-01
1.815756524766656e+00 4.588077930087998e-01
1.886663976604837e+00 4.538058038035608e-01
1.960340448770138e+00 4.488173556057733e-01
2.036894074799632e+00 4.438431219005916e-01
2.116437210973626e+00 4.388837582384883e-01
2.199086601218789e+00 4.339399020793346e-01
2.284963548450991e+00 4.290121726741021e-01
2.374194092609218e+00 4.241011709833478e-01
2.466909195641994e+00 4.192074796315166e-01
2.563244933717687e+00 4.143316628960084e-01
2.663342696940870e+00 4.094742667298522e-01
2.767349396867870e+00 4.046358188167614e-01
2.875417682126019e+00 3.998168286572610e-01
2.987706162453082e+00 3.950177876845307e-01
3.104379641485743e+00 3.902391694085410e-01
3.225609358638686e+00 3.854814295870402e-01
3.351573240429413e+00 3.807450064219012e-01
3.482456161617554e+00 3.760303207793319e-01
3.618450216541959e+00 3.713377764324313e-01
3.759755001053902e+00 3.666677603245775e-01
3.906577905460009e+00 3.620206428521364e-01
4.059134418905055e+00 3.573967781649941e-01
4.217648445641213e+00 3.527965044834341e-01
4.382352633647975e+00 3.482201444299148e-01
4.553488716085159e+00 3.436680053743181e-01
4.731307866079947e+00 3.391403797913016e-01
4.916071065368889e+00 3.346375456284026e-01
5.108049487335742e+00 3.301597666836118e-01
5.307524895007394e+00 3.257072929911646e-01
5.514790054592065e+00 3.212803612143625e-01
5.730149165166607e+00 3.168791950442871e-01
5.953918305143589e+00 3.125040056033225e-01
6.186425896173555e+00 3.081549918524638e-01
6.428013185163061e+00 3.038323410014465e-01
6.679034745116258e+00 2.995362289207852e-01
6.939858995534819e+00 2.952668205548764e-01
7.210868743140088e+00 2.910242703353723e-01
7.492461743711221e+00 2.868087225940911e-01
7.785051285863559e+00 2.826203119747892e-01
8.089066797624453e+00 2.784591638431698e-01
8.404954476696458e+00 2.743253946945639e-01
8.733177945333049e+00 2.702191125587664e-01
9.074218930788147e+00 2.661404174015596e-01
9.428577972337873e+00 2.620894015225148e-01
9.796775155912346e+00 2.580661499486951e-01
1.017935087741588e+01 2.540707408239392e-01
1.057686663585548e+01 2.501032457934428e-01
1.098990585744228e+01 2.461637303833950e-01
1.141907475187479e+01 2.422522543754667e-01
1.186500320206124e+01 2.383688721759842e-01
1.232834568858659e+01 2.345136331796511e-01
1.280978225028102e+01 2.306865821277197e-01
1.331001948229982e+01 2.268877594605356e-01
1.382979157317952e+01 2.231172016644126e-01
1.436986138239213e+01 2.193749416128162e-01
1.493102155997940e+01 2.156610089018573e-01
1.551409570990988e+01 2.119754301801233e-01
1.611993959886669e+01 2.083182294728865e-01
1.674944241223971e+01 2.046894285007523e-01
1.740352805916578e+01 2.010890469928257e-01
1.808315652853243e+01 1.975171029944828e-01
1.878932529793503e+01 1.939736131698527e-01
1.952307079765527e+01 1.904585930991258e-01
2.028546993181013e+01 1.869720575708060e-01
2.107764165890305e+01 1.835140208690441e-01
2.190074863409793e+01 1.800844970561851e-01
2.275599891562562e+01 1.766835002506753e-01
2.364464773782755e+01 1.733110449004741e-01
2.456799935343925e+01 1.699671460521187e-01
2.552740894781659e+01 1.666518196155957e-01
2.652428462791550e+01 1.633650826251654e-01
2.756008948894323e+01 1.601069534962938e-01
2.863634376171489e+01 1.568774522788359e-01
2.975462704386713e+01 1.536766009066186e-01
3.091658061820281e+01 1.505044234435627e-01
3.212390986157045e+01 1.473609463264786e-01
3.337838674781274e+01 1.442461986046696e-01
3.468185244845824e+01 1.411602121764609e-01
3.603622003497367e+01 1.381030220227706e-01
3.744347728654179e+01 1.350746664378302e-01
3.890568960748640e+01 1.320751872571465e-01
4.042500305862689e+01 1.291046300827897e-01
4.200364750700972e+01 1.261630445060815e-01
4.364393989864183e+01 1.232504843277359e-01
4.534828765902734e+01 1.203670077755010e-01
4.711919222649933e+01 1.175126777193248e-01
4.895925272353314e+01 1.146875618840548e-01
5.087116977142768e+01 1.118917330596633e-01
5.285774945395580e+01 1.091252693089648e-01
5.492190743579904e+01 1.063882541727761e-01
5.706667324181219e+01 1.036807768724408e-01
5.929519470339904e+01 1.010029325096151e-01
6.161074257852353e+01 9.835482226318502e-02
6.401671535213781e+01 9.573655358315504e-02
6.651664422407377e+01 9.314824038131157e-02
6.911419829171611e+01 9.059000321843536e-02
7.181318993506650e+01 8.806196948779242e-02
7.461758041209994e+01 8.556427359459551e-02
7.753148567262615e+01 8.309705713108274e-02
8.055918239919079e+01 8.066046904680654e-02
8.370511428387876e+01 7.825466581368104e-02
8.697389855023633e+01 7.587981158526853e-02
9.037033272988069e+01 7.353607834973143e-02
9.389940170374416e+01 7.122364607580196e-02
9.756628501828874e+01 6.894270285104741e-02
1.013763644874253e+02 6.669344501163130e-02
1.053352320912994e+02 6.447607726267512e-02
1.094486981835319e+02 6.229081278823299e-02
1.137228000189624e+02 6.013787334978184e-02
1.181638106144130e+02 5.801748937201117e-02
1.227782479554735e+02 5.592990001457043e-02
1.275728845628223e+02 5.387535322828762e-02
1.325547574321261e+02 5.185410579421570e-02
1.377311783621005e+02 4.986642334369432e-02
1.431097446858984e+02 4.791258035741849e-02
1.486983504215677e+02 4.599286014130026e-02
1.545051978579489e+02 4.410755477667194e-02
1.605388095930185e+02 4.225696504212041e-02
1.668080410423387e+02 4.044140030395690e-02
1.733220934359824e+02 3.866117837199948e-02
1.800905273230004e+02 3.691662531699287e-02
1.871232766032536e+02 3.520807524558515e-02
1.944306631072082e+02 3.353587002833219e-02
2.020234117450861e+02 3.190035897569802e-02
2.099126662476082e+02 3.030189845644875e-02
2.181100055214347e+02 2.874085145219704e-02
2.266274606433011e+02 2.721758704113100e-02
2.354775325177990e+02 2.573247980313539e-02
2.446732102247126e+02 2.428590913758034e-02
2.542279900828385e+02 2.287825848398378e-02
2.641558954582760e+02 2.150991443453071e-02
2.744714973462470e+02 2.018126572603269e-02
2.851899357566681e+02 1.889270209728929e-02
2.963269419348499e+02 1.764461299594688e-02
3.078988614499402e+02 1.643738611677499e-02
3.199226781850051e+02 1.527140575074785e-02
3.324160392639413e+02 1.414705092135242e-02
3.453972809518240e+02 1.306469328104847e-02
3.588854555666874e+02 1.202469473667760e-02
3.729003594422430e+02 1.102740476770207e-02
3.874625619825798e+02 1.007315739527659e-02
4.025934358514808e+02 9.162267753084015e-03
4.183151883406666e+02 8.295028202295374e-03
4.346508939630145e+02 7.471703922560988e-03
4.516245283185701e+02 6.692527898091638e-03
4.692610032830780e+02 5.957695201962929e-03
4.875862035706593e+02 5.267356461871987e-03
5.066270247243048e+02 4.621610365450067e-03
5.264114125899501e+02 4.020495031197444e-03
5.469684043320484e+02 3.463978029791594e-03
5.683281710508622e+02 2.951944786577076e-03
5.905220620640032e+02 2.484185024665421e-03
6.135826509172174e+02 2.060376812193481e-03
6.375437831919577e+02 1.680067646360806e-03
6.624406261798814e+02 1.342651824752239e-03
6.883097204972150e+02 1.047343095843264e-03
7.151890337147074e+02 7.931412046637013e-04
7.431180160818978e+02 5.787903883515084e-04
7.721376584274933e+02 4.027270122250059e-04
8.022905523208140e+02 2.630121579997767e-04
8.336209525826135e+02 1.572426796377156e-04
8.661748422370356e+02 8.243021870812576e-05
9.000000000000000e+02 3.483016331129407e-05
9.073881271871207e+02 2.776389127682695e-05
9.142304101409105e+02 2.213126339050937e-05
9.205671765275719e+02 1.764090050954277e-05
9.264357745540359e+02 1.406091946330121e-05
9.318707930942038e+02 1.120667383780211e-05
9.369042655519806e+02 8.931060339681813e-06
9.415658586626483e+02 7.116840704740225e-06
9.458830473453537e+02 5.670551165169064e-06
9.498812766372728e+02 4.517665212863367e-06
9.535841116638722e+02 3.598747729032007e-06
9.570133765291773e+02 2.866394628042550e-06
9.601892829446502e+02 2.282795816892580e-06
9.631305493548042e+02 1.817793378372212e-06
9.658545112616640e+02 1.447333621205560e-06
9.683772233983162e+02 1.152232658629402e-06
9.707135543537477e+02 9.171917432133335e-07
9.728772742066797e+02 7.300116728439340e-07
9.748811356849042e+02 5.809659418942884e-07
9.767369493284638e+02 4.623005254351818e-07
9.784556530996812e+02 3.678347067955535e-07
9.800473768503111e+02 2.926425446452793e-07
9.815215020257771e+02 2.327987033050318e-07
9.828867169583822e+02 1.851756580545329e-07
9.841510680753889e+02 1.472819084211607e-07
9.853220073237793e+02 1.171329232309884e-07
9.864064360912147e+02 9.314820967016820e-08
9.874107458820583e+02 7.406923049531228e-08
9.883408559882016e+02 5.889395699866892e-08
9.892022483767229e+02 4.682469460811897e-08
9.900000000000000e+02 3.722649628190565e-08
9.907388127187121e+02 2.959402058530003e-08
9.914230410140910e+02 2.352512399119503e-08
9.920567176527571e+02 1.869982246600363e-08
9.926435774554036e+02 1.486353330687162e-08
9.931870793094204e+02 1.181372848310848e-08
9.936904265551980e+02 9.389306588745722e-09
9.941565858662649e+02 7.462130872797819e-09
9.945883047345354e+02 5.930292822944988e-09
9.949881276637273e+02 4.712750146354657e-09
9.953584111663872e+02 3.745059280936558e-09
9.957013376529177e+02 2.975979427244468e-09
9.960189282944650e+02 2.364770428488982e-09
9.963130549354804e+02 1.879042970537318e-09
9.965854511261664e+02 1.493048383747691e-09
9.968377223398315e+02 1.186318287995823e-09
9.970713554353747e+02 9.425826159638615e-10
9.972877274206679e+02 7.489091232693847e-10
9.974881135684905e+02 5.950191018483972e-10
9.976736949328464e+02 4.727432571631196e-10
9.978455653099682e+02 3.755890704244355e-10
9.980047376850312e+02 2.983968270043318e-10
9.981521502025778e+02 2.370661568306463e-10
9.982886716958383e+02 1.883386451480611e-10
9.984151068075389e+02 1.496250265141609e-10
9.985322007323779e+02 1.188678257998320e-10
9.986406436091215e+02 9.443218037046984e-11
9.987410745882058e+02 7.501906558743436e-11
9.988340855988201e+02 5.959632936265243e-11
9.989202248376723e+02 4.734388289789137e-11
9.990000000000000e+02 3.761014343158485e-11
9.990738812718713e+02 2.987742020182777e-11
9.991423041014092e+02 2.373440826703215e-11
9.992056717652757e+02 1.885433125682958e-11
9.992643577455403e+02 1.497757341123904e-11
9.993187079309420e+02 1.189787919895041e-11
9.993690426555198e+02 9.451387952439766e-12
9.994156585866265e+02 7.507921313280303e-12
9.994588304734535e+02 5.964060794128218e-12
9.994988127663728e+02 4.737647757287397e-12
9.995358411166387e+02 3.763413609903319e-12
9.995701337652918e+02 2.989508020845511e-12
9.996018928294465e+02 2.374740652274293e-12
9.996313054935481e+02 1.886389796462451e-12
9.996585451126166e+02 1.498461424999276e-12
9.996837722339832e+02 1.190306089442552e-12
9.997071355435376e+02 9.455201296880650e-13
9.997287727420669e+02 7.510727572765792e-13
9.997488113568490e+02 5.966125880274934e-13
9.997673694932846e+02 4.739167387494851e-13
9.997845565309968e+02 3.764531831403108e-13
9.998004737685031e+02 2.990330848088709e-13
9.998152150202577e+02 2.375346106149308e-13
9.998288671695839e+02 1.886835294355992e-13
9.998415106807539e+02 1.498789220523404e-13
9.998532200732378e+02 1.190547276328056e-13
9.998640643609122e+02 9.456975887405170e-14
9.998741074588205e+02 7.512033253171863e-14
9.998834085598820e+02 5.967086541548017e-14
9.998920224837672e+02 4.739874191105736e-14
9.999000000000000e+02 3.765051854543690e-14
9.999073881271871e+02 2.990713445786716e-14
9.999142304101409e+02 2.375627593002411e-14
9.999205671765276e+02 1.887042389667339e-14
9.999264357745541e+02 1.498941583357864e-14
9.999318707930942e+02 1.190659370938792e-14
9.999369042655519e+02 9.457800571339000e-15
9.999415658586627e+02 7.512639972209693e-15
9.999458830473453e+02 5.967532901580749e-15
9.999498812766373e+02 4.740202574098466e-15
9.999535841116639e+02 3.765293441734750e-15
9.999570133765292e+02 2.990891177606550e-15
9.999601892829446e+02 2.375758346908024e-15
9.999631305493548e+02 1.887138582440071e-15
9.999658545112617e+02 1.499012350010100e-15
9.999683772233983e+02 1.190711432048176e-15
9.999707135543538e+02 9.458183569614975e-16
9.999728772742067e+02 7.512921732061317e-16
9.999748811356849e+02 5.967740182889503e-16
9.999767369493284e+02 4.740355063719782e-16
9.999784556530997e+02 3.765405622702108e-16
9.999800473768503e+02 2.990973704849274e-16
9.999815215020258e+02 2.375819058890760e-16
9.999828867169583e+02 1.887183245778544e-16
9.999841510680753e+02 1.499045206935784e-16
9.999853220073238e+02 1.190735603439516e-16
9.999864064360912e+02 9.458361387879475e-17
9.999874107458820e+02 7.513052544913234e-17
9.999883408559882e+02 5.967836415765338e-17
9.999892022483767e+02 4.740425857653081e-17
9.999900000000000e+02 3.765457702450303e-17
9.999907388127187e+02 2.991012017347348e-17
9.999914230410141e+02 2.375847243584283e-17
9.999920567176528e+02 1.887203979789800e-17
9.999926435774554e+02 1.499060459919167e-17
9.999931870793095e+02 1.190746824287108e-17
9.999936904265552e+02 9.458443933856279e-18
9.999941565858662e+02 7.513113269847934e-18
9.999945883047345e+02 5.967881087836055e-18
9.999949881276638e+02 4.740458720480558e-18
9.999953584111664e+02 3.765481877858168e-18
9.999957013376529e+02 2.991029801996854e-18
9.999960189282945e+02 2.375860326740728e-18
9.999963130549355e+02 1.887213604364447e-18
9.999965854511262e+02 1.499067540187054e-18
9.999968377223398e+02 1.190752032921126e-18
9.999970713554353e+02 9.458482251213101e-19
9.999972877274207e+02 7.513141456883922e-19
9.999974881135685e+02 5.967901824118967e-19
9.999976736949328e+02 4.740473975211344e-19
9.999978455653101e+02 3.765493099378950e-19
9.999980047376851e+02 2.991038057257819e-19
9.999981521502026e+02 2.375866399728571e-19
9.999982886716958e+02 1.887218072047134e-19
9.999984151068076e+02 1.499070826717177e-19
9.999985322007324e+02 1.190754450644803e-19
9.999986406436091e+02 9.458500037767590e-20
9.999987410745882e+02 7.513154540901116e-20
9.999988340855989e+02 5.967911448112024e-20
9.999989202248377e+02 4.740481056240795e-20
9.999990000000000e+02 3.765498308834170e-20
