# alpha = 3.4
# Lmin  = 0.01
# Lmax  = 1000
# tau   = 1
# V1    = 0.1
# V2    = 1
# c     = 1
# xi_min = 0.01
# xi_max = 1000
# DeltaFss = 1.862862323638261e-03
# D_c   = 5.853604428489007e-02
# u_c = D_c/(V2 tau) = 5.853604428489007e-02
# R(u_c) = 1.315004060951935e-01
# columns: u=t/tau, R(u)
1.000000000000000e-04 9.926156840070279e-01
1.039051189336793e-04 9.923281755187627e-01
1.079627374062204e-04 9.920295078058238e-01
1.121788107059891e-04 9.917192505296890e-01
1.165595266824449e-04 9.913969569802233e-01
1.211113148279280e-04 9.910621634709056e-01
1.258408557141013e-04 9.907143887131924e-01
1.307550907968968e-04 9.903531331694296e-01
1.358612326043559e-04 9.899778783837037e-01
1.411667753223186e-04 9.895880862900301e-01
1.466795057934949e-04 9.891831984972750e-01
1.524075149460639e-04 9.887626355501959e-01
1.583592096685727e-04 9.883257961659920e-01
1.645433251485650e-04 9.878720564457570e-01
1.709689376930471e-04 9.874007690602332e-01
1.776454780496086e-04 9.869112624092702e-01
1.845827452477489e-04 9.864028397543921e-01
1.917909209807237e-04 9.858747783239097e-01
1.992805845490198e-04 9.853263283900060e-01
2.070627283873903e-04 9.847567123172699e-01
2.151487741982391e-04 9.841651235821354e-01
2.235505897150335e-04 9.835507257627686e-01
2.322805061203469e-04 9.829126514989109e-01
2.413513361440986e-04 9.822500014212807e-01
2.507763928685497e-04 9.815618430501589e-01
2.605695092676574e-04 9.808472096628126e-01
2.707450585094638e-04 9.801050991295149e-01
2.813179750513180e-04 9.793344727179337e-01
2.923037765588901e-04 9.785342538657869e-01
3.037185866811508e-04 9.777033269216937e-01
3.155791587147396e-04 9.768405358542971e-01
3.279029001924546e-04 9.759446829297924e-01
3.407078984319536e-04 9.750145273581469e-01
3.540129470821606e-04 9.740487839084161e-01
3.678375737063420e-04 9.730461214936968e-01
3.822020684423349e-04 9.720051617264557e-01
3.971275137819903e-04 9.709244774450896e-01
4.126358155135406e-04 9.698025912128641e-01
4.287497348723017e-04 9.686379737904953e-01
4.454929219468996e-04 9.674290425839719e-01
4.628899503900490e-04 9.661741600694296e-01
4.809663534848294e-04 9.648716321972112e-01
4.997486616193922e-04 9.635197067775613e-01
5.192644412250998e-04 9.621165718507695e-01
5.395423352352451e-04 9.606603540449689e-01
5.606121051237321e-04 9.591491169252309e-01
5.825046745854169e-04 9.575808593380575e-01
6.052521749222188e-04 9.559535137559316e-01
6.288879922016120e-04 9.542649446270949e-01
6.534468162567126e-04 9.525129467364106e-01
6.789646915998777e-04 9.506952435838049e-01
7.054790703245417e-04 9.488094857875493e-01
7.330288670729299e-04 9.468532495204482e-01
7.616545161503295e-04 9.448240349879038e-01
7.913980308697395e-04 9.427192649577940e-01
8.223030652139985e-04 9.405362833531347e-01
8.544149779058953e-04 9.382723539197234e-01
8.877808989802900e-04 9.359246589821405e-01
9.224497989559574e-04 9.334902983029288e-01
9.584725607086727e-04 9.309662880612345e-01
9.959020541510277e-04 9.283495599688528e-01
1.034793213828581e-03 9.256369605433729e-01
1.075203119546229e-03 9.228252505601005e-01
1.117191080143139e-03 9.199111047065114e-01
1.160818720539184e-03 9.168911114653030e-01
1.206150072180654e-03 9.137617732546431e-01
1.253251667017966e-03 9.105195068568769e-01
1.302192635153336e-03 9.071606441700013e-01
1.353044806301686e-03 9.036814333193728e-01
1.405882815213737e-03 9.000780401706735e-01
1.460784211215992e-03 8.963465502889543e-01
1.517829572028385e-03 8.924829713927415e-01
1.577102622026649e-03 8.884832363567025e-01
1.638690355122963e-03 8.843432068213088e-01
1.702683162445247e-03 8.800586774732260e-01
1.769174965002465e-03 8.756253810660362e-01
1.838263351530690e-03 8.710389942571726e-01
1.910049721722201e-03 8.662951443438467e-01
1.984639435047864e-03 8.613894169882044e-01
2.062141965391183e-03 8.563173650300996e-01
2.142671061721020e-03 8.510745184946921e-01
2.226344915038755e-03 8.456563959117019e-01
2.313286331844939e-03 8.400585170736162e-01
2.403622914380031e-03 8.342764173714987e-01
2.497487247903738e-03 8.283056638594504e-01
2.595017095287853e-03 8.221418732122046e-01
2.696355599208152e-03 8.157807317549992e-01
2.801651492232151e-03 8.092180177608089e-01
2.911059315111016e-03 8.024496262273330e-01
3.024739643596051e-03 7.954715963650442e-01
3.142859324112624e-03 7.882801420481299e-01
3.265591718637450e-03 7.808716855025234e-01
3.393116959138624e-03 7.732428945296068e-01
3.525622211951828e-03 7.653907235906838e-01
3.663301952480762e-03 7.573124591062242e-01
3.806358250624929e-03 7.490057693554172e-01
3.955001067353747e-03 7.404687593958497e-01
4.109448562862195e-03 7.317000314606332e-01
4.269927416760338e-03 7.226987513310550e-01
4.436673160766607e-03 7.134647212274233e-01
4.609930524393172e-03 7.039984598093496e-01
4.789953794130710e-03 6.943012899297678e-01
4.977007186659796e-03 6.843754348449228e-01
5.171365236636627e-03 6.742241236458607e-01
5.373313199622230e-03 6.638517067461119e-01
5.583147470746565e-03 6.532637823358605e-01
5.801176019721925e-03 6.424673347956238e-01
6.027718842844149e-03 6.314708861529870e-01
6.263108432645010e-03 6.202846617649835e-01
6.507690265885090e-03 6.089207715173245e-01
6.761823310603373e-03 5.973934079505895e-01
7.025880552967686e-03 5.857190628540138e-01
7.300249544699317e-03 5.739167640106068e-01
7.585332971875207e-03 5.620083339345673e-01
7.881549245942516e-03 5.500186726146401e-01
8.189333117813075e-03 5.379760664669316e-01
8.509136315938862e-03 5.259125259096454e-01
8.841428209305172e-03 5.138641542022214e-01
9.186696496314402e-03 5.018715504448917e-01
9.545447920571628e-03 4.899802499142896e-01
9.918209014622368e-03 4.782412052194097e-01
1.030552687273427e-02 4.667059903359905e-01
1.070796995385682e-02 4.553898542809429e-01
1.112612891593757e-02 4.442898273986785e-01
1.156061748281941e-02 4.334028723261390e-01
1.201207334499123e-02 4.227259885512757e-01
1.248115909551393e-02 4.122562115770060e-01
1.296856320249547e-02 4.019906121018462e-01
1.347500101954228e-02 3.919262952174358e-01
1.400121583566991e-02 3.820603996231625e-01
1.454797996621396e-02 3.723900968581071e-01
1.511609588634245e-02 3.629125905505093e-01
1.570639740883311e-02 3.536251156849746e-01
1.631975090784437e-02 3.445249378876228e-01
1.695705659047589e-02 3.356093527293765e-01
1.761924981798528e-02 3.268756850475930e-01
1.830730247859966e-02 3.183212882862199e-01
1.902222441393740e-02 3.099435438546607e-01
1.976506490113303e-02 3.017398605055219e-01
2.053691419284118e-02 2.937076737313962e-01
2.133890511737929e-02 2.858444451808398e-01
2.217221474135790e-02 2.781476620936761e-01
2.303806609723871e-02 2.706148367557475e-01
2.393772997835552e-02 2.632435059732281e-01
2.487252680403331e-02 2.560312305665842e-01
2.584382855754205e-02 2.489755948842597e-01
2.685306079973024e-02 2.420742063361434e-01
2.790170476129292e-02 2.353246949468547e-01
2.899129951674547e-02 2.287247129288652e-01
3.012344424329354e-02 2.222719342754537e-01
3.129980056791472e-02 2.159640543734655e-01
3.252209500609621e-02 2.097987896358325e-01
3.379212149580845e-02 2.037738771537802e-01
3.511174403043318e-02 1.978870743686262e-01
3.648289939451060e-02 1.921361587630501e-01
3.790760000632080e-02 1.865189275716904e-01
3.938793687147105e-02 1.810331975108990e-01
4.092608265182451e-02 1.756768045274550e-01
4.252429485427411e-02 1.704476035660175e-01
4.418491914404197e-02 1.653434683550677e-01
4.591039278736684e-02 1.603622912110686e-01
4.770324822863284e-02 1.555019828605404e-01
4.956611680718921e-02 1.507604722797238e-01
5.150173261931631e-02 1.461357065514830e-01
5.351293653100611e-02 1.416256507390695e-01
5.560268034744621e-02 1.372282877763436e-01
5.777403114532752e-02 1.329416183740294e-01
6.003017577433342e-02 1.287636609415533e-01
6.237442553441787e-02 1.246924515239905e-01
6.481022103573612e-02 1.207260437536308e-01
6.734113724836205e-02 1.168625088156400e-01
6.997088874920279e-02 1.130999354272881e-01
7.270333517381153e-02 1.094364298301847e-01
7.554248688110035e-02 1.058701157949506e-01
7.849251083926641e-02 1.023991346377376e-01
8.155773674157087e-02 9.902164524798852e-02
8.474266336094619e-02 9.573582412682194e-02
8.805196515275861e-02 9.253986543540935e-02
9.149049911541567e-02 8.943198105270350e-02
9.506331191888946e-02 8.641040064186600e-02
9.877564731161660e-02 8.347337172473523e-02
1.026329538166467e-01 8.061915976366847e-02
1.066408927283349e-01 7.784604825008917e-02
1.108053464213138e-01 7.515233879906510e-02
1.151324269839414e-01 7.253635124924172e-02
1.196284851888957e-01 6.999642376745865e-02
1.243001198140810e-01 6.753091295737294e-02
1.291541873275267e-01 6.513819397142231e-02
1.341978119504936e-01 6.281666062546154e-02
1.394383961135555e-01 6.056472551541487e-02
1.448836313210047e-01 5.838082013529211e-02
1.505415094395234e-01 5.626339499592988e-02
1.564203344276928e-01 5.421091974382385e-02
1.625287345235531e-01 5.222188327943583e-02
1.688756749081016e-01 5.029479387436896e-02
1.754704708633165e-01 4.842817928681927e-02
1.823228014440161e-01 4.662058687472966e-02
1.894427236836209e-01 4.487058370608454e-02
1.968406873546676e-01 4.317675666580489e-02
2.045275503057392e-01 4.153771255871953e-02
2.125145943973190e-01 3.995207820810792e-02
2.208135420599605e-01 3.841850054932969e-02
2.294365734990719e-01 3.693564671807611e-02
2.383963445715689e-01 3.550220413280019e-02
2.477060053606326e-01 3.411688057090207e-02
2.573792194758313e-01 3.277840423827050e-02
2.674301841069380e-01 3.148552383179978e-02
2.778736508608712e-01 3.023700859452677e-02
2.887249474123449e-01 2.903164836305327e-02
3.000000000000000e-01 2.786825360694188e-02
3.117153568010376e-01 2.674565545979588e-02
3.238882122186612e-01 2.566270574175628e-02
3.365364321179672e-01 2.461827697317197e-02
3.496785800473350e-01 2.361126237921961e-02
3.633339444837841e-01 2.264057588527502e-02
3.775225671423038e-01 2.170515210285648e-02
3.922652723906904e-01 2.080394630598533e-02
4.075836978130675e-01 1.993593439782928e-02
4.235003259669555e-01 1.910011286751526e-02
4.400385173804849e-01 1.829549873702172e-02
4.572225448381915e-01 1.752112949807979e-02
4.750776290057184e-01 1.677606303903423e-02
4.936299754456950e-01 1.605937756163711e-02
5.129068130791409e-01 1.537017148776592e-02
5.329364341488259e-01 1.470756335608031e-02
5.537482357432465e-01 1.407069170865119e-02
5.753727629421715e-01 1.345871496761576e-02
5.978417536470595e-01 1.287081130193400e-02
6.211881851621706e-01 1.230617848433993e-02
6.454463225947178e-01 1.176403373860294e-02
6.706517691451003e-01 1.124361357723321e-02
6.968415183610414e-01 1.074417362978478e-02
7.240540084322961e-01 1.026498846193034e-02
7.523291786056487e-01 9.805351385499735e-03
7.817085278029726e-01 9.364574259694280e-03
8.122351755283914e-01 8.941987283707381e-03
8.439539251539531e-01 8.536938780999627e-03
8.769113296766704e-01 8.148794975496114e-03
9.111557600434522e-01 7.776939759989448e-03
9.467374761442194e-01 7.420774457050044e-03
9.837087005773638e-01 7.079717572761497e-03
1.022123695295860e+00 6.753204543613779e-03
1.062038841246482e+00 6.440687476902933e-03
1.103512721119026e+00 6.141634884998943e-03
1.146606205327005e+00 5.855531413856903e-03
1.191382541345971e+00 5.581877566158805e-03
1.237907446540621e+00 5.320189419483392e-03
1.286249204616906e+00 5.069998339911926e-03
1.336478765840699e+00 4.830850691485525e-03
1.388669851170148e+00 4.602307541936746e-03
1.442899060454488e+00 4.383944365123964e-03
1.499245984858176e+00 4.175350740600732e-03
1.557793323675301e+00 3.976130050755359e-03
1.618627005705735e+00 3.785899175956601e-03
1.681836315371195e+00 3.604288188141094e-03
1.747514023756251e+00 3.430940043276107e-03
1.815756524766656e+00 3.265510273127570e-03
1.886663976604837e+00 3.107666676758107e-03
1.960340448770138e+00 2.957089012173574e-03
2.036894074799632e+00 2.813468688528079e-03
2.116437210973626e+00 2.676508459288519e-03
2.199086601218789e+00 2.545922116748650e-03
2.284963548450991e+00 2.421434188270754e-03
2.374194092609218e+00 2.302779634620100e-03
2.466909195641994e+00 2.189703550742879e-03
2.563244933717687e+00 2.081960869323441e-03
2.663342696940870e+00 1.979316067440587e-03
2.767349396867870e+00 1.881542876625908e-03
2.875417682126019e+00 1.788423996609939e-03
2.987706162453082e+00 1.699750813024005e-03
3.104379641485743e+00 1.615323119307280e-03
3.225609358638686e+00 1.534948843050300e-03
3.351573240429413e+00 1.458443776987166e-03
3.482456161617554e+00 1.385631314830167e-03
3.618450216541959e+00 1.316342192121655e-03
3.759755001053902e+00 1.250414232259419e-03
3.906577905460009e+00 1.187692097833540e-03
4.059134418905055e+00 1.128027047394491e-03
4.217648445641213e+00 1.071276697754692e-03
4.382352633647975e+00 1.017304791908479e-03
4.553488716085159e+00 9.659809726387256e-04
4.731307866079947e+00 9.171805618623539e-04
4.916071065368889e+00 8.707843457513847e-04
5.108049487335742e+00 8.266783656515254e-04
5.307524895007394e+00 7.847537148060929e-04
5.514790054592065e+00 7.449063408798033e-04
5.730149165166607e+00 7.070368542643774e-04
5.953918305143589e+00 6.710503421360739e-04
6.186425896173555e+00 6.368561882242423e-04
6.428013185163061e+00 6.043678982397928e-04
6.679034745116258e+00 5.735029309029349e-04
6.939858995534819e+00 5.441825345009345e-04
7.210868743140088e+00 5.163315888986571e-04
7.492461743711221e+00 4.898784529174821e-04
7.785051285863559e+00 4.647548169917661e-04
8.089066797624453e+00 4.408955610062044e-04
8.404954476696458e+00 4.182386172124357e-04
8.733177945333049e+00 3.967248381187640e-04
9.074218930788147e+00 3.762978692430798e-04
9.428577972337873e+00 3.569040266158780e-04
9.796775155912346e+00 3.384921789175951e-04
1.017935087741588e+01 3.210136341323792e-04
1.057686663585548e+01 3.044220305988143e-04
1.098990585744228e+01 2.886732323369271e-04
1.141907475187479e+01 2.737252285301371e-04
1.186500320206124e+01 2.595380370404641e-04
1.232834568858659e+01 2.460736118353823e-04
1.280978225028102e+01 2.332957542051267e-04
1.331001948229982e+01 2.211700276499495e-04
1.382979157317952e+01 2.096636763178528e-04
1.436986138239213e+01 1.987455468745751e-04
1.493102155997940e+01 1.883860136890925e-04
1.551409570990988e+01 1.785569072196220e-04
1.611993959886669e+01 1.692314454869667e-04
1.674944241223971e+01 1.603841685241173e-04
1.740352805916578e+01 1.519908756931892e-04
1.808315652853243e+01 1.440285657630880e-04
1.878932529793503e+01 1.364753796437071e-04
1.952307079765527e+01 1.293105456749485e-04
2.028546993181013e+01 1.225143273714154e-04
2.107764165890305e+01 1.160679735262533e-04
2.190074863409793e+01 1.099536705802526e-04
2.275599891562562e+01 1.041544971650250e-04
2.364464773782755e+01 9.865438073175218e-05
2.456799935343925e+01 9.343805617971397e-05
2.552740894781659e+01 8.849102640150596e-05
2.652428462791550e+01 8.379952466453650e-05
2.756008948894323e+01 7.935047875106893e-05
2.863634376171489e+01 7.513147678171076e-05
2.975462704386713e+01 7.113073464985755e-05
3.091658061820281e+01 6.733706499717662e-05
3.212390986157045e+01 6.373984766273001e-05
3.337838674781274e+01 6.032900154082787e-05
3.468185244845824e+01 5.709495778512310e-05
3.603622003497367e+01 5.402863429883573e-05
3.744347728654179e+01 5.112141145331857e-05
3.890568960748640e+01 4.836510897943217e-05
4.042500305862689e+01 4.575196397840042e-05
4.200364750700972e+01 4.327461000096341e-05
4.364393989864183e+01 4.092605714571692e-05
4.534828765902734e+01 3.869967312955328e-05
4.711919222649933e+01 3.658916528506935e-05
4.895925272353314e+01 3.458856344170066e-05
5.087116977142768e+01 3.269220364917599e-05
5.285774945395580e+01 3.089471270365138e-05
5.492190743579904e+01 2.919099343859526e-05
5.706667324181219e+01 2.757621074414261e-05
5.929519470339904e+01 2.604577828022477e-05
6.161074257852353e+01 2.459534585031462e-05
6.401671535213781e+01 2.322078740409731e-05
6.651664422407377e+01 2.191818963879524e-05
6.911419829171611e+01 2.068384117023925e-05
7.181318993506650e+01 1.951422224608469e-05
7.461758041209994e+01 1.840599497483012e-05
7.753148567262615e+01 1.735599404550092e-05
8.055918239919079e+01 1.636121791401646e-05
8.370511428387876e+01 1.541882043337019e-05
8.697389855023633e+01 1.452610290581147e-05
9.037033272988069e+01 1.368050653623784e-05
9.389940170374416e+01 1.287960526697861e-05
9.756628501828874e+01 1.212109897508248e-05
1.013763644874253e+02 1.140280701411368e-05
1.053352320912994e+02 1.072266208331140e-05
1.094486981835319e+02 1.007870440778234e-05
1.137228000189624e+02 9.469076214172489e-06
1.181638106144130e+02 8.892016487006114e-06
1.227782479554735e+02 8.345855991588652e-06
1.275728845628223e+02 7.829012550044833e-06
1.325547574321261e+02 7.339986557706786e-06
1.377311783621005e+02 6.877356727681609e-06
1.431097446858984e+02 6.439776052010430e-06
1.486983504215677e+02 6.025967968388689e-06
1.545051978579489e+02 5.634722721945503e-06
1.605388095930185e+02 5.264893912083103e-06
1.668080410423387e+02 4.915395214855893e-06
1.733220934359824e+02 4.585197271821268e-06
1.800905273230004e+02 4.273324736725477e-06
1.871232766032536e+02 3.978853471794849e-06
1.944306631072082e+02 3.700907885788215e-06
2.020234117450861e+02 3.438658406331029e-06
2.099126662476082e+02 3.191319079394636e-06
2.181100055214347e+02 2.958145289107250e-06
2.266274606433011e+02 2.738431591386630e-06
2.354775325177990e+02 2.531509655167042e-06
2.446732102247126e+02 2.336746305257303e-06
2.542279900828385e+02 2.153541661110186e-06
2.641558954582760e+02 1.981327366007373e-06
2.744714973462470e+02 1.819564901367959e-06
2.851899357566681e+02 1.667743981070426e-06
2.963269419348499e+02 1.525381020838670e-06
3.078988614499402e+02 1.392017677879073e-06
3.199226781850051e+02 1.267219456066803e-06
3.324160392639413e+02 1.150574372062918e-06
3.453972809518240e+02 1.041691677795343e-06
3.588854555666874e+02 9.402006347533353e-07
3.729003594422430e+02 8.457493355198123e-07
3.874625619825798e+02 7.580035678923595e-07
4.025934358514808e+02 6.766457168122655e-07
4.183151883406666e+02 6.013736991186465e-07
4.346508939630145e+02 5.318999258556628e-07
4.516245283185701e+02 4.679502864630349e-07
4.692610032830780e+02 4.092631486438851e-07
4.875862035706593e+02 3.555883669904503e-07
5.066270247243048e+02 3.066862925025217e-07
5.264114125899501e+02 2.623267738810444e-07
5.469684043320484e+02 2.222881398147511e-07
5.683281710508622e+02 1.863561492507959e-07
5.905220620640032e+02 1.543228936343954e-07
6.135826509172174e+02 1.259856309968929e-07
6.375437831919577e+02 1.011455260851368e-07
6.624406261798814e+02 7.960626271665781e-08
6.883097204972150e+02 6.117248304598873e-08
7.151890337147074e+02 4.564799154133662e-08
7.431180160818978e+02 3.283363601914397e-08
7.721376584274933e+02 2.252473854057956e-08
8.022905523208140e+02 1.450788530824523e-08
8.336209525826135e+02 8.556777768103630e-09
8.661748422370356e+02 4.426658109395978e-09
9.000000000000000e+02 1.846466584481031e-09
9.073881271871207e+02 1.467879768279127e-09
9.142304101409105e+02 1.167192406737296e-09
9.205671765275719e+02 9.282718956376530e-10
9.264357745540359e+02 7.383627504411448e-10
9.318707930942038e+02 5.873676615583058e-10
9.369042655519806e+02 4.672854432594688e-10
9.415658586626483e+02 3.717704456751376e-10
9.458830473453537e+02 2.957863603010906e-10
9.498812766372728e+02 2.353336315079202e-10
9.535841116638722e+02 1.872344371065011e-10
9.570133765291773e+02 1.489628146319438e-10
9.601892829446502e+02 1.185102736050729e-10
9.631305493548042e+02 9.427935793809488e-11
9.658545112616640e+02 7.499926221680861e-11
9.683772233983162e+02 5.965887637163582e-11
9.707135543537477e+02 4.745362177522027e-11
9.728772742066797e+02 3.774321327580886e-11
9.748811356849042e+02 3.001808550724478e-11
9.767369493284638e+02 2.387269566088666e-11
9.784556530996812e+02 1.898428759677823e-11
9.800473768503111e+02 1.509599589528454e-11
9.815215020257771e+02 1.200340034663682e-11
9.828867169583822e+02 9.543824739517537e-12
9.841510680753889e+02 7.587818990024537e-12
9.853220073237793e+02 6.032378730772781e-12
9.864064360912147e+02 4.795547785818475e-12
9.874107458820583e+02 3.812121460268076e-12
9.883408559882016e+02 3.030226184951666e-12
9.892022483767229e+02 2.408596860646396e-12
9.900000000000000e+02 1.914409679491230e-12
9.907388127187121e+02 1.521557191128307e-12
9.914230410140910e+02 1.209275454955694e-12
9.920567176527571e+02 9.610514889228531e-13
9.926435774554036e+02 7.637538511669242e-13
9.931870793094204e+02 6.069408374852651e-13
9.936904265551980e+02 4.823100526045162e-13
9.941565858662649e+02 3.832604996361844e-13
9.945883047345354e+02 3.045442145399104e-13
9.949881276637273e+02 2.419891569772788e-13
9.953584111663872e+02 1.922787994001473e-13
9.957013376529177e+02 1.527768267207704e-13
9.960189282944650e+02 1.213877241089943e-13
9.963130549354804e+02 9.644591354695069e-14
9.965854511261664e+02 7.662759888539997e-14
9.968377223398315e+02 6.088067247450770e-14
9.970713554353747e+02 4.836898626790263e-14
9.972877274206679e+02 3.842804623835909e-14
9.974881135684905e+02 3.052979051577547e-14
9.976736949328464e+02 2.425459034097503e-14
9.978455653099682e+02 1.926899378985989e-14
9.980047376850312e+02 1.530803522486738e-14
9.981521502025778e+02 1.216117446905835e-14
9.982886716958383e+02 9.661121428022952e-15
9.984151068075389e+02 7.674954380134062e-15
9.985322007323779e+02 6.097061435764436e-15
9.986406436091215e+02 4.843531113114487e-15
9.987410745882058e+02 3.847694671614474e-15
9.988340855988201e+02 3.056583824967057e-15
9.989202248376723e+02 2.428115940788996e-15
9.990000000000000e+02 1.928857380607961e-15
9.990738812718713e+02 1.532246278106661e-15
9.991423041014092e+02 1.217180413745605e-15
9.992056717652757e+02 9.668952077579684e-16
9.992643577455403e+02 7.680722451357376e-16
9.993187079309420e+02 6.101309798084300e-16
9.993690426555198e+02 4.846659883517993e-16
9.994156585866265e+02 3.849998711154294e-16
9.994588304734535e+02 3.058280399358030e-16
9.994988127663728e+02 2.429365121000184e-16
9.995358411166387e+02 1.929777086087106e-16
9.995701337652918e+02 1.532923367563803e-16
9.996018928294465e+02 1.217678860626725e-16
9.996313054935481e+02 9.672621258066575e-17
9.996585451126166e+02 7.683423287941489e-17
9.996837722339832e+02 6.103297760306041e-17
9.997071355435376e+02 4.848123070981591e-17
9.997287727420669e+02 3.851075610641667e-17
9.997488113568490e+02 3.059072964479235e-17
9.997673694932846e+02 2.429948405543433e-17
9.997845565309968e+02 1.930206338511875e-17
9.998004737685031e+02 1.533239255329887e-17
9.998152150202577e+02 1.217911317034331e-17
9.998288671695839e+02 9.674331823672152e-18
9.998415106807539e+02 7.684682005317163e-18
9.998532200732378e+02 6.104223966578781e-18
9.998640643609122e+02 4.848804591401284e-18
9.998741074588205e+02 3.851577077586715e-18
9.998834085598820e+02 3.059441940874522e-18
9.998920224837672e+02 2.430219892046856e-18
9.999000000000000e+02 1.930406090802314e-18
9.999073881271871e+02 1.533386225641137e-18
9.999142304101409e+02 1.218019451014886e-18
9.999205671765276e+02 9.675127414769627e-19
9.999264357745541e+02 7.685267351930109e-19
9.999318707930942e+02 6.104654624220074e-19
9.999369042655519e+02 4.849121436740643e-19
9.999415658586627e+02 3.851810186485494e-19
9.999458830473453e+02 3.059613442067337e-19
9.999498812766373e+02 2.430346066755496e-19
9.999535841116639e+02 1.930498917873118e-19
9.999570133765292e+02 1.533454518351932e-19
9.999601892829446e+02 1.218069693562722e-19
9.999631305493548e+02 9.675497044275503e-20
9.999658545112617e+02 7.685539283430986e-20
9.999683772233983e+02 6.104854679713249e-20
9.999707135543538e+02 4.849268613618467e-20
9.999728772742067e+02 3.851918461242178e-20
9.999748811356849e+02 3.059693097083242e-20
9.999767369493284e+02 2.430404666792909e-20
9.999784556530997e+02 1.930542028162737e-20
9.999800473768503e+02 1.533486233226001e-20
9.999815215020258e+02 1.218093025119578e-20
9.999828867169583e+02 9.675668686410199e-21
9.999841510680753e+02 7.685665554174517e-21
9.999853220073238e+02 6.104947572105372e-21
9.999864064360912e+02 4.849336950884786e-21
9.999874107458820e+02 3.851968734157240e-21
9.999883408559882e+02 3.059730080702480e-21
9.999892022483767e+02 2.430431873993174e-21
9.999900000000000e+02 1.930562043300123e-21
9.999907388127187e+02 1.533500957431785e-21
9.999914230410141e+02 1.218103857066040e-21
9.999920567176528e+02 9.675748371672684e-22
9.999926435774554e+02 7.685724174859428e-22
9.999931870793095e+02 6.104990696505416e-22
9.999936904265552e+02 4.849368675372580e-22
9.999941565858662e+02 3.851992072318572e-22
9.999945883047345e+02 3.059747249393886e-22
9.999949881276638e+02 2.430444504049894e-22
9.999953584111664e+02 1.930571334589010e-22
9.999957013376529e+02 1.533507792597890e-22
9.999960189282945e+02 1.218108885311107e-22
9.999963130549355e+02 9.675785361623087e-23
9.999965854511262e+02 7.685751386402536e-23
9.999968377223398e+02 6.105010714813403e-23
9.999970713554353e+02 4.849383401991096e-23
9.999972877274207e+02 3.852002905390015e-23
9.999974881135685e+02 3.059755218976438e-23
9.999976736949328e+02 2.430450366954171e-23
9.999978455653101e+02 1.930575647301933e-23
9.999980047376851e+02 1.533510965322857e-23
9.999981521502026e+02 1.218111219299309e-23
9.999982886716958e+02 9.675802532332204e-24
9.999984151068076e+02 7.685764017447891e-24
9.999985322007324e+02 6.105020006866730e-24
9.999986406436091e+02 4.849390237882403e-24
9.999987410745882e+02 3.852007933857139e-24
9.999988340855989e+02 3.059758917479333e-24
9.999989202248377e+02 2.430453088276795e-24
9.999990000000000e+02 1.930577649348921e-24
