# alpha = 1.4
# Lmin  = 0.01
# Lmax  = 1000
# tau   = 1
# V1    = 0.1
# V2    = 1
# c     = 1
# xi_min = 0.01
# xi_max = 1000
# DeltaFss = 1.493782580207725e+01
# D_c   = 1.314073987691368e+02
# u_c = D_c/(V2 tau) = 1.314073987691368e+02
# R(u_c) = 3.399637586094394e-01
# columns: u=t/tau, R(u)
1.000000000000000e-04 9.999931096637030e-01
1.039051189336793e-04 9.999928406599410e-01
1.079627374062204e-04 9.999925611570019e-01
1.121788107059891e-04 9.999922707453370e-01
1.165595266824449e-04 9.999919689994410e-01
1.211113148279280e-04 9.999916554772325e-01
1.258408557141013e-04 9.999913297194070e-01
1.307550907968968e-04 9.999909912487707e-01
1.358612326043559e-04 9.999906395695438e-01
1.411667753223186e-04 9.999902741666388e-01
1.466795057934949e-04 9.999898945049124e-01
1.524075149460639e-04 9.999895000283837e-01
1.583592096685727e-04 9.999890901594296e-01
1.645433251485650e-04 9.999886642979401e-01
1.709689376930471e-04 9.999882218204514e-01
1.776454780496086e-04 9.999877620792350e-01
1.845827452477489e-04 9.999872844013606e-01
1.917909209807237e-04 9.999867880877170e-01
1.992805845490198e-04 9.999862724119997e-01
2.070627283873903e-04 9.999857366196541e-01
2.151487741982391e-04 9.999851799267859e-01
2.235505897150335e-04 9.999846015190212e-01
2.322805061203469e-04 9.999840005503299e-01
2.413513361440986e-04 9.999833761417984e-01
2.507763928685497e-04 9.999827273803604e-01
2.605695092676574e-04 9.999820533174746e-01
2.707450585094638e-04 9.999813529677565e-01
2.813179750513180e-04 9.999806253075523e-01
2.923037765588901e-04 9.999798692734623e-01
3.037185866811508e-04 9.999790837608089e-01
3.155791587147396e-04 9.999782676220428e-01
3.279029001924546e-04 9.999774196650898e-01
3.407078984319536e-04 9.999765386516357e-01
3.540129470821606e-04 9.999756232953468e-01
3.678375737063420e-04 9.999746722600176e-01
3.822020684423349e-04 9.999736841576582e-01
3.971275137819903e-04 9.999726575464976e-01
4.126358155135406e-04 9.999715909289209e-01
4.287497348723017e-04 9.999704827493232e-01
4.454929219468996e-04 9.999693313918863e-01
4.628899503900490e-04 9.999681351782679e-01
4.809663534848294e-04 9.999668923652086e-01
4.997486616193922e-04 9.999656011420425e-01
5.192644412250998e-04 9.999642596281236e-01
5.395423352352451e-04 9.999628658701463e-01
5.606121051237321e-04 9.999614178393743e-01
5.825046745854169e-04 9.999599134287593e-01
6.052521749222188e-04 9.999583504499584e-01
6.288879922016120e-04 9.999567266302380e-01
6.534468162567126e-04 9.999550396092617e-01
6.789646915998777e-04 9.999532869357636e-01
7.054790703245417e-04 9.999514660640949e-01
7.330288670729299e-04 9.999495743506471e-01
7.616545161503295e-04 9.999476090501402e-01
7.913980308697395e-04 9.999455673117810e-01
8.223030652139985e-04 9.999434461752749e-01
8.544149779058953e-04 9.999412425666977e-01
8.877808989802900e-04 9.999389532942144e-01
9.224497989559574e-04 9.999365750436483e-01
9.584725607086727e-04 9.999341043738839e-01
9.959020541510277e-04 9.999315377121101e-01
1.034793213828581e-03 9.999288713488951e-01
1.075203119546229e-03 9.999261014330787e-01
1.117191080143139e-03 9.999232239664922e-01
1.160818720539184e-03 9.999202347984879e-01
1.206150072180654e-03 9.999171296202758e-01
1.253251667017966e-03 9.999139039590664e-01
1.302192635153336e-03 9.999105531720096e-01
1.353044806301686e-03 9.999070724399176e-01
1.405882815213737e-03 9.999034567607846e-01
1.460784211215992e-03 9.998997009430750e-01
1.517829572028385e-03 9.998957995987890e-01
1.577102622026649e-03 9.998917471362957e-01
1.638690355122963e-03 9.998875377529239e-01
1.702683162445247e-03 9.998831654273101e-01
1.769174965002465e-03 9.998786239114942e-01
1.838263351530690e-03 9.998739067227596e-01
1.910049721722201e-03 9.998690071352050e-01
1.984639435047864e-03 9.998639181710562e-01
2.062141965391183e-03 9.998586325916949e-01
2.142671061721020e-03 9.998531428884125e-01
2.226344915038755e-03 9.998474412728782e-01
2.313286331844939e-03 9.998415196673156e-01
2.403622914380031e-03 9.998353696943878e-01
2.497487247903738e-03 9.998289826667807e-01
2.595017095287853e-03 9.998223495764865e-01
2.696355599208152e-03 9.998154610837806e-01
2.801651492232151e-03 9.998083075058910e-01
2.911059315111016e-03 9.998008788053557e-01
3.024739643596051e-03 9.997931645780732e-01
3.142859324112624e-03 9.997851540410351e-01
3.265591718637450e-03 9.997768360197552e-01
3.393116959138624e-03 9.997681989353840e-01
3.525622211951828e-03 9.997592307915213e-01
3.663301952480762e-03 9.997499191607225e-01
3.806358250624929e-03 9.997402511707177e-01
3.955001067353747e-03 9.997302134903335e-01
4.109448562862195e-03 9.997197923151466e-01
4.269927416760338e-03 9.997089733528652e-01
4.436673160766607e-03 9.996977418084630e-01
4.609930524393172e-03 9.996860823690783e-01
4.789953794130710e-03 9.996739791886978e-01
4.977007186659796e-03 9.996614158726550e-01
5.171365236636627e-03 9.996483754619592e-01
5.373313199622230e-03 9.996348404175004e-01
5.583147470746565e-03 9.996207926041509e-01
5.801176019721925e-03 9.996062132748202e-01
6.027718842844149e-03 9.995910830544964e-01
6.263108432645010e-03 9.995753819243358e-01
6.507690265885090e-03 9.995590892058548e-01
6.761823310603373e-03 9.995421835452966e-01
7.025880552967686e-03 9.995246428982415e-01
7.300249544699317e-03 9.995064445145517e-01
7.585332971875207e-03 9.994875649237436e-01
7.881549245942516e-03 9.994679799208914e-01
8.189333117813075e-03 9.994476645531857e-01
8.509136315938862e-03 9.994265931072724e-01
8.841428209305172e-03 9.994047390975304e-01
9.186696496314402e-03 9.993820752554406e-01
9.545447920571628e-03 9.993585735202406e-01
9.918209014622368e-03 9.993342050310602e-01
1.030552687273427e-02 9.993089400073535e-01
1.070796995385682e-02 9.992827469188001e-01
1.112612891593757e-02 9.992555927810555e-01
1.156061748281941e-02 9.992274434942459e-01
1.201207334499123e-02 9.991982638106794e-01
1.248115909551393e-02 9.991680172994439e-01
1.296856320249547e-02 9.991366663100750e-01
1.347500101954228e-02 9.991041719352836e-01
1.400121583566991e-02 9.990704939727242e-01
1.454797996621396e-02 9.990355908857910e-01
1.511609588634245e-02 9.989994197634182e-01
1.570639740883311e-02 9.989619362788885e-01
1.631975090784437e-02 9.989230946476112e-01
1.695705659047589e-02 9.988828475838772e-01
1.761924981798528e-02 9.988411462565622e-01
1.830730247859966e-02 9.987979402437746e-01
1.902222441393740e-02 9.987531774864304e-01
1.976506490113303e-02 9.987068042407465e-01
2.053691419284118e-02 9.986587650296372e-01
2.133890511737929e-02 9.986090025930050e-01
2.217221474135790e-02 9.985574578369204e-01
2.303806609723871e-02 9.985040697816745e-01
2.393772997835552e-02 9.984487755087015e-01
2.487252680403331e-02 9.983915101063580e-01
2.584382855754205e-02 9.983322066145640e-01
2.685306079973024e-02 9.982707959682904e-01
2.790170476129292e-02 9.982072069398915e-01
2.899129951674547e-02 9.981413660802841e-01
3.012344424329354e-02 9.980731976589703e-01
3.129980056791472e-02 9.980026236028996e-01
3.252209500609621e-02 9.979295634341824e-01
3.379212149580845e-02 9.978539342066457e-01
3.511174403043318e-02 9.977756504412501e-01
3.648289939451060e-02 9.976946240603626e-01
3.790760000632080e-02 9.976107643209041e-01
3.938793687147105e-02 9.975239777463749e-01
4.092608265182451e-02 9.974341680577746e-01
4.252429485427411e-02 9.973412361034396e-01
4.418491914404197e-02 9.972450797877953e-01
4.591039278736684e-02 9.971455939990671e-01
4.770324822863284e-02 9.970426705359556e-01
4.956611680718921e-02 9.969361980333105e-01
5.150173261931631e-02 9.968260618868215e-01
5.351293653100611e-02 9.967121441767740e-01
5.560268034744621e-02 9.965943235908782e-01
5.777403114532752e-02 9.964724753462330e-01
6.003017577433342e-02 9.963464711104475e-01
6.237442553441787e-02 9.962161789219700e-01
6.481022103573612e-02 9.960814631096664e-01
6.734113724836205e-02 9.959421842117038e-01
6.997088874920279e-02 9.957981988937827e-01
7.270333517381153e-02 9.956493598667796e-01
7.554248688110035e-02 9.954955158038606e-01
7.849251083926641e-02 9.953365112571196e-01
8.155773674157087e-02 9.951721865738209e-01
8.474266336094619e-02 9.950023778123021e-01
8.805196515275861e-02 9.948269166576208e-01
9.149049911541567e-02 9.946456303370143e-01
9.506331191888946e-02 9.944583415352554e-01
9.877564731161660e-02 9.942648683099884e-01
1.026329538166467e-01 9.940650240071290e-01
1.066408927283349e-01 9.938586171764159e-01
1.108053464213138e-01 9.936454514872107e-01
1.151324269839414e-01 9.934253256446391e-01
1.196284851888957e-01 9.931980333061683e-01
1.243001198140810e-01 9.929633629987211e-01
1.291541873275267e-01 9.927210980364333e-01
1.341978119504936e-01 9.924710164391499e-01
1.394383961135555e-01 9.922128908517701e-01
1.448836313210047e-01 9.919464884645479e-01
1.505415094395234e-01 9.916715709344481e-01
1.564203344276928e-01 9.913878943076735e-01
1.625287345235531e-01 9.910952089434617e-01
1.688756749081016e-01 9.907932594392652e-01
1.754704708633165e-01 9.904817845574123e-01
1.823228014440161e-01 9.901605171533568e-01
1.894427236836209e-01 9.898291841056124e-01
1.968406873546676e-01 9.894875062474786e-01
2.045275503057392e-01 9.891351983006383e-01
2.125145943973190e-01 9.887719688107325e-01
2.208135420599605e-01 9.883975200849827e-01
2.294365734990719e-01 9.880115481319529e-01
2.383963445715689e-01 9.876137426035182e-01
2.477060053606326e-01 9.872037867391040e-01
2.573792194758313e-01 9.867813573122639e-01
2.674301841069380e-01 9.863461245796390e-01
2.778736508608712e-01 9.858977522323437e-01
2.887249474123449e-01 9.854358973498110e-01
3.000000000000000e-01 9.849602103561204e-01
3.117153568010376e-01 9.844703349788202e-01
3.238882122186612e-01 9.839659082102437e-01
3.365364321179672e-01 9.834465602713147e-01
3.496785800473350e-01 9.829119145778122e-01
3.633339444837841e-01 9.823615877090738e-01
3.775225671423038e-01 9.817951893790765e-01
3.922652723906904e-01 9.812123224098521e-01
4.075836978130675e-01 9.806125827071588e-01
4.235003259669555e-01 9.799955592383328e-01
4.400385173804849e-01 9.793608340122211e-01
4.572225448381915e-01 9.787079820611017e-01
4.750776290057184e-01 9.780365714244650e-01
4.936299754456950e-01 9.773461631345430e-01
5.129068130791409e-01 9.766363112034463e-01
5.329364341488259e-01 9.759065626117682e-01
5.537482357432465e-01 9.751564572985141e-01
5.753727629421715e-01 9.743855281521905e-01
5.978417536470595e-01 9.735933010029075e-01
6.211881851621706e-01 9.727792946153226e-01
6.454463225947178e-01 9.719430206822703e-01
6.706517691451003e-01 9.710839838189110e-01
6.968415183610414e-01 9.702016815572322e-01
7.240540084322961e-01 9.692956043407603e-01
7.523291786056487e-01 9.683652355193102e-01
7.817085278029726e-01 9.674100513436428e-01
8.122351755283914e-01 9.664295209598887e-01
8.439539251539531e-01 9.654231064036111e-01
8.769113296766704e-01 9.643902625934007e-01
9.111557600434522e-01 9.633304373238997e-01
9.467374761442194e-01 9.622430712581799e-01
9.837087005773638e-01 9.611275979194046e-01
1.022123695295860e+00 9.599834436817366e-01
1.062038841246482e+00 9.588100277604720e-01
1.103512721119026e+00 9.576067622013921e-01
1.146606205327005e+00 9.563730518693663e-01
1.191382541345971e+00 9.551082944362557e-01
1.237907446540621e+00 9.538118803681835e-01
1.286249204616906e+00 9.524831929122898e-01
1.336478765840699e+00 9.511216080830890e-01
1.388669851170148e+00 9.497264946485899e-01
1.442899060454488e+00 9.482972141163784e-01
1.499245984858176e+00 9.468331207198530e-01
1.557793323675301e+00 9.453335614048856e-01
1.618627005705735e+00 9.437978758171615e-01
1.681836315371195e+00 9.422253962905028e-01
1.747514023756251e+00 9.406154478365158e-01
1.815756524766656e+00 9.389673481359021e-01
1.886663976604837e+00 9.372804075318341e-01
1.960340448770138e+00 9.355539290257957e-01
2.036894074799632e+00 9.337872082763254e-01
2.116437210973626e+00 9.319795336011312e-01
2.199086601218789e+00 9.301301859830511e-01
2.284963548450991e+00 9.282384390803767e-01
2.374194092609218e+00 9.263035592420744e-01
2.466909195641994e+00 9.243248055284439e-01
2.563244933717687e+00 9.223014297378058e-01
2.663342696940870e+00 9.202326764398011e-01
2.767349396867870e+00 9.181177830159185e-01
2.875417682126019e+00 9.159559797078868e-01
2.987706162453082e+00 9.137464896745801e-01
3.104379641485743e+00 9.114885290581002e-01
3.225609358638686e+00 9.091813070597317e-01
3.351573240429413e+00 9.068240260264577e-01
3.482456161617554e+00 9.044158815487703e-01
3.618450216541959e+00 9.019560625704939e-01
3.759755001053902e+00 8.994437515113829e-01
3.906577905460009e+00 8.968781244032559e-01
4.059134418905055e+00 8.942583510404436e-01
4.217648445641213e+00 8.915835951453568e-01
4.382352633647975e+00 8.888530145499781e-01
4.553488716085159e+00 8.860657613941159e-01
4.731307866079947e+00 8.832209823412592e-01
4.916071065368889e+00 8.803178188129049e-01
5.108049487335742e+00 8.773554072422308e-01
5.307524895007394e+00 8.743328793480205e-01
5.514790054592065e+00 8.712493624297557e-01
5.730149165166607e+00 8.681039796848102e-01
5.953918305143589e+00 8.648958505487101e-01
6.186425896173555e+00 8.616240910594309e-01
6.428013185163061e+00 8.582878142467422e-01
6.679034745116258e+00 8.548861305476088e-01
6.939858995534819e+00 8.514181482487075e-01
7.210868743140088e+00 8.478829739571216e-01
7.492461743711221e+00 8.442797131003099e-01
7.785051285863559e+00 8.406074704564743e-01
8.089066797624453e+00 8.368653507164678e-01
8.404954476696458e+00 8.330524590784237e-01
8.733177945333049e+00 8.291679018763066e-01
9.074218930788147e+00 8.252107872436184e-01
9.428577972337873e+00 8.211802258135226e-01
9.796775155912346e+00 8.170753314566790e-01
1.017935087741588e+01 8.128952220581163e-01
1.057686663585548e+01 8.086390203344969e-01
1.098990585744228e+01 8.043058546931660e-01
1.141907475187479e+01 7.998948601344059e-01
1.186500320206124e+01 7.954051791983558e-01
1.232834568858659e+01 7.908359629580860e-01
1.280978225028102e+01 7.861863720603512e-01
1.331001948229982e+01 7.814555778155893e-01
1.382979157317952e+01 7.766427633387561e-01
1.436986138239213e+01 7.717471247426314e-01
1.493102155997940e+01 7.667678723852586e-01
1.551409570990988e+01 7.617042321732257e-01
1.611993959886669e+01 7.565554469225192e-01
1.674944241223971e+01 7.513207777787227e-01
1.740352805916578e+01 7.459995056983694e-01
1.808315652853243e+01 7.405909329932768e-01
1.878932529793503e+01 7.350943849397460e-01
1.952307079765527e+01 7.295092114545174e-01
2.028546993181013e+01 7.238347888394181e-01
2.107764165890305e+01 7.180705215966584e-01
2.190074863409793e+01 7.122158443167661e-01
2.275599891562562e+01 7.062702236411621e-01
2.364464773782755e+01 7.002331603014208e-01
2.456799935343925e+01 6.941041912372526e-01
2.552740894781659e+01 6.878828917952854e-01
2.652428462791550e+01 6.815688780107227e-01
2.756008948894323e+01 6.751618089739672e-01
2.863634376171489e+01 6.686613892842987e-01
2.975462704386713e+01 6.620673715927110e-01
3.091658061820281e+01 6.553795592359781e-01
3.212390986157045e+01 6.485978089640414e-01
3.337838674781274e+01 6.417220337627652e-01
3.468185244845824e+01 6.347522057740943e-01
3.603622003497367e+01 6.276883593156131e-01
3.744347728654179e+01 6.205305940014576e-01
3.890568960748640e+01 6.132790779664884e-01
4.042500305862689e+01 6.059340511955558e-01
4.200364750700972e+01 5.984958289596299e-01
4.364393989864183e+01 5.909648053604606e-01
4.534828765902734e+01 5.833414569853507e-01
4.711919222649933e+01 5.756263466734884e-01
4.895925272353314e+01 5.678201273951586e-01
5.087116977142768e+01 5.599235462449988e-01
5.285774945395580e+01 5.519374485502789e-01
5.492190743579904e+01 5.438627820950018e-01
5.706667324181219e+01 5.357006014603818e-01
5.929519470339904e+01 5.274520724820113e-01
6.161074257852353e+01 5.191184768237495e-01
6.401671535213781e+01 5.107012166680441e-01
6.651664422407377e+01 5.022018195220451e-01
6.911419829171611e+01 4.936219431384847e-01
7.181318993506650e+01 4.849633805498506e-01
7.461758041209994e+01 4.762280652139053e-01
7.753148567262615e+01 4.674180762680594e-01
8.055918239919079e+01 4.585356438895085e-01
8.370511428387876e+01 4.495831547573960e-01
8.697389855023633e+01 4.405631576125089e-01
9.037033272988069e+01 4.314783689092302e-01
9.389940170374416e+01 4.223316785535542e-01
9.756628501828874e+01 4.131261557199888e-01
1.013763644874253e+02 4.038650547390779e-01
1.053352320912994e+02 3.945518210460506e-01
1.094486981835319e+02 3.851900971797790e-01
1.137228000189624e+02 3.757837288197353e-01
1.181638106144130e+02 3.663367708469961e-01
1.227782479554735e+02 3.568534934135363e-01
1.275728845628223e+02 3.473383880020384e-01
1.325547574321261e+02 3.377961734562100e-01
1.377311783621005e+02 3.282318019591558e-01
1.431097446858984e+02 3.186504649345823e-01
1.486983504215677e+02 3.090575988426018e-01
1.545051978579489e+02 2.994588908385090e-01
1.605388095930185e+02 2.898602842591433e-01
1.668080410423387e+02 2.802679838972865e-01
1.733220934359824e+02 2.706884610198508e-01
1.800905273230004e+02 2.611284580804331e-01
1.871232766032536e+02 2.515949930709692e-01
1.944306631072082e+02 2.420953634507039e-01
2.020234117450861e+02 2.326371495833890e-01
2.099126662476082e+02 2.232282176053874e-01
2.181100055214347e+02 2.138767216381079e-01
2.266274606433011e+02 2.045911052477627e-01
2.354775325177990e+02 1.953801020436050e-01
2.446732102247126e+02 1.862527352924330e-01
2.542279900828385e+02 1.772183164119110e-01
2.641558954582760e+02 1.682864421879005e-01
2.744714973462470e+02 1.594669905411769e-01
2.851899357566681e+02 1.507701146461198e-01
2.963269419348499e+02 1.422062351778088e-01
3.078988614499402e+02 1.337860304336840e-01
3.199226781850051e+02 1.255204240408529e-01
3.324160392639413e+02 1.174205699192884e-01
3.453972809518240e+02 1.094978341233488e-01
3.588854555666874e+02 1.017637731279051e-01
3.729003594422430e+02 9.423010805897716e-02
3.874625619825798e+02 8.690869428993388e-02
4.025934358514808e+02 7.981148573008390e-02
4.183151883406666e+02 7.295049301911842e-02
4.346508939630145e+02 6.633773470357704e-02
4.516245283185701e+02 5.998518030399119e-02
4.692610032830780e+02 5.390468397527187e-02
4.875862035706593e+02 4.810790720722760e-02
5.066270247243048e+02 4.260622869179474e-02
5.264114125899501e+02 3.741063907821459e-02
5.469684043320484e+02 3.253161781861432e-02
5.683281710508622e+02 2.797898863425587e-02
5.905220620640032e+02 2.376174924995430e-02
6.135826509172174e+02 1.988786986737777e-02
6.375437831919577e+02 1.636405325306254e-02
6.624406261798814e+02 1.319544711516615e-02
6.883097204972150e+02 1.038529633956224e-02
7.151890337147074e+02 7.934518177900717e-03
7.431180160818978e+02 5.841176843617200e-03
7.721376584274933e+02 4.099823828048583e-03
8.022905523208140e+02 2.700654176944002e-03
8.336209525826135e+02 1.628402397815097e-03
8.661748422370356e+02 8.608554393904472e-04
9.000000000000000e+02 3.667745322882512e-04
9.073881271871207e+02 2.928765433704242e-04
9.142304101409105e+02 2.338335181662346e-04
9.205671765275719e+02 1.866634341050223e-04
9.264357745540359e+02 1.489831396736382e-04
9.318707930942038e+02 1.188876557368725e-04
9.369042655519806e+02 9.485401214662822e-05
9.415658586626483e+02 7.566455228030937e-05
9.458830473453537e+02 6.034571189362978e-05
9.498812766372728e+02 4.811911632261401e-05
9.535841116638722e+02 3.836249609486308e-05
9.570133765291773e+02 3.057843658540944e-05
9.601892829446502e+02 2.436938380234511e-05
9.631305493548042e+02 1.941764968534284e-05
9.658545112616640e+02 1.546941489506313e-05
9.683772233983162e+02 1.232192923267915e-05
9.707135543537477e+02 9.813270644742322e-06
9.728772742066797e+02 7.814151892550036e-06
9.748811356849042e+02 6.221366176137886e-06
9.767369493284638e+02 4.952544630553306e-06
9.784556530996812e+02 3.941963859353225e-06
9.800473768503111e+02 3.137193861573662e-06
9.815215020257771e+02 2.496418479431538e-06
9.828867169583822e+02 1.986293939084039e-06
9.841510680753889e+02 1.580237843235372e-06
9.853220073237793e+02 1.257062431826302e-06
9.864064360912147e+02 9.998831171599321e-07
9.874107458820583e+02 7.952470713771287e-07
9.883408559882016e+02 6.324376763534793e-07
9.892022483767229e+02 5.029194827134058e-07
9.900000000000000e+02 3.998954015024776e-07
9.907388127187121e+02 3.179535184082689e-07
9.914230410140910e+02 2.527854563335441e-07
9.920567176527571e+02 2.009618421712484e-07
9.926435774554036e+02 1.597533379153941e-07
9.931870793094204e+02 1.269880191872370e-07
9.936904265551980e+02 1.009377416732362e-07
9.941565858662649e+02 8.022762070212959e-08
9.945883047345354e+02 6.376393565093798e-08
9.949881276637273e+02 5.067671869685214e-08
9.953584111663872e+02 4.027404439549048e-08
9.957013376529177e+02 3.200564092321745e-08
9.960189282944650e+02 2.543392620139490e-08
9.963130549354804e+02 2.021095703615303e-08
9.965854511261664e+02 1.606008646910269e-08
9.968377223398315e+02 1.276136942722381e-08
9.970713554353747e+02 1.013995202282852e-08
9.972877274206679e+02 8.056835508850218e-09
9.974881135684905e+02 6.401529947536883e-09
9.976736949328464e+02 5.086211496843864e-09
9.978455653099682e+02 4.041075964453321e-09
9.980047376850312e+02 3.210643999990863e-09
9.981521502025778e+02 2.550823243813564e-09
9.982886716958383e+02 2.026572520183199e-09
9.984151068075389e+02 1.610044822775933e-09
9.985322007323779e+02 1.279111041105852e-09
9.986406436091215e+02 1.016186432661890e-09
9.987410745882058e+02 8.072978054182442e-10
9.988340855988201e+02 6.413420739711873e-10
9.989202248376723e+02 5.094969551371433e-10
9.990000000000000e+02 4.047526052323402e-10
9.990738812718713e+02 3.215393934011269e-10
9.991423041014092e+02 2.554320891884200e-10
9.992056717652757e+02 2.029147854796011e-10
9.992643577455403e+02 1.611940928310024e-10
9.993187079309420e+02 1.280506974607282e-10
9.993690426555198e+02 1.017214075700376e-10
9.994156585866265e+02 8.080542845892046e-11
9.994588304734535e+02 6.418989140351390e-11
9.994988127663728e+02 5.099068234440688e-11
9.995358411166387e+02 4.050542807067423e-11
9.995701337652918e+02 3.217614270565247e-11
9.996018928294465e+02 2.555955004523874e-11
9.996313054935481e+02 2.030350481080648e-11
9.996585451126166e+02 1.612825974592403e-11
9.996837722339832e+02 1.281158286254337e-11
9.997071355435376e+02 1.017693367715028e-11
9.997287727420669e+02 8.084069808675220e-12
9.997488113568490e+02 6.421584464924473e-12
9.997673694932846e+02 5.100977970406178e-12
9.997845565309968e+02 4.051948034084135e-12
9.998004737685031e+02 3.218648249761724e-12
9.998152150202577e+02 2.556715803352830e-12
9.998288671695839e+02 2.030910265913807e-12
9.998415106807539e+02 1.613237850297239e-12
9.998532200732378e+02 1.281461330078857e-12
9.998640643609122e+02 1.017916334076857e-12
9.998741074588205e+02 8.085710278677109e-13
9.998834085598820e+02 6.422791424259347e-13
9.998920224837672e+02 5.101865969912678e-13
9.999000000000000e+02 4.052601358476047e-13
9.999073881271871e+02 3.219128913511152e-13
9.999142304101409e+02 2.557069434466335e-13
9.999205671765276e+02 2.031170435455160e-13
9.999264357745541e+02 1.613429258044521e-13
9.999318707930942e+02 1.281602148646586e-13
9.999369042655519e+02 1.018019933614210e-13
9.999415658586627e+02 8.086472451385184e-14
9.999458830473453e+02 6.423352145321725e-14
9.999498812766373e+02 5.102278483568443e-14
9.999535841116639e+02 4.052904837015196e-14
9.999570133765292e+02 3.219352176083836e-14
9.999601892829446e+02 2.557233683318091e-14
9.999631305493548e+02 2.031291268919448e-14
9.999658545112617e+02 1.613518151709774e-14
9.999683772233983e+02 1.281667544939389e-14
9.999707135543538e+02 1.018068043500591e-14
9.999728772742067e+02 8.086826378986314e-15
9.999748811356849e+02 6.423612516881518e-15
9.999767369493284e+02 5.102470029047841e-15
9.999784556530997e+02 4.053045749380103e-15
9.999800473768503e+02 3.219455839577628e-15
9.999815215020258e+02 2.557309944143870e-15
9.999828867169583e+02 2.031347370747819e-15
9.999841510680753e+02 1.613559423329203e-15
9.999853220073238e+02 1.281697906570666e-15
9.999864064360912e+02 1.018090379165729e-15
9.999874107458820e+02 8.086990692048249e-16
9.999883408559882e+02 6.423733394050690e-16
9.999892022483767e+02 5.102558952450025e-16
9.999900000000000e+02 4.053111166049183e-16
9.999907388127187e+02 3.219503963242443e-16
9.999914230410141e+02 2.557345346440971e-16
9.999920567176528e+02 2.031373414353041e-16
9.999926435774554e+02 1.613578582305315e-16
9.999931870793095e+02 1.281712000866587e-16
9.999936904265552e+02 1.018100747557183e-16
9.999941565858662e+02 8.087066967226160e-17
9.999945883047345e+02 6.423789505640012e-17
9.999949881276638e+02 5.102600230630043e-17
9.999953584111664e+02 4.053141532181755e-17
9.999957013376529e+02 3.219526302171230e-17
9.999960189282945e+02 2.557361779886113e-17
9.999963130549355e+02 2.031385503499500e-17
9.999965854511262e+02 1.613587475669532e-17
9.999968377223398e+02 1.281718543295912e-17
9.999970713554353e+02 1.018105560539732e-17
9.999972877274207e+02 8.087102372591755e-18
9.999974881135685e+02 6.423815552219261e-18
9.999976736949328e+02 5.102619392173452e-18
9.999978455653101e+02 4.053155627745494e-18
9.999980047376851e+02 3.219536671449421e-18
9.999981521502026e+02 2.557369408034385e-18
9.999982886716958e+02 2.031391115459474e-18
9.999984151068076e+02 1.613591603972531e-18
9.999985322007324e+02 1.281721580289161e-18
9.999986406436091e+02 1.018107794897403e-18
9.999987410745882e+02 8.087118808238875e-19
9.999988340855989e+02 6.423827642831369e-19
9.999989202248377e+02 5.102628287217262e-19
9.999990000000000e+02 4.053162172089819e-19
