# alpha = 2.6
# Lmin  = 0.01
# Lmax  = 1000
# tau   = 1
# V1    = 0.1
# V2    = 1
# c     = 1
# xi_min = 0.01
# xi_max = 1000
# DeltaFss = 8.512345335536969e-03
# D_c   = 3.389502646293145e+00
# u_c = D_c/(V2 tau) = 3.389502646293145e+00
# R(u_c) = 9.375831042053094e-02
# columns: u=t/tau, R(u)
1.000000000000000e-04 9.978547121452227e-01
1.039051189336793e-04 9.977711173225217e-01
1.079627374062204e-04 9.976842724560131e-01
1.121788107059891e-04 9.975940517773334e-01
1.165595266824449e-04 9.975003246983140e-01
1.211113148279280e-04 9.974029556300609e-01
1.258408557141013e-04 9.973018037955564e-01
1.307550907968968e-04 9.971967230355606e-01
1.358612326043559e-04 9.970875616076268e-01
1.411667753223186e-04 9.969741619779826e-01
1.466795057934949e-04 9.968563606060959e-01
1.524075149460639e-04 9.967339877216619e-01
1.583592096685727e-04 9.966068670938147e-01
1.645433251485650e-04 9.964748157923284e-01
1.709689376930471e-04 9.963376439405506e-01
1.776454780496086e-04 9.961951544598686e-01
1.845827452477489e-04 9.960471428054369e-01
1.917909209807237e-04 9.958933966929480e-01
1.992805845490198e-04 9.957336958161903e-01
2.070627283873903e-04 9.955678115551603e-01
2.151487741982391e-04 9.953955066744788e-01
2.235505897150335e-04 9.952165350118726e-01
2.322805061203469e-04 9.950306411564843e-01
2.413513361440986e-04 9.948375601167625e-01
2.507763928685497e-04 9.946370169777041e-01
2.605695092676574e-04 9.944287265472180e-01
2.707450585094638e-04 9.942123929913874e-01
2.813179750513180e-04 9.939877094584056e-01
2.923037765588901e-04 9.937543576909827e-01
3.037185866811508e-04 9.935120076270296e-01
3.155791587147396e-04 9.932603169884260e-01
3.279029001924546e-04 9.929989308576973e-01
3.407078984319536e-04 9.927274812424756e-01
3.540129470821606e-04 9.924455866275589e-01
3.678375737063420e-04 9.921528515145199e-01
3.822020684423349e-04 9.918488659487164e-01
3.971275137819903e-04 9.915332050336962e-01
4.126358155135406e-04 9.912054284329367e-01
4.287497348723017e-04 9.908650798589542e-01
4.454929219468996e-04 9.905116865498158e-01
4.628899503900490e-04 9.901447587331765e-01
4.809663534848294e-04 9.897637890779624e-01
4.997486616193922e-04 9.893682521339408e-01
5.192644412250998e-04 9.889576037594194e-01
5.395423352352451e-04 9.885312805374310e-01
5.606121051237321e-04 9.880886991808280e-01
5.825046745854169e-04 9.876292559267723e-01
6.052521749222188e-04 9.871523259212598e-01
6.288879922016120e-04 9.866572625943389e-01
6.534468162567126e-04 9.861433970268976e-01
6.789646915998777e-04 9.856100373099256e-01
7.054790703245417e-04 9.850564678973878e-01
7.330288670729299e-04 9.844819489539207e-01
7.616545161503295e-04 9.838857156987886e-01
7.913980308697395e-04 9.832669777477110e-01
8.223030652139985e-04 9.826249184543487e-01
8.544149779058953e-04 9.819586942535035e-01
8.877808989802900e-04 9.812674340083033e-01
9.224497989559574e-04 9.805502383639152e-01
9.584725607086727e-04 9.798061791106462e-01
9.959020541510277e-04 9.790342985595716e-01
1.034793213828581e-03 9.782336089342391e-01
1.075203119546229e-03 9.774030917823103e-01
1.117191080143139e-03 9.765416974115001e-01
1.160818720539184e-03 9.756483443545577e-01
1.206150072180654e-03 9.747219188685885e-01
1.253251667017966e-03 9.737612744745333e-01
1.302192635153336e-03 9.727652315432128e-01
1.353044806301686e-03 9.717325769350323e-01
1.405882815213737e-03 9.706620637010805e-01
1.460784211215992e-03 9.695524108542047e-01
1.517829572028385e-03 9.684023032194208e-01
1.577102622026649e-03 9.672103913739741e-01
1.638690355122963e-03 9.659752916883341e-01
1.702683162445247e-03 9.646955864805229e-01
1.769174965002465e-03 9.633698242973184e-01
1.838263351530690e-03 9.619965203372227e-01
1.910049721722201e-03 9.605741570314085e-01
1.984639435047864e-03 9.591011848004615e-01
2.062141965391183e-03 9.575760230063494e-01
2.142671061721020e-03 9.559970611208822e-01
2.226344915038755e-03 9.543626601338804e-01
2.313286331844939e-03 9.526711542264402e-01
2.403622914380031e-03 9.509208527369992e-01
2.497487247903738e-03 9.491100424504568e-01
2.595017095287853e-03 9.472369902433715e-01
2.696355599208152e-03 9.452999461212895e-01
2.801651492232151e-03 9.432971466875123e-01
2.911059315111016e-03 9.412268190862136e-01
3.024739643596051e-03 9.390871854667063e-01
3.142859324112624e-03 9.368764680198910e-01
3.265591718637450e-03 9.345928946425590e-01
3.393116959138624e-03 9.322347052902427e-01
3.525622211951828e-03 9.298001590848041e-01
3.663301952480762e-03 9.272875422489413e-01
3.806358250624929e-03 9.246951769462912e-01
3.955001067353747e-03 9.220214311129460e-01
4.109448562862195e-03 9.192647293739422e-01
4.269927416760338e-03 9.164235651467372e-01
4.436673160766607e-03 9.134965140429342e-01
4.609930524393172e-03 9.104822486895924e-01
4.789953794130710e-03 9.073795551024391e-01
4.977007186659796e-03 9.041873507553563e-01
5.171365236636627e-03 9.009047045036115e-01
5.373313199622230e-03 8.975308585326633e-01
5.583147470746565e-03 8.940652525200681e-01
5.801176019721925e-03 8.905075502151700e-01
6.027718842844149e-03 8.868576686600336e-01
6.263108432645010e-03 8.831158102956497e-01
6.507690265885090e-03 8.792824982199575e-01
6.761823310603373e-03 8.753586148889165e-01
7.025880552967686e-03 8.713454445789093e-01
7.300249544699317e-03 8.672447199584629e-01
7.585332971875207e-03 8.630586731498678e-01
7.881549245942516e-03 8.587900916970631e-01
8.189333117813075e-03 8.544423798955273e-01
8.509136315938862e-03 8.500196259831921e-01
8.841428209305172e-03 8.455266757390569e-01
9.186696496314402e-03 8.409692130886585e-01
9.545447920571628e-03 8.363538483734392e-01
9.918209014622368e-03 8.316882150049199e-01
1.030552687273427e-02 8.269802942107192e-01
1.070796995385682e-02 8.222329526202167e-01
1.112612891593757e-02 8.174464365212947e-01
1.156061748281941e-02 8.126209950995552e-01
1.201207334499123e-02 8.077568960539142e-01
1.248115909551393e-02 8.028544258488914e-01
1.296856320249547e-02 7.979138899566689e-01
1.347500101954228e-02 7.929356130883097e-01
1.400121583566991e-02 7.879199394135268e-01
1.454797996621396e-02 7.828672327683840e-01
1.511609588634245e-02 7.777778768503256e-01
1.570639740883311e-02 7.726522753999298e-01
1.631975090784437e-02 7.674908523687612e-01
1.695705659047589e-02 7.622940520727418e-01
1.761924981798528e-02 7.570623393304188e-01
1.830730247859966e-02 7.517961995855627e-01
1.902222441393740e-02 7.464961390134841e-01
1.976506490113303e-02 7.411626846105220e-01
2.053691419284118e-02 7.357963842661189e-01
2.133890511737929e-02 7.303978068169411e-01
2.217221474135790e-02 7.249675420825048e-01
2.303806609723871e-02 7.195062008817867e-01
2.393772997835552e-02 7.140144150303035e-01
2.487252680403331e-02 7.084928373171874e-01
2.584382855754205e-02 7.029421414617766e-01
2.685306079973024e-02 6.973630220492718e-01
2.790170476129292e-02 6.917561944450453e-01
2.899129951674547e-02 6.861223946871857e-01
3.012344424329354e-02 6.804623793569098e-01
3.129980056791472e-02 6.747769254264849e-01
3.252209500609621e-02 6.690668300843451e-01
3.379212149580845e-02 6.633329105370946e-01
3.511174403043318e-02 6.575760037881468e-01
3.648289939451060e-02 6.517969663927515e-01
3.790760000632080e-02 6.459966741892156e-01
3.938793687147105e-02 6.401760220061489e-01
4.092608265182451e-02 6.343359233455871e-01
4.252429485427411e-02 6.284773100419118e-01
4.418491914404197e-02 6.226011318964789e-01
4.591039278736684e-02 6.167083562879428e-01
4.770324822863284e-02 6.107999677582781e-01
4.956611680718921e-02 6.048769675745398e-01
5.150173261931631e-02 5.989403732664536e-01
5.351293653100611e-02 5.929912181399463e-01
5.560268034744621e-02 5.870305507667873e-01
5.777403114532752e-02 5.810594344505272e-01
6.003017577433342e-02 5.750789466689847e-01
6.237442553441787e-02 5.690901784935438e-01
6.481022103573612e-02 5.630942339855913e-01
6.734113724836205e-02 5.570922295704358e-01
6.997088874920279e-02 5.510852933891162e-01
7.270333517381153e-02 5.450745646285187e-01
7.554248688110035e-02 5.390611928302871e-01
7.849251083926641e-02 5.330463371790295e-01
8.155773674157087e-02 5.270311657703708e-01
8.474266336094619e-02 5.210168548594422e-01
8.805196515275861e-02 5.150045880904310e-01
9.149049911541567e-02 5.089955557078479e-01
9.506331191888946e-02 5.029909537502245e-01
9.877564731161660e-02 4.969919832269640e-01
1.026329538166467e-01 4.909998492791240e-01
1.066408927283349e-01 4.850157603249457e-01
1.108053464213138e-01 4.790409271909667e-01
1.151324269839414e-01 4.730765622296021e-01
1.196284851888957e-01 4.671238784241123e-01
1.243001198140810e-01 4.611840884819031e-01
1.291541873275267e-01 4.552584039171524e-01
1.341978119504936e-01 4.493480341237754e-01
1.394383961135555e-01 4.434541854397911e-01
1.448836313210047e-01 4.375780602041729e-01
1.505415094395234e-01 4.317208558073128e-01
1.564203344276928e-01 4.258837637362500e-01
1.625287345235531e-01 4.200679686158605e-01
1.688756749081016e-01 4.142746472472289e-01
1.754704708633165e-01 4.085049676444563e-01
1.823228014440161e-01 4.027600880712058e-01
1.894427236836209e-01 3.970411560782930e-01
1.968406873546676e-01 3.913493075436915e-01
2.045275503057392e-01 3.856856657163249e-01
2.125145943973190e-01 3.800513402650808e-01
2.208135420599605e-01 3.744474263344747e-01
2.294365734990719e-01 3.688750036084582e-01
2.383963445715689e-01 3.633351353838618e-01
2.477060053606326e-01 3.578288676550124e-01
2.573792194758313e-01 3.523572282110805e-01
2.674301841069380e-01 3.469212257477275e-01
2.778736508608712e-01 3.415218489946628e-01
2.887249474123449e-01 3.361600658607184e-01
3.000000000000000e-01 3.308368225980775e-01
3.117153568010376e-01 3.255530429872934e-01
3.238882122186612e-01 3.203096275447534e-01
3.365364321179672e-01 3.151074527542365e-01
3.496785800473350e-01 3.099473703242141e-01
3.633339444837841e-01 3.048302064725356e-01
3.775225671423038e-01 2.997567612401361e-01
3.922652723906904e-01 2.947278078353606e-01
4.075836978130675e-01 2.897440920105112e-01
4.235003259669555e-01 2.848063314721467e-01
4.400385173804849e-01 2.799152153266642e-01
4.572225448381915e-01 2.750714035626196e-01
4.750776290057184e-01 2.702755265711917e-01
4.936299754456950e-01 2.655281847061450e-01
5.129068130791409e-01 2.608299478845513e-01
5.329364341488259e-01 2.561813552294697e-01
5.537482357432465e-01 2.515829147556820e-01
5.753727629421715e-01 2.470351030994886e-01
5.978417536470595e-01 2.425383652934604e-01
6.211881851621706e-01 2.380931145869316e-01
6.454463225947178e-01 2.336997323128901e-01
6.706517691451003e-01 2.293585678018014e-01
6.968415183610414e-01 2.250699383427549e-01
7.240540084322961e-01 2.208341291921906e-01
7.523291786056487e-01 2.166513936303054e-01
7.817085278029726e-01 2.125219530650980e-01
8.122351755283914e-01 2.084459971838445e-01
8.439539251539531e-01 2.044236841516441e-01
8.769113296766704e-01 2.004551408565166e-01
9.111557600434522e-01 1.965404632003704e-01
9.467374761442194e-01 1.926797164349960e-01
9.837087005773638e-01 1.888729355420938e-01
1.022123695295860e+00 1.851201256561786e-01
1.062038841246482e+00 1.814212625290627e-01
1.103512721119026e+00 1.777762930344688e-01
1.146606205327005e+00 1.741851357111881e-01
1.191382541345971e+00 1.706476813430716e-01
1.237907446540621e+00 1.671637935740151e-01
1.286249204616906e+00 1.637333095559925e-01
1.336478765840699e+00 1.603560406280896e-01
1.388669851170148e+00 1.570317730243941e-01
1.442899060454488e+00 1.537602686085310e-01
1.499245984858176e+00 1.505412656325549e-01
1.557793323675301e+00 1.473744795178658e-01
1.618627005705735e+00 1.442596036557709e-01
1.681836315371195e+00 1.411963102252880e-01
1.747514023756251e+00 1.381842510257743e-01
1.815756524766656e+00 1.352230583219614e-01
1.886663976604837e+00 1.323123456989870e-01
1.960340448770138e+00 1.294517089250450e-01
2.036894074799632e+00 1.266407268193011e-01
2.116437210973626e+00 1.238789621227761e-01
2.199086601218789e+00 1.211659623699551e-01
2.284963548450991e+00 1.185012607589422e-01
2.374194092609218e+00 1.158843770180662e-01
2.466909195641994e+00 1.133148182669178e-01
2.563244933717687e+00 1.107920798698987e-01
2.663342696940870e+00 1.083156462804535e-01
2.767349396867870e+00 1.058849918742630e-01
2.875417682126019e+00 1.034995817697859e-01
2.987706162453082e+00 1.011588726346429e-01
3.104379641485743e+00 9.886231347645236e-02
3.225609358638686e+00 9.660934641684657e-02
3.351573240429413e+00 9.439940744750445e-02
3.482456161617554e+00 9.223192716716112e-02
3.618450216541959e+00 9.010633149866608e-02
3.759755001053902e+00 8.802204238527338e-02
3.906577905460009e+00 8.597847846546430e-02
4.059134418905055e+00 8.397505572570446e-02
4.217648445641213e+00 8.201118813065028e-02
4.382352633647975e+00 8.008628823041540e-02
4.553488716085159e+00 7.819976774460632e-02
4.731307866079947e+00 7.635103812293420e-02
4.916071065368889e+00 7.453951108228997e-02
5.108049487335742e+00 7.276459912026019e-02
5.307524895007394e+00 7.102571600513616e-02
5.514790054592065e+00 6.932227724254020e-02
5.730149165166607e+00 6.765370051886427e-02
5.953918305143589e+00 6.601940612177583e-02
6.186425896173555e+00 6.441881733810219e-02
6.428013185163061e+00 6.285136082945905e-02
6.679034745116258e+00 6.131646698603262e-02
6.939858995534819e+00 5.981357025896859e-02
7.210868743140088e+00 5.834210947185678e-02
7.492461743711221e+00 5.690152811183199e-02
7.785051285863559e+00 5.549127460084185e-02
8.089066797624453e+00 5.411080254765164e-02
8.404954476696458e+00 5.275957098117984e-02
8.733177945333049e+00 5.143704456577134e-02
9.074218930788147e+00 5.014269379902640e-02
9.428577972337873e+00 4.887599519281570e-02
9.796775155912346e+00 4.763643143811343e-02
1.017935087741588e+01 4.642349155428534e-02
1.057686663585548e+01 4.523667102346911e-02
1.098990585744228e+01 4.407547191067986e-02
1.141907475187479e+01 4.293940297027166e-02
1.186500320206124e+01 4.182797973937838e-02
1.232834568858659e+01 4.074072461894786e-02
1.280978225028102e+01 3.967716694297602e-02
1.331001948229982e+01 3.863684303653387e-02
1.382979157317952e+01 3.761929626317011e-02
1.436986138239213e+01 3.662407706225647e-02
1.493102155997940e+01 3.565074297683025e-02
1.551409570990988e+01 3.469885867247306e-02
1.611993959886669e+01 3.376799594774765e-02
1.674944241223971e+01 3.285773373670110e-02
1.740352805916578e+01 3.196765810392356e-02
1.808315652853243e+01 3.109736223263603e-02
1.878932529793503e+01 3.024644640626380e-02
1.952307079765527e+01 2.941451798393483e-02
2.028546993181013e+01 2.860119137032430e-02
2.107764165890305e+01 2.780608798025147e-02
2.190074863409793e+01 2.702883619841563e-02
2.275599891562562e+01 2.626907133464330e-02
2.364464773782755e+01 2.552643557500088e-02
2.456799935343925e+01 2.480057792911080e-02
2.552740894781659e+01 2.409115417399408e-02
2.652428462791550e+01 2.339782679474540e-02
2.756008948894323e+01 2.272026492233218e-02
2.863634376171489e+01 2.205814426879419e-02
2.975462704386713e+01 2.141114706010493e-02
3.091658061820281e+01 2.077896196694306e-02
3.212390986157045e+01 2.016128403360724e-02
3.337838674781274e+01 1.955781460529507e-02
3.468185244845824e+01 1.896826125395411e-02
3.603622003497367e+01 1.839233770289926e-02
3.744347728654179e+01 1.782976375038038e-02
3.890568960748640e+01 1.728026519227120e-02
4.042500305862689e+01 1.674357374403907e-02
4.200364750700972e+01 1.621942696214588e-02
4.364393989864183e+01 1.570756816501733e-02
4.534828765902734e+01 1.520774635371038e-02
4.711919222649933e+01 1.471971613239673e-02
4.895925272353314e+01 1.424323762877173e-02
5.087116977142768e+01 1.377807641448901e-02
5.285774945395580e+01 1.332400342571171e-02
5.492190743579904e+01 1.288079488386303e-02
5.706667324181219e+01 1.244823221665049e-02
5.929519470339904e+01 1.202610197942977e-02
6.161074257852353e+01 1.161419577696674e-02
6.401671535213781e+01 1.121231018564811e-02
6.651664422407377e+01 1.082024667618355e-02
6.911419829171611e+01 1.043781153683537e-02
7.181318993506650e+01 1.006481579720350e-02
7.461758041209994e+01 9.701075152587410e-03
7.753148567262615e+01 9.346409888938421e-03
8.055918239919079e+01 9.000644808409283e-03
8.370511428387876e+01 8.663609155500676e-03
8.697389855023633e+01 8.335136543796395e-03
9.037033272988069e+01 8.015064883272562e-03
9.389940170374416e+01 7.703236308157775e-03
9.756628501828874e+01 7.399497105313724e-03
1.013763644874253e+02 7.103697643098074e-03
1.053352320912994e+02 6.815692300662392e-03
1.094486981835319e+02 6.535339397629964e-03
1.137228000189624e+02 6.262501124088700e-03
1.181638106144130e+02 5.997043470824725e-03
1.227782479554735e+02 5.738836159712218e-03
1.275728845628223e+02 5.487752574163863e-03
1.325547574321261e+02 5.243669689534349e-03
1.377311783621005e+02 5.006468003357115e-03
1.431097446858984e+02 4.776031465280025e-03
1.486983504215677e+02 4.552247406551320e-03
1.545051978579489e+02 4.335006468890305e-03
1.605388095930185e+02 4.124202532559229e-03
1.668080410423387e+02 3.919732643433330e-03
1.733220934359824e+02 3.721496938843483e-03
1.800905273230004e+02 3.529398571942092e-03
1.871232766032536e+02 3.343343634315434e-03
1.944306631072082e+02 3.163241076535446e-03
2.020234117450861e+02 2.989002626310312e-03
2.099126662476082e+02 2.820542703854904e-03
2.181100055214347e+02 2.657778334059291e-03
2.266274606433011e+02 2.500629054985314e-03
2.354775325177990e+02 2.349016822165825e-03
2.446732102247126e+02 2.202865908119063e-03
2.542279900828385e+02 2.062102796418955e-03
2.641558954582760e+02 1.926656069580325e-03
2.744714973462470e+02 1.796456289924127e-03
2.851899357566681e+02 1.671435872478871e-03
2.963269419348499e+02 1.551528948848949e-03
3.078988614499402e+02 1.436671220833876e-03
3.199226781850051e+02 1.326799802411465e-03
3.324160392639413e+02 1.221853048497165e-03
3.453972809518240e+02 1.121770368654627e-03
3.588854555666874e+02 1.026492023651813e-03
3.729003594422430e+02 9.359589024218314e-04
3.874625619825798e+02 8.501122765859525e-04
4.025934358514808e+02 7.688935292117262e-04
4.183151883406666e+02 6.922438538902495e-04
4.346508939630145e+02 6.201039194965761e-04
4.516245283185701e+02 5.524134951098072e-04
4.692610032830780e+02 4.891110284663153e-04
4.875862035706593e+02 4.301331699371251e-04
5.066270247243048e+02 3.754142322704396e-04
5.264114125899501e+02 3.248855741025488e-04
5.469684043320484e+02 2.784748923463546e-04
5.683281710508622e+02 2.361054047773409e-04
5.905220620640032e+02 1.976948991080486e-04
6.135826509172174e+02 1.631546180677000e-04
6.375437831919577e+02 1.323879407259324e-04
6.624406261798814e+02 1.052888073570484e-04
6.883097204972150e+02 8.173981670824602e-05
7.151890337147074e+02 6.160989766149017e-05
7.431180160818978e+02 4.475141703753414e-05
7.721376584274933e+02 3.099652314961469e-05
8.022905523208140e+02 2.015242524734058e-05
8.336209525826135e+02 1.199514287075499e-05
8.661748422370356e+02 6.260967147570327e-06
9.000000000000000e+02 2.634329554332220e-06
9.073881271871207e+02 2.098010683316041e-06
9.142304101409105e+02 1.671011969207887e-06
9.205671765275719e+02 1.330975875104585e-06
9.264357745540359e+02 1.060148043217030e-06
9.318707930942038e+02 8.444183582526864e-07
9.369042655519806e+02 6.725655628886612e-07
9.415658586626483e+02 5.356610005058458e-07
9.458830473453537e+02 4.265971316529904e-07
9.498812766372728e+02 3.397141468938112e-07
9.535841116638722e+02 2.705038816720951e-07
9.570133765291773e+02 2.153747701422403e-07
9.601892829446502e+02 1.714650809865917e-07
9.631305493548042e+02 1.364944021827612e-07
9.658545112616640e+02 1.086454657881110e-07
9.683772233983162e+02 8.647006564394054e-08
9.707135543537477e+02 6.881412490610899e-08
9.728772742066797e+02 5.475799620622587e-08
9.748811356849042e+02 4.356888621074577e-08
9.767369493284638e+02 3.466293553498285e-08
9.784556530996812e+02 2.757499090201721e-08
9.800473768503111e+02 2.193450750124645e-08
9.815215020257771e+02 1.744633784746490e-08
9.828867169583822e+02 1.387541640756887e-08
9.841510680753889e+02 1.103455046116429e-08
9.853220073237793e+02 8.774687809411523e-09
9.864064360912147e+02 6.977159498491884e-09
9.874107458820583e+02 5.547497365227540e-09
9.883408559882016e+02 4.410507237577097e-09
9.892022483767229e+02 3.506343232440454e-09
9.900000000000000e+02 2.787380123981605e-09
9.907388127187121e+02 2.215721860770711e-09
9.914230410140910e+02 1.761217101369197e-09
9.920567176527571e+02 1.399878797733278e-09
9.926435774554036e+02 1.112625724820808e-09
9.931870793094204e+02 8.842805022370896e-10
9.936904265551980e+02 7.027719325657641e-10
9.941565858662649e+02 5.585000717648710e-10
9.945883047345354e+02 4.438308927992484e-10
9.949881276637273e+02 3.526941380415360e-10
9.953584111663872e+02 2.802633249300138e-10
9.957013376529177e+02 2.227011491074284e-10
9.960189282944650e+02 1.769569402285513e-10
9.963130549354804e+02 1.406055437430350e-10
9.965854511261664e+02 1.117191676229838e-10
9.968377223398315e+02 8.876545822991702e-11
9.970713554353747e+02 7.052644366270342e-11
9.972877274206679e+02 5.603407727633068e-11
9.974881135684905e+02 4.451898545400572e-11
9.976736949328464e+02 3.536971747817751e-11
9.978455653099682e+02 2.810034761255593e-11
9.980047376850312e+02 2.232471907919449e-11
9.981521502025778e+02 1.773596944408980e-11
9.982886716958383e+02 1.409025530061331e-11
9.984151068075389e+02 1.119381563149954e-11
9.985322007323779e+02 8.892689442387918e-12
9.986406436091215e+02 7.064543434924025e-12
9.987410745882058e+02 5.612176984623997e-12
9.988340855988201e+02 4.458360366941901e-12
9.989202248376723e+02 3.541732698585578e-12
9.990000000000000e+02 2.813542142011935e-12
9.990738812718713e+02 2.235055513834540e-12
9.991423041014092e+02 1.775499893318218e-12
9.992056717652757e+02 1.410427015579052e-12
9.992643577455403e+02 1.120413643771321e-12
9.993187079309420e+02 8.900289289233156e-13
9.993690426555198e+02 7.070139268001182e-13
9.994156585866265e+02 5.616296969869111e-13
9.994588304734535e+02 4.461393557563140e-13
9.994988127663728e+02 3.543965647877526e-13
9.995358411166387e+02 2.815185888976505e-13
9.995701337652918e+02 2.236265470208411e-13
9.996018928294465e+02 1.776390497393325e-13
9.996313054935481e+02 1.411082528594981e-13
9.996585451126166e+02 1.120896103413141e-13
9.996837722339832e+02 8.903840078824634e-14
9.997071355435376e+02 7.072752478078495e-14
9.997287727420669e+02 5.618220106864957e-14
9.997488113568490e+02 4.462808809080209e-14
9.997673694932846e+02 3.545007114761253e-14
9.997845565309968e+02 2.815952273240409e-14
9.998004737685031e+02 2.236829416529841e-14
9.998152150202577e+02 1.776805470320773e-14
9.998288671695839e+02 1.411387875302655e-14
9.998415106807539e+02 1.121120780524972e-14
9.998532200732378e+02 8.905493247316151e-15
9.998640643609122e+02 7.073968856317112e-15
9.998741074588205e+02 5.619115088043695e-15
9.998834085598820e+02 4.463467305389474e-15
9.998920224837672e+02 3.545491607667209e-15
9.999000000000000e+02 2.816308737931610e-15
9.999073881271871e+02 2.237091681931954e-15
9.999142304101409e+02 1.776998427618625e-15
9.999205671765276e+02 1.411529839057201e-15
9.999264357745541e+02 1.121225226104715e-15
9.999318707930942e+02 8.906261668427262e-16
9.999369042655519e+02 7.074534190646187e-16
9.999415658586627e+02 5.619531006766928e-16
9.999458830473453e+02 4.463773296603112e-16
9.999498812766373e+02 3.545716723948019e-16
9.999535841116639e+02 2.816474354032728e-16
9.999570133765292e+02 2.237213523664363e-16
9.999601892829446e+02 1.777088064683784e-16
9.999631305493548e+02 1.411595783360601e-16
9.999658545112617e+02 1.121273739902406e-16
9.999683772233983e+02 8.906618572652426e-17
9.999707135543538e+02 7.074796755491165e-17
9.999728772742067e+02 5.619724168135003e-17
9.999748811356849e+02 4.463915399393546e-17
9.999767369493284e+02 3.545821264296197e-17
9.999784556530997e+02 2.816551260692083e-17
9.999800473768503e+02 2.237270101082038e-17
9.999815215020258e+02 1.777129686516613e-17
9.999828867169583e+02 1.411626402917764e-17
9.999841510680753e+02 1.121296265454886e-17
9.999853220073238e+02 8.906784283454845e-18
9.999864064360912e+02 7.074918661824933e-18
9.999874107458820e+02 5.619813849242569e-18
9.999883408559882e+02 4.463981373659050e-18
9.999892022483767e+02 3.545869798485517e-18
9.999900000000000e+02 2.816586965027758e-18
9.999907388127187e+02 2.237296367030136e-18
9.999914230410141e+02 1.777149009147878e-18
9.999920567176528e+02 1.411640617586946e-18
9.999926435774554e+02 1.121306722486779e-18
9.999931870793095e+02 8.906861210665123e-19
9.999936904265552e+02 7.074975253235966e-19
9.999941565858662e+02 5.619855480674325e-19
9.999945883047345e+02 4.464011999758482e-19
9.999949881276638e+02 3.545892328398811e-19
9.999953584111664e+02 2.816603539091443e-19
9.999957013376529e+02 2.237308559776880e-19
9.999960189282945e+02 1.777157978639316e-19
9.999963130549355e+02 1.411647215946764e-19
9.999965854511262e+02 1.121311576553032e-19
9.999968377223398e+02 8.906896919565624e-20
9.999970713554353e+02 7.075001522845488e-20
9.999972877274207e+02 5.619874804992572e-20
9.999974881135685e+02 4.464026216022507e-20
9.999976736949328e+02 3.545902786710742e-20
9.999978455653101e+02 2.816611232284209e-20
9.999980047376851e+02 2.237314219403119e-20
9.999981521502026e+02 1.777162142072568e-20
9.999982886716958e+02 1.411650278890728e-20
9.999984151068076e+02 1.121313829702358e-20
9.999985322007324e+02 8.906913495095955e-21
9.999986406436091e+02 7.075013716912462e-21
9.999987410745882e+02 5.619883774994696e-21
9.999988340855989e+02 4.464032813814590e-21
9.999989202248377e+02 3.545907641096514e-21
9.999990000000000e+02 2.816614803538153e-21
