# alpha = 1.8
# Lmin  = 0.01
# Lmax  = 1000
# tau   = 1
# V1    = 0.1
# V2    = 1
# c     = 1
# xi_min = 0.01
# xi_max = 1000
# DeltaFss = 6.738789016988866e-01
# D_c   = 7.678480865702865e+01
# u_c = D_c/(V2 tau) = 7.678480865702865e+01
# R(u_c) = 2.781988442356517e-01
# columns: u=t/tau, R(u)
1.000000000000000e-04 9.999400420453263e-01
1.039051189336793e-04 9.999377026338895e-01
1.079627374062204e-04 9.999352720263764e-01
1.121788107059891e-04 9.999327466742742e-01
1.165595266824449e-04 9.999301228915161e-01
1.211113148279280e-04 9.999273968491909e-01
1.258408557141013e-04 9.999245645700534e-01
1.307550907968968e-04 9.999216219228253e-01
1.358612326043559e-04 9.999185646162839e-01
1.411667753223186e-04 9.999153881931248e-01
1.466795057934949e-04 9.999120880235960e-01
1.524075149460639e-04 9.999086592988936e-01
1.583592096685727e-04 9.999050970243081e-01
1.645433251485650e-04 9.999013960121114e-01
1.709689376930471e-04 9.998975508741895e-01
1.776454780496086e-04 9.998935560143818e-01
1.845827452477489e-04 9.998894056205543e-01
1.917909209807237e-04 9.998850936563641e-01
1.992805845490198e-04 9.998806138527278e-01
2.070627283873903e-04 9.998759596989684e-01
2.151487741982391e-04 9.998711244336389e-01
2.235505897150335e-04 9.998661010350048e-01
2.322805061203469e-04 9.998608822111830e-01
2.413513361440986e-04 9.998554603899121e-01
2.507763928685497e-04 9.998498277079549e-01
2.605695092676574e-04 9.998439760001094e-01
2.707450585094638e-04 9.998378967878288e-01
2.813179750513180e-04 9.998315812674207e-01
2.923037765588901e-04 9.998250202978276e-01
3.037185866811508e-04 9.998182043879621e-01
3.155791587147396e-04 9.998111236835946e-01
3.279029001924546e-04 9.998037679537692e-01
3.407078984319536e-04 9.997961265767380e-01
3.540129470821606e-04 9.997881885253961e-01
3.678375737063420e-04 9.997799423522071e-01
3.822020684423349e-04 9.997713761735972e-01
3.971275137819903e-04 9.997624776538072e-01
4.126358155135406e-04 9.997532339881791e-01
4.287497348723017e-04 9.997436318858728e-01
4.454929219468996e-04 9.997336575519863e-01
4.628899503900490e-04 9.997232966690635e-01
4.809663534848294e-04 9.997125343779807e-01
4.997486616193922e-04 9.997013552581869e-01
5.192644412250998e-04 9.996897433072829e-01
5.395423352352451e-04 9.996776819199280e-01
5.606121051237321e-04 9.996651538660473e-01
5.825046745854169e-04 9.996521412683328e-01
6.052521749222188e-04 9.996386255790147e-01
6.288879922016120e-04 9.996245875558928e-01
6.534468162567126e-04 9.996100072376068e-01
6.789646915998777e-04 9.995948639181346e-01
7.054790703245417e-04 9.995791361204962e-01
7.330288670729299e-04 9.995628015696624e-01
7.616545161503295e-04 9.995458371646392e-01
7.913980308697395e-04 9.995282189497300e-01
8.223030652139985e-04 9.995099220849498e-01
8.544149779058953e-04 9.994909208155995e-01
8.877808989802900e-04 9.994711884409663e-01
9.224497989559574e-04 9.994506972821724e-01
9.584725607086727e-04 9.994294186491440e-01
9.959020541510277e-04 9.994073228067100e-01
1.034793213828581e-03 9.993843789398209e-01
1.075203119546229e-03 9.993605551178996e-01
1.117191080143139e-03 9.993358182583263e-01
1.160818720539184e-03 9.993101340890564e-01
1.206150072180654e-03 9.992834671104018e-01
1.253251667017966e-03 9.992557805559732e-01
1.302192635153336e-03 9.992270363528200e-01
1.353044806301686e-03 9.991971950807869e-01
1.405882815213737e-03 9.991662159311179e-01
1.460784211215992e-03 9.991340566643526e-01
1.517829572028385e-03 9.991006735675564e-01
1.577102622026649e-03 9.990660214109378e-01
1.638690355122963e-03 9.990300534039218e-01
1.702683162445247e-03 9.989927211507389e-01
1.769174965002465e-03 9.989539746056241e-01
1.838263351530690e-03 9.989137620277191e-01
1.910049721722201e-03 9.988720299357700e-01
1.984639435047864e-03 9.988287230627658e-01
2.062141965391183e-03 9.987837843106254e-01
2.142671061721020e-03 9.987371547051173e-01
2.226344915038755e-03 9.986887733511496e-01
2.313286331844939e-03 9.986385773886562e-01
2.403622914380031e-03 9.985865019492650e-01
2.497487247903738e-03 9.985324801140026e-01
2.595017095287853e-03 9.984764428723014e-01
2.696355599208152e-03 9.984183190825897e-01
2.801651492232151e-03 9.983580354348103e-01
2.911059315111016e-03 9.982955164152129e-01
3.024739643596051e-03 9.982306842738329e-01
3.142859324112624e-03 9.981634589950904e-01
3.265591718637450e-03 9.980937582720041e-01
3.393116959138624e-03 9.980214974845514e-01
3.525622211951828e-03 9.979465896827799e-01
3.663301952480762e-03 9.978689455753097e-01
3.806358250624929e-03 9.977884735239601e-01
3.955001067353747e-03 9.977050795452848e-01
4.109448562862195e-03 9.976186673198888e-01
4.269927416760338e-03 9.975291382104864e-01
4.436673160766607e-03 9.974363912897461e-01
4.609930524393172e-03 9.973403233790855e-01
4.789953794130710e-03 9.972408290996770e-01
4.977007186659796e-03 9.971378009370639e-01
5.171365236636627e-03 9.970311293209048e-01
5.373313199622230e-03 9.969207027215283e-01
5.583147470746565e-03 9.968064077651382e-01
5.801176019721925e-03 9.966881293696757e-01
6.027718842844149e-03 9.965657509035645e-01
6.263108432645010e-03 9.964391543697433e-01
6.507690265885090e-03 9.963082206176678e-01
6.761823310603373e-03 9.961728295861783e-01
7.025880552967686e-03 9.960328605804468e-01
7.300249544699317e-03 9.958881925865007e-01
7.585332971875207e-03 9.957387046271760e-01
7.881549245942516e-03 9.955842761637242e-01
8.189333117813075e-03 9.954247875477023e-01
8.509136315938862e-03 9.952601205282358e-01
8.841428209305172e-03 9.950901588202291e-01
9.186696496314402e-03 9.949147887396720e-01
9.545447920571628e-03 9.947338999127575e-01
9.918209014622368e-03 9.945473860662355e-01
1.030552687273427e-02 9.943551409436031e-01
1.070796995385682e-02 9.941570233732082e-01
1.112612891593757e-02 9.939528720721245e-01
1.156061748281941e-02 9.937425220066278e-01
1.201207334499123e-02 9.935258044394524e-01
1.248115909551393e-02 9.933025468810063e-01
1.296856320249547e-02 9.930725730414608e-01
1.347500101954228e-02 9.928357027837893e-01
1.400121583566991e-02 9.925917520778492e-01
1.454797996621396e-02 9.923405329556034e-01
1.511609588634245e-02 9.920818534675448e-01
1.570639740883311e-02 9.918155176404647e-01
1.631975090784437e-02 9.915413254366175e-01
1.695705659047589e-02 9.912590727144142e-01
1.761924981798528e-02 9.909685511907330e-01
1.830730247859966e-02 9.906695484049581e-01
1.902222441393740e-02 9.903618476848475e-01
1.976506490113303e-02 9.900452281143580e-01
2.053691419284118e-02 9.897194645035130e-01
2.133890511737929e-02 9.893843273604657e-01
2.217221474135790e-02 9.890395828658380e-01
2.303806609723871e-02 9.886849928494856e-01
2.393772997835552e-02 9.883203147697966e-01
2.487252680403331e-02 9.879453016956529e-01
2.584382855754205e-02 9.875597022911821e-01
2.685306079973024e-02 9.871632608034326e-01
2.790170476129292e-02 9.867557170530926e-01
2.899129951674547e-02 9.863368064284002e-01
3.012344424329354e-02 9.859062598823718e-01
3.129980056791472e-02 9.854638039334789e-01
3.252209500609621e-02 9.850091606699315e-01
3.379212149580845e-02 9.845420477576755e-01
3.511174403043318e-02 9.840621784522816e-01
3.648289939451060e-02 9.835692616148278e-01
3.790760000632080e-02 9.830630017319504e-01
3.938793687147105e-02 9.825430989401840e-01
4.092608265182451e-02 9.820092490547351e-01
4.252429485427411e-02 9.814611436028450e-01
4.418491914404197e-02 9.808984698618595e-01
4.591039278736684e-02 9.803209109021687e-01
4.770324822863284e-02 9.797281456351393e-01
4.956611680718921e-02 9.791198488661879e-01
5.150173261931631e-02 9.784956913531205e-01
5.351293653100611e-02 9.778553398698854e-01
5.560268034744621e-02 9.771984572758523e-01
5.777403114532752e-02 9.765247025907653e-01
6.003017577433342e-02 9.758337310754713e-01
6.237442553441787e-02 9.751251943185612e-01
6.481022103573612e-02 9.743987403290295e-01
6.734113724836205e-02 9.736540136350579e-01
6.997088874920279e-02 9.728906553890351e-01
7.270333517381153e-02 9.721083034788992e-01
7.554248688110035e-02 9.713065926458928e-01
7.849251083926641e-02 9.704851546088160e-01
8.155773674157087e-02 9.696436181948395e-01
8.474266336094619e-02 9.687816094769428e-01
8.805196515275861e-02 9.678987519180285e-01
9.149049911541567e-02 9.669946665217416e-01
9.506331191888946e-02 9.660689719900372e-01
9.877564731161660e-02 9.651212848874832e-01
1.026329538166467e-01 9.641512198123188e-01
1.066408927283349e-01 9.631583895742337e-01
1.108053464213138e-01 9.621424053788404e-01
1.151324269839414e-01 9.611028770187857e-01
1.196284851888957e-01 9.600394130714238e-01
1.243001198140810e-01 9.589516211029732e-01
1.291541873275267e-01 9.578391078790249e-01
1.341978119504936e-01 9.567014795812873e-01
1.394383961135555e-01 9.555383420303959e-01
1.448836313210047e-01 9.543493009146174e-01
1.505415094395234e-01 9.531339620242332e-01
1.564203344276928e-01 9.518919314913765e-01
1.625287345235531e-01 9.506228160350633e-01
1.688756749081016e-01 9.493262232111304e-01
1.754704708633165e-01 9.480017616667666e-01
1.823228014440161e-01 9.466490413992984e-01
1.894427236836209e-01 9.452676740188520e-01
1.968406873546676e-01 9.438572730145037e-01
2.045275503057392e-01 9.424174540234688e-01
2.125145943973190e-01 9.409478351028930e-01
2.208135420599605e-01 9.394480370037367e-01
2.294365734990719e-01 9.379176834462544e-01
2.383963445715689e-01 9.363564013965006e-01
2.477060053606326e-01 9.347638213433164e-01
2.573792194758313e-01 9.331395775751721e-01
2.674301841069380e-01 9.314833084562599e-01
2.778736508608712e-01 9.297946567011799e-01
2.887249474123449e-01 9.280732696475538e-01
3.000000000000000e-01 9.263187995258805e-01
3.117153568010376e-01 9.245309037259217e-01
3.238882122186612e-01 9.227092450589094e-01
3.365364321179672e-01 9.208534920148348e-01
3.496785800473350e-01 9.189633190140908e-01
3.633339444837841e-01 9.170384066527200e-01
3.775225671423038e-01 9.150784419405270e-01
3.922652723906904e-01 9.130831185313267e-01
4.075836978130675e-01 9.110521369445786e-01
4.235003259669555e-01 9.089852047777136e-01
4.400385173804849e-01 9.068820369084357e-01
4.572225448381915e-01 9.047423556863253e-01
4.750776290057184e-01 9.025658911130969e-01
4.936299754456950e-01 9.003523810108828e-01
5.129068130791409e-01 8.981015711779666e-01
5.329364341488259e-01 8.958132155314162e-01
5.537482357432465e-01 8.934870762361286e-01
5.753727629421715e-01 8.911229238198303e-01
5.978417536470595e-01 8.887205372736454e-01
6.211881851621706e-01 8.862797041379029e-01
6.454463225947178e-01 8.838002205729035e-01
6.706517691451003e-01 8.812818914144456e-01
6.968415183610414e-01 8.787245302139773e-01
7.240540084322961e-01 8.761279592633010e-01
7.523291786056487e-01 8.734920096038471e-01
7.817085278029726e-01 8.708165210205958e-01
8.122351755283914e-01 8.681013420208047e-01
8.439539251539531e-01 8.653463297977788e-01
8.769113296766704e-01 8.625513501799901e-01
9.111557600434522e-01 8.597162775659413e-01
9.467374761442194e-01 8.568409948452097e-01
9.837087005773638e-01 8.539253933062303e-01
1.022123695295860e+00 8.509693725313909e-01
1.062038841246482e+00 8.479728402801159e-01
1.103512721119026e+00 8.449357123606586e-01
1.146606205327005e+00 8.418579124913865e-01
1.191382541345971e+00 8.387393721523912e-01
1.237907446540621e+00 8.355800304283127e-01
1.286249204616906e+00 8.323798338432878e-01
1.336478765840699e+00 8.291387361890064e-01
1.388669851170148e+00 8.258566983468433e-01
1.442899060454488e+00 8.225336881051065e-01
1.499245984858176e+00 8.191696799724125e-01
1.557793323675301e+00 8.157646549882623e-01
1.618627005705735e+00 8.123186005318550e-01
1.681836315371195e+00 8.088315101301994e-01
1.747514023756251e+00 8.053033832665799e-01
1.815756524766656e+00 8.017342251904078e-01
1.886663976604837e+00 7.981240467294898e-01
1.960340448770138e+00 7.944728641057135e-01
2.036894074799632e+00 7.907806987551302e-01
2.116437210973626e+00 7.870475771533789e-01
2.199086601218789e+00 7.832735306473793e-01
2.284963548450991e+00 7.794585952941568e-01
2.374194092609218e+00 7.756028117076613e-01
2.466909195641994e+00 7.717062249143540e-01
2.563244933717687e+00 7.677688842183391e-01
2.663342696940870e+00 7.637908430767429e-01
2.767349396867870e+00 7.597721589860016e-01
2.875417682126019e+00 7.557128933796811e-01
2.987706162453082e+00 7.516131115384058e-01
3.104379641485743e+00 7.474728825124071e-01
3.225609358638686e+00 7.432922790571885e-01
3.351573240429413e+00 7.390713775827322e-01
3.482456161617554e+00 7.348102581166415e-01
3.618450216541959e+00 7.305090042815732e-01
3.759755001053902e+00 7.261677032872610e-01
3.906577905460009e+00 7.217864459374100e-01
4.059134418905055e+00 7.173653266516924e-01
4.217648445641213e+00 7.129044435030475e-01
4.382352633647975e+00 7.084038982704579e-01
4.553488716085159e+00 7.038637965073369e-01
4.731307866079947e+00 6.992842476256503e-01
4.916071065368889e+00 6.946653649958564e-01
5.108049487335742e+00 6.900072660627361e-01
5.307524895007394e+00 6.853100724771669e-01
5.514790054592065e+00 6.805739102438663e-01
5.730149165166607e+00 6.757989098851375e-01
5.953918305143589e+00 6.709852066206144e-01
6.186425896173555e+00 6.661329405630133e-01
6.428013185163061e+00 6.612422569298839e-01
6.679034745116258e+00 6.563133062713401e-01
6.939858995534819e+00 6.513462447137642e-01
7.210868743140088e+00 6.463412342194657e-01
7.492461743711221e+00 6.412984428622731e-01
7.785051285863559e+00 6.362180451190539e-01
8.089066797624453e+00 6.311002221771449e-01
8.404954476696458e+00 6.259451622576916e-01
8.733177945333049e+00 6.207530609548980e-01
9.074218930788147e+00 6.155241215911883e-01
9.428577972337873e+00 6.102585555883069e-01
9.796775155912346e+00 6.049565828543688e-01
1.017935087741588e+01 5.996184321869047e-01
1.057686663585548e+01 5.942443416919370e-01
1.098990585744228e+01 5.888345592191474e-01
1.141907475187479e+01 5.833893428131959e-01
1.186500320206124e+01 5.779089611812696e-01
1.232834568858659e+01 5.723936941769471e-01
1.280978225028102e+01 5.668438333004790e-01
1.331001948229982e+01 5.612596822155909e-01
1.382979157317952e+01 5.556415572829246e-01
1.436986138239213e+01 5.499897881102597e-01
1.493102155997940e+01 5.443047181196391e-01
1.551409570990988e+01 5.385867051315619e-01
1.611993959886669e+01 5.328361219663919e-01
1.674944241223971e+01 5.270533570631548e-01
1.740352805916578e+01 5.212388151158948e-01
1.808315652853243e+01 5.153929177277686e-01
1.878932529793503e+01 5.095161040830701e-01
1.952307079765527e+01 5.036088316373687e-01
2.028546993181013e+01 4.976715768259587e-01
2.107764165890305e+01 4.917048357908168e-01
2.190074863409793e+01 4.857091251262615e-01
2.275599891562562e+01 4.796849826435132e-01
2.364464773782755e+01 4.736329681543469e-01
2.456799935343925e+01 4.675536642740273e-01
2.552740894781659e+01 4.614476772437126e-01
2.652428462791550e+01 4.553156377724958e-01
2.756008948894323e+01 4.491582018992570e-01
2.863634376171489e+01 4.429760518744756e-01
2.975462704386713e+01 4.367698970621366e-01
3.091658061820281e+01 4.305404748618596e-01
3.212390986157045e+01 4.242885516513389e-01
3.337838674781274e+01 4.180149237491780e-01
3.468185244845824e+01 4.117204183981648e-01
3.603622003497367e+01 4.054058947689962e-01
3.744347728654179e+01 3.990722449844440e-01
3.890568960748640e+01 3.927203951638983e-01
4.042500305862689e+01 3.863513064881810e-01
4.200364750700972e+01 3.799659762844899e-01
4.364393989864183e+01 3.735654391312496e-01
4.534828765902734e+01 3.671507679826170e-01
4.711919222649933e+01 3.607230753122962e-01
4.895925272353314e+01 3.542835142762536e-01
5.087116977142768e+01 3.478332798938469e-01
5.285774945395580e+01 3.413736102467764e-01
5.492190743579904e+01 3.349057876951863e-01
5.706667324181219e+01 3.284311401101159e-01
5.929519470339904e+01 3.219510421213921e-01
6.161074257852353e+01 3.154669163799218e-01
6.401671535213781e+01 3.089802348331916e-01
6.651664422407377e+01 3.024925200126291e-01
6.911419829171611e+01 2.960053463313068e-01
7.181318993506650e+01 2.895203413902732e-01
7.461758041209994e+01 2.830391872915946e-01
7.753148567262615e+01 2.765636219559575e-01
8.055918239919079e+01 2.700954404424267e-01
8.370511428387876e+01 2.636364962676963e-01
8.697389855023633e+01 2.571887027218444e-01
9.037033272988069e+01 2.507540341772971e-01
9.389940170374416e+01 2.443345273873300e-01
9.756628501828874e+01 2.379322827700398e-01
1.013763644874253e+02 2.315494656732948e-01
1.053352320912994e+02 2.251883076156733e-01
1.094486981835319e+02 2.188511074978960e-01
1.137228000189624e+02 2.125402327786635e-01
1.181638106144130e+02 2.062581206081778e-01
1.227782479554735e+02 2.000072789119290e-01
1.275728845628223e+02 1.937902874165546e-01
1.325547574321261e+02 1.876097986087165e-01
1.377311783621005e+02 1.814685386170165e-01
1.431097446858984e+02 1.753693080059085e-01
1.486983504215677e+02 1.693149824694285e-01
1.545051978579489e+02 1.633085134112757e-01
1.605388095930185e+02 1.573529283963561e-01
1.668080410423387e+02 1.514513314573318e-01
1.733220934359824e+02 1.456069032379454e-01
1.800905273230004e+02 1.398229009529424e-01
1.871232766032536e+02 1.341026581422142e-01
1.944306631072082e+02 1.284495841943309e-01
2.020234117450861e+02 1.228671636118877e-01
2.099126662476082e+02 1.173589549879879e-01
2.181100055214347e+02 1.119285896597019e-01
2.266274606433011e+02 1.065797700004101e-01
2.354775325177990e+02 1.013162673084707e-01
2.446732102247126e+02 9.614191924460445e-02
2.542279900828385e+02 9.106062676462220e-02
2.641558954582760e+02 8.607635048753796e-02
2.744714973462470e+02 8.119310643158763e-02
2.851899357566681e+02 7.641496104199183e-02
2.963269419348499e+02 7.174602542432076e-02
3.078988614499402e+02 6.719044868573253e-02
3.199226781850051e+02 6.275241027289270e-02
3.324160392639413e+02 5.843611117966321e-02
3.453972809518240e+02 5.424576387918020e-02
3.588854555666874e+02 5.018558081318656e-02
3.729003594422430e+02 4.625976124566965e-02
3.874625619825798e+02 4.247247625708368e-02
4.025934358514808e+02 3.882785161852688e-02
4.183151883406666e+02 3.532994824066444e-02
4.346508939630145e+02 3.198273983799142e-02
4.516245283185701e+02 2.879008738263763e-02
4.692610032830780e+02 2.575570983990152e-02
4.875862035706593e+02 2.288315057553611e-02
5.066270247243048e+02 2.017573869628957e-02
5.264114125899501e+02 1.763654442188223e-02
5.469684043320484e+02 1.526832737670508e-02
5.683281710508622e+02 1.307347641641557e-02
5.905220620640032e+02 1.105393924444886e-02
6.135826509172174e+02 9.211139591346913e-03
6.375437831919577e+02 7.545879073708431e-03
6.624406261798814e+02 6.058219940074660e-03
6.883097204972150e+02 4.747343623956698e-03
7.151890337147074e+02 3.611378159572311e-03
7.431180160818978e+02 2.647184741407463e-03
7.721376584274933e+02 1.850089451506924e-03
8.022905523208140e+02 1.213539407255871e-03
8.336209525826135e+02 7.286513457992390e-04
8.661748422370356e+02 3.836010369509481e-04
9.000000000000000e+02 1.627654216101760e-04
9.073881271871207e+02 1.298582560254665e-04
9.142304101409105e+02 1.035966064224953e-04
9.205671765275719e+02 8.263816889626616e-05
9.264357745540359e+02 6.591245603937391e-05
9.318707930942038e+02 5.256540291013240e-05
9.369042655519806e+02 4.191539969304204e-05
9.415658586626483e+02 3.341834589885440e-05
9.458830473453537e+02 2.663984277089133e-05
9.498812766372728e+02 2.123304439265362e-05
9.535841116638722e+02 1.692100191040015e-05
9.570133765291773e+02 1.348258029488711e-05
9.601892829446502e+02 1.074121898506245e-05
9.631305493548042e+02 8.555958571453528e-06
9.658545112616640e+02 6.814274529655431e-06
9.683772233983162e+02 5.426352914085244e-06
9.707135543537477e+02 4.320517271271791e-06
9.728772742066797e+02 3.439575013728024e-06
9.748811356849042e+02 2.737898363431835e-06
9.767369493284638e+02 2.179092268542991e-06
9.784556530996812e+02 1.734131408956772e-06
9.800473768503111e+02 1.379872100734057e-06
9.815215020257771e+02 1.097863820372438e-06
9.828867169583822e+02 8.734001728007520e-07
9.841510680753889e+02 6.947611947966084e-07
9.853220073237793e+02 5.526085318450338e-07
9.864064360912147e+02 4.395027392451382e-07
9.874107458820583e+02 3.495181261630707e-07
9.883408559882016e+02 2.779354942162780e-07
9.892022483767229e+02 2.209970674227308e-07
9.900000000000000e+02 1.757110655725307e-07
9.907388127187121e+02 1.396958962513989e-07
9.914230410140910e+02 1.110559582150358e-07
9.920567176527571e+02 8.828266166904590e-08
9.926435774554036e+02 7.017556015356044e-08
9.931870793094204e+02 5.577951891863774e-08
9.936904265551980e+02 4.433466773839731e-08
9.941565858662649e+02 3.523654353726701e-08
9.945883047345354e+02 2.800435319636550e-08
9.949881276637273e+02 2.225570604552520e-08
9.953584111663872e+02 1.768650008898193e-08
9.957013376529177e+02 1.405491296835462e-08
9.960189282944650e+02 1.116866163875128e-08
9.963130549354804e+02 8.874864598760548e-09
9.965854511261664e+02 7.051975966878095e-09
9.968377223398315e+02 5.603368683438505e-09
9.970713554353747e+02 4.452230188889695e-09
9.972877274206679e+02 3.537502519593141e-09
9.974881135684905e+02 2.810653410910517e-09
9.976736949328464e+02 2.233108529884409e-09
9.978455653099682e+02 1.774209631126089e-09
9.980047376850312e+02 1.409591038725373e-09
9.981521502025778e+02 1.119888838938052e-09
9.982886716958383e+02 8.897146674171191e-10
9.984151068075389e+02 7.068399030237609e-10
9.985322007323779e+02 5.615471649291273e-10
9.986406436091215e+02 4.461148302038815e-10
9.987410745882058e+02 3.544073070479167e-10
9.988340855988201e+02 2.815493819608661e-10
9.989202248376723e+02 2.236674003799505e-10
9.990000000000000e+02 1.776835728092807e-10
9.990738812718713e+02 1.411525079215355e-10
9.991423041014092e+02 1.121313083276030e-10
9.992056717652757e+02 8.907634131301045e-11
9.992643577455403e+02 7.076120946445016e-11
9.993187079309420e+02 5.621156923492738e-11
9.993690426555198e+02 4.465333839981157e-11
9.994156585866265e+02 3.547154318284975e-11
9.994588304734535e+02 2.817762008642922e-11
9.994988127663728e+02 2.238343597541519e-11
9.995358411166387e+02 1.778064645961821e-11
9.995701337652918e+02 1.412429596419862e-11
9.996018928294465e+02 1.121978807031827e-11
9.996313054935481e+02 8.912533676381318e-12
9.996585451126166e+02 7.079726758494542e-12
9.996837722339832e+02 5.623810533475304e-12
9.997071355435376e+02 4.467286644447678e-12
9.997287727420669e+02 3.548591358745378e-12
9.997488113568490e+02 2.818819480075369e-12
9.997673694932846e+02 2.239121738871291e-12
9.997845565309968e+02 1.778637229991739e-12
9.998004737685031e+02 1.412850915923353e-12
9.998152150202577e+02 1.122288817315473e-12
9.998288671695839e+02 8.914814719066378e-13
9.998415106807539e+02 7.081405114296599e-13
9.998532200732378e+02 5.625045424006303e-13
9.998640643609122e+02 4.468195232764622e-13
9.998741074588205e+02 3.549259857378554e-13
9.998834085598820e+02 2.819311325870545e-13
9.998920224837672e+02 2.239483609093983e-13
9.999000000000000e+02 1.778903469503567e-13
9.999073881271871e+02 1.413046795092271e-13
9.999142304101409e+02 1.122432929389744e-13
9.999205671765276e+02 8.915874971169295e-14
9.999264357745541e+02 7.082185150555251e-14
9.999318707930942e+02 5.625619299366453e-14
9.999369042655519e+02 4.468617432243169e-14
9.999415658586627e+02 3.549570467290447e-14
9.999458830473453e+02 2.819539838747244e-14
9.999498812766373e+02 2.239651723100460e-14
9.999535841116639e+02 1.779027148276829e-14
9.999570133765292e+02 1.413137783197158e-14
9.999601892829446e+02 1.122499867339869e-14
9.999631305493548e+02 8.916367417143583e-15
9.999658545112617e+02 7.082547429719857e-15
9.999683772233983e+02 5.625885817515766e-15
9.999707135543538e+02 4.468813501238277e-15
9.999728772742067e+02 3.549714708721347e-15
9.999748811356849e+02 2.819645952083890e-15
9.999767369493284e+02 2.239729786800737e-15
9.999784556530997e+02 1.779084576718606e-15
9.999800473768503e+02 1.413180031019198e-15
9.999815215020258e+02 1.122530947316718e-15
9.999828867169583e+02 8.916596059483485e-16
9.999841510680753e+02 7.082715631900207e-16
9.999853220073238e+02 5.626009556231659e-16
9.999864064360912e+02 4.468904530255541e-16
9.999874107458820e+02 3.549781674515564e-16
9.999883408559882e+02 2.819695215637687e-16
9.999892022483767e+02 2.239766027593053e-16
9.999900000000000e+02 1.779111237311778e-16
9.999907388127187e+02 1.413199643883391e-16
9.999914230410141e+02 1.122545375544252e-16
9.999920567176528e+02 8.916702200358828e-17
9.999926435774554e+02 7.082793714404945e-17
9.999931870793095e+02 5.626066997542347e-17
9.999936904265552e+02 4.468946786769601e-17
9.999941565858662e+02 3.549812760427129e-17
9.999945883047345e+02 2.819718083875048e-17
9.999949881276638e+02 2.239782850495302e-17
9.999953584111664e+02 1.779123613001211e-17
9.999957013376529e+02 1.413208748047056e-17
9.999960189282945e+02 1.122552072955248e-17
9.999963130549355e+02 8.916751469466413e-18
9.999965854511262e+02 7.082829958675517e-18
9.999968377223398e+02 5.626093660727554e-18
9.999970713554353e+02 4.468966401582281e-18
9.999972877274207e+02 3.549827189392415e-18
9.999974881135685e+02 2.819728698760182e-18
9.999976736949328e+02 2.239790659265472e-18
9.999978455653101e+02 1.779129357234031e-18
9.999980047376851e+02 1.413212973800587e-18
9.999981521502026e+02 1.122555181565065e-18
9.999982886716958e+02 8.916774338392205e-19
9.999984151068076e+02 7.082846781909302e-19
9.999985322007324e+02 5.626106036411096e-19
9.999986406436091e+02 4.468975505885412e-19
9.999987410745882e+02 3.549833886324936e-19
9.999988340855989e+02 2.819733624734986e-19
9.999989202248377e+02 2.239794283430113e-19
9.999990000000000e+02 1.779132023379696e-19
