# alpha = 1.6
# Lmin  = 0.01
# Lmax  = 1000
# tau   = 1
# V1    = 0.1
# V2    = 1
# c     = 1
# xi_min = 0.01
# xi_max = 1000
# DeltaFss = 3.151608022090267e+00
# D_c   = 1.057510372473039e+02
# u_c = D_c/(V2 tau) = 1.057510372473039e+02
# R(u_c) = 3.146717428066073e-01
# columns: u=t/tau, R(u)
1.000000000000000e-04 9.999808309529516e-01
1.039051189336793e-04 9.999800827752321e-01
1.079627374062204e-04 9.999793054118513e-01
1.121788107059891e-04 9.999784977255877e-01
1.165595266824449e-04 9.999776585350122e-01
1.211113148279280e-04 9.999767866127757e-01
1.258408557141013e-04 9.999758806838310e-01
1.307550907968968e-04 9.999749394235935e-01
1.358612326043559e-04 9.999739614560227e-01
1.411667753223186e-04 9.999729453516367e-01
1.466795057934949e-04 9.999718896254475e-01
1.524075149460639e-04 9.999707927348193e-01
1.583592096685727e-04 9.999696530772444e-01
1.645433251485650e-04 9.999684689880353e-01
1.709689376930471e-04 9.999672387379265e-01
1.776454780496086e-04 9.999659605305888e-01
1.845827452477489e-04 9.999646325000485e-01
1.917909209807237e-04 9.999632527080035e-01
1.992805845490198e-04 9.999618191410470e-01
2.070627283873903e-04 9.999603297077780e-01
2.151487741982391e-04 9.999587822358077e-01
2.235505897150335e-04 9.999571744686500e-01
2.322805061203469e-04 9.999555040624980e-01
2.413513361440986e-04 9.999537685828741e-01
2.507763928685497e-04 9.999519655011643e-01
2.605695092676574e-04 9.999500921910076e-01
2.707450585094638e-04 9.999481459245668e-01
2.813179750513180e-04 9.999461238686460e-01
2.923037765588901e-04 9.999440230806735e-01
3.037185866811508e-04 9.999418405045293e-01
3.155791587147396e-04 9.999395729662198e-01
3.279029001924546e-04 9.999372171693929e-01
3.407078984319536e-04 9.999347696906867e-01
3.540129470821606e-04 9.999322269749051e-01
3.678375737063420e-04 9.999295853300174e-01
3.822020684423349e-04 9.999268409219778e-01
3.971275137819903e-04 9.999239897693485e-01
4.126358155135406e-04 9.999210277377295e-01
4.287497348723017e-04 9.999179505339897e-01
4.454929219468996e-04 9.999147537002835e-01
4.628899503900490e-04 9.999114326078542e-01
4.809663534848294e-04 9.999079824506104e-01
4.997486616193922e-04 9.999043982384773e-01
5.192644412250998e-04 9.999006747905059e-01
5.395423352352451e-04 9.998968067277404e-01
5.606121051237321e-04 9.998927884658264e-01
5.825046745854169e-04 9.998886142073655e-01
6.052521749222188e-04 9.998842779339988e-01
6.288879922016120e-04 9.998797733982068e-01
6.534468162567126e-04 9.998750941148348e-01
6.789646915998777e-04 9.998702333523184e-01
7.054790703245417e-04 9.998651841236057e-01
7.330288670729299e-04 9.998599391767753e-01
7.616545161503295e-04 9.998544909853269e-01
7.913980308697395e-04 9.998488317381510e-01
8.223030652139985e-04 9.998429533291603e-01
8.544149779058953e-04 9.998368473465719e-01
8.877808989802900e-04 9.998305050618427e-01
9.224497989559574e-04 9.998239174182347e-01
9.584725607086727e-04 9.998170750190184e-01
9.959020541510277e-04 9.998099681152848e-01
1.034793213828581e-03 9.998025865933847e-01
1.075203119546229e-03 9.997949199619572e-01
1.117191080143139e-03 9.997869573385659e-01
1.160818720539184e-03 9.997786874359196e-01
1.206150072180654e-03 9.997700985476757e-01
1.253251667017966e-03 9.997611785338208e-01
1.302192635153336e-03 9.997519148056166e-01
1.353044806301686e-03 9.997422943101155e-01
1.405882815213737e-03 9.997323035142311e-01
1.460784211215992e-03 9.997219283883676e-01
1.517829572028385e-03 9.997111543896001e-01
1.577102622026649e-03 9.996999664444015e-01
1.638690355122963e-03 9.996883489309311e-01
1.702683162445247e-03 9.996762856608601e-01
1.769174965002465e-03 9.996637598607599e-01
1.838263351530690e-03 9.996507541530435e-01
1.910049721722201e-03 9.996372505364693e-01
1.984639435047864e-03 9.996232303662179e-01
2.062141965391183e-03 9.996086743335508e-01
2.142671061721020e-03 9.995935624450574e-01
2.226344915038755e-03 9.995778740015222e-01
2.313286331844939e-03 9.995615875764158e-01
2.403622914380031e-03 9.995446809940357e-01
2.497487247903738e-03 9.995271313073376e-01
2.595017095287853e-03 9.995089147754648e-01
2.696355599208152e-03 9.994900068410403e-01
2.801651492232151e-03 9.994703821072305e-01
2.911059315111016e-03 9.994500143146648e-01
3.024739643596051e-03 9.994288763182338e-01
3.142859324112624e-03 9.994069400638470e-01
3.265591718637450e-03 9.993841765652111e-01
3.393116959138624e-03 9.993605558807118e-01
3.525622211951828e-03 9.993360470904856e-01
3.663301952480762e-03 9.993106182737784e-01
3.806358250624929e-03 9.992842364867055e-01
3.955001067353747e-03 9.992568677405326e-01
4.109448562862195e-03 9.992284769806179e-01
4.269927416760338e-03 9.991990280661691e-01
4.436673160766607e-03 9.991684837509790e-01
4.609930524393172e-03 9.991368056653407e-01
4.789953794130710e-03 9.991039542993372e-01
4.977007186659796e-03 9.990698889877513e-01
5.171365236636627e-03 9.990345678968375e-01
5.373313199622230e-03 9.989979480132585e-01
5.583147470746565e-03 9.989599851354816e-01
5.801176019721925e-03 9.989206338679910e-01
6.027718842844149e-03 9.988798476187030e-01
6.263108432645010e-03 9.988375785999908e-01
6.507690265885090e-03 9.987937778338035e-01
6.761823310603373e-03 9.987483951613724e-01
7.025880552967686e-03 9.987013792580944e-01
7.300249544699317e-03 9.986526776541900e-01
7.585332971875207e-03 9.986022367618420e-01
7.881549245942516e-03 9.985500019095628e-01
8.189333117813075e-03 9.984959173846262e-01
8.509136315938862e-03 9.984399264844820e-01
8.841428209305172e-03 9.983819715781638e-01
9.186696496314402e-03 9.983219941788070e-01
9.545447920571628e-03 9.982599350285022e-01
9.918209014622368e-03 9.981957341968384e-01
1.030552687273427e-02 9.981293303967297e-01
1.070796995385682e-02 9.980606553235887e-01
1.112612891593757e-02 9.979896359545741e-01
1.156061748281941e-02 9.979161971257573e-01
1.201207334499123e-02 9.978402614962122e-01
1.248115909551393e-02 9.977617494958029e-01
1.296856320249547e-02 9.976805792722189e-01
1.347500101954228e-02 9.975966666372718e-01
1.400121583566991e-02 9.975099250124566e-01
1.454797996621396e-02 9.974202653738150e-01
1.511609588634245e-02 9.973275961960971e-01
1.570639740883311e-02 9.972318233962594e-01
1.631975090784437e-02 9.971328502763064e-01
1.695705659047589e-02 9.970305774655130e-01
1.761924981798528e-02 9.969249028620395e-01
1.830730247859966e-02 9.968157215739790e-01
1.902222441393740e-02 9.967029258598606e-01
1.976506490113303e-02 9.965864050686414e-01
2.053691419284118e-02 9.964660455792199e-01
2.133890511737929e-02 9.963417307395136e-01
2.217221474135790e-02 9.962133408051320e-01
2.303806609723871e-02 9.960807528776915e-01
2.393772997835552e-02 9.959438408428142e-01
2.487252680403331e-02 9.958024753078580e-01
2.584382855754205e-02 9.956565235394278e-01
2.685306079973024e-02 9.955058494007173e-01
2.790170476129292e-02 9.953503132887400e-01
2.899129951674547e-02 9.951897720715059e-01
3.012344424329354e-02 9.950240790252043e-01
3.129980056791472e-02 9.948530837714549e-01
3.252209500609621e-02 9.946766322146990e-01
3.379212149580845e-02 9.944945664797959e-01
3.511174403043318e-02 9.943067248499022e-01
3.648289939451060e-02 9.941129417047073e-01
3.790760000632080e-02 9.939130474591062e-01
3.938793687147105e-02 9.937068685023935e-01
4.092608265182451e-02 9.934942271380676e-01
4.252429485427411e-02 9.932749415243249e-01
4.418491914404197e-02 9.930488256153545e-01
4.591039278736684e-02 9.928156891035138e-01
4.770324822863284e-02 9.925753373624965e-01
4.956611680718921e-02 9.923275713915883e-01
5.150173261931631e-02 9.920721877611245e-01
5.351293653100611e-02 9.918089785592559e-01
5.560268034744621e-02 9.915377313401363e-01
5.777403114532752e-02 9.912582290736490e-01
6.003017577433342e-02 9.909702500967914e-01
6.237442553441787e-02 9.906735680668428e-01
6.481022103573612e-02 9.903679519164359e-01
6.734113724836205e-02 9.900531658106627e-01
6.997088874920279e-02 9.897289691063469e-01
7.270333517381153e-02 9.893951163136109e-01
7.554248688110035e-02 9.890513570598738e-01
7.849251083926641e-02 9.886974360564178e-01
8.155773674157087e-02 9.883330930676595e-01
8.474266336094619e-02 9.879580628832610e-01
8.805196515275861e-02 9.875720752932270e-01
9.149049911541567e-02 9.871748550661180e-01
9.506331191888946e-02 9.867661219305279e-01
9.877564731161660e-02 9.863455905599573e-01
1.026329538166467e-01 9.859129705612213e-01
1.066408927283349e-01 9.854679664665309e-01
1.108053464213138e-01 9.850102777293713e-01
1.151324269839414e-01 9.845395987243213e-01
1.196284851888957e-01 9.840556187509234e-01
1.243001198140810e-01 9.835580220417400e-01
1.291541873275267e-01 9.830464877747006e-01
1.341978119504936e-01 9.825206900898628e-01
1.394383961135555e-01 9.819802981106787e-01
1.448836313210047e-01 9.814249759698678e-01
1.505415094395234e-01 9.808543828399849e-01
1.564203344276928e-01 9.802681729687590e-01
1.625287345235531e-01 9.796659957192705e-01
1.688756749081016e-01 9.790474956150220e-01
1.754704708633165e-01 9.784123123899483e-01
1.823228014440161e-01 9.777600810433954e-01
1.894427236836209e-01 9.770904319000828e-01
1.968406873546676e-01 9.764029906750546e-01
2.045275503057392e-01 9.756973785435994e-01
2.125145943973190e-01 9.749732122161099e-01
2.208135420599605e-01 9.742301040178375e-01
2.294365734990719e-01 9.734676619734598e-01
2.383963445715689e-01 9.726854898963915e-01
2.477060053606326e-01 9.718831874827213e-01
2.573792194758313e-01 9.710603504096494e-01
2.674301841069380e-01 9.702165704382787e-01
2.778736508608712e-01 9.693514355205913e-01
2.887249474123449e-01 9.684645299104181e-01
3.000000000000000e-01 9.675554342781941e-01
3.117153568010376e-01 9.666237258292639e-01
3.238882122186612e-01 9.656689784254855e-01
3.365364321179672e-01 9.646907627098545e-01
3.496785800473350e-01 9.636886462338712e-01
3.633339444837841e-01 9.626621935873114e-01
3.775225671423038e-01 9.616109665301048e-01
3.922652723906904e-01 9.605345241259443e-01
4.075836978130675e-01 9.594324228772837e-01
4.235003259669555e-01 9.583042168613458e-01
4.400385173804849e-01 9.571494578667514e-01
4.572225448381915e-01 9.559676955303748e-01
4.750776290057184e-01 9.547584774740253e-01
4.936299754456950e-01 9.535213494405472e-01
5.129068130791409e-01 9.522558554289251e-01
5.329364341488259e-01 9.509615378279901e-01
5.537482357432465e-01 9.496379375483178e-01
5.753727629421715e-01 9.482845941519198e-01
5.978417536470595e-01 9.469010459793391e-01
6.211881851621706e-01 9.454868302737685e-01
6.454463225947178e-01 9.440414833018362e-01
6.706517691451003e-01 9.425645404707094e-01
6.968415183610414e-01 9.410555364411908e-01
7.240540084322961e-01 9.395140052365205e-01
7.523291786056487e-01 9.379394803466047e-01
7.817085278029726e-01 9.363314948274328e-01
8.122351755283914e-01 9.346895813954773e-01
8.439539251539531e-01 9.330132725169008e-01
8.769113296766704e-01 9.313021004914425e-01
9.111557600434522e-01 9.295555975308722e-01
9.467374761442194e-01 9.277732958319767e-01
9.837087005773638e-01 9.259547276440456e-01
1.022123695295860e+00 9.240994253308996e-01
1.062038841246482e+00 9.222069214275236e-01
1.103512721119026e+00 9.202767486914296e-01
1.146606205327005e+00 9.183084401489022e-01
1.191382541345971e+00 9.163015291363369e-01
1.237907446540621e+00 9.142555493369171e-01
1.286249204616906e+00 9.121700348129109e-01
1.336478765840699e+00 9.100445200339331e-01
1.388669851170148e+00 9.078785399015291e-01
1.442899060454488e+00 9.056716297704913e-01
1.499245984858176e+00 9.034233254673536e-01
1.557793323675301e+00 9.011331633065375e-01
1.618627005705735e+00 8.988006801046562e-01
1.681836315371195e+00 8.964254131935185e-01
1.747514023756251e+00 8.940069004323861e-01
1.815756524766656e+00 8.915446802200767e-01
1.886663976604837e+00 8.890382915075163e-01
1.960340448770138e+00 8.864872738113652e-01
2.036894074799632e+00 8.838911672293562e-01
2.116437210973626e+00 8.812495124579972e-01
2.199086601218789e+00 8.785618508133046e-01
2.284963548450991e+00 8.758277242552257e-01
2.374194092609218e+00 8.730466754164389e-01
2.466909195641994e+00 8.702182476361976e-01
2.563244933717687e+00 8.673419849999018e-01
2.663342696940870e+00 8.644174323850744e-01
2.767349396867870e+00 8.614441355144126e-01
2.875417682126019e+00 8.584216410165904e-01
2.987706162453082e+00 8.553494964954743e-01
3.104379641485743e+00 8.522272506084064e-01
3.225609358638686e+00 8.490544531542141e-01
3.351573240429413e+00 8.458306551715786e-01
3.482456161617554e+00 8.425554090484012e-01
3.618450216541959e+00 8.392282686427927e-01
3.759755001053902e+00 8.358487894162926e-01
3.906577905460009e+00 8.324165285799373e-01
4.059134418905055e+00 8.289310452537526e-01
4.217648445641213e+00 8.253919006402831e-01
4.382352633647975e+00 8.217986582127161e-01
4.553488716085159e+00 8.181508839181845e-01
4.731307866079947e+00 8.144481463967997e-01
4.916071065368889e+00 8.106900172169905e-01
5.108049487335742e+00 8.068760711276799e-01
5.307524895007394e+00 8.030058863278610e-01
5.514790054592065e+00 7.990790447541101e-01
5.730149165166607e+00 7.950951323865777e-01
5.953918305143589e+00 7.910537395739975e-01
6.186425896173555e+00 7.869544613782532e-01
6.428013185163061e+00 7.827968979390416e-01
6.679034745116258e+00 7.785806548591686e-01
6.939858995534819e+00 7.743053436110298e-01
7.210868743140088e+00 7.699705819648152e-01
7.492461743711221e+00 7.655759944389915e-01
7.785051285863559e+00 7.611212127736243e-01
8.089066797624453e+00 7.566058764270902e-01
8.404954476696458e+00 7.520296330967707e-01
8.733177945333049e+00 7.473921392642852e-01
9.074218930788147e+00 7.426930607658688e-01
9.428577972337873e+00 7.379320733884820e-01
9.796775155912346e+00 7.331088634922658e-01
1.017935087741588e+01 7.282231286599599e-01
1.057686663585548e+01 7.232745783739174e-01
1.098990585744228e+01 7.182629347213539e-01
1.141907475187479e+01 7.131879331284875e-01
1.186500320206124e+01 7.080493231242450e-01
1.232834568858659e+01 7.028468691341997e-01
1.280978225028102e+01 6.975803513054465e-01
1.331001948229982e+01 6.922495663631142e-01
1.382979157317952e+01 6.868543284992331e-01
1.436986138239213e+01 6.813944702946942e-01
1.493102155997940e+01 6.758698436750331e-01
1.551409570990988e+01 6.702803209008048e-01
1.611993959886669e+01 6.646257955933057e-01
1.674944241223971e+01 6.589061837964268e-01
1.740352805916578e+01 6.531214250754217e-01
1.808315652853243e+01 6.472714836533799e-01
1.878932529793503e+01 6.413563495862205e-01
1.952307079765527e+01 6.353760399770034e-01
2.028546993181013e+01 6.293306002303818e-01
2.107764165890305e+01 6.232201053480101e-01
2.190074863409793e+01 6.170446612657323e-01
2.275599891562562e+01 6.108044062333662e-01
2.364464773782755e+01 6.044995122379089e-01
2.456799935343925e+01 5.981301864709712e-01
2.552740894781659e+01 5.916966728412554e-01
2.652428462791550e+01 5.851992535328678e-01
2.756008948894323e+01 5.786382506102525e-01
2.863634376171489e+01 5.720140276705187e-01
2.975462704386713e+01 5.653269915438982e-01
3.091658061820281e+01 5.585775940430705e-01
3.212390986157045e+01 5.517663337620330e-01
3.337838674781274e+01 5.448937579251929e-01
3.468185244845824e+01 5.379604642872866e-01
3.603622003497367e+01 5.309671030847078e-01
3.744347728654179e+01 5.239143790387690e-01
3.890568960748640e+01 5.168030534113548e-01
4.042500305862689e+01 5.096339461133650e-01
4.200364750700972e+01 5.024079378662719e-01
4.364393989864183e+01 4.951259724170244e-01
4.534828765902734e+01 4.877890588064434e-01
4.711919222649933e+01 4.803982736911474e-01
4.895925272353314e+01 4.729547637189194e-01
5.087116977142768e+01 4.654597479573164e-01
5.285774945395580e+01 4.579145203751515e-01
5.492190743579904e+01 4.503204523763443e-01
5.706667324181219e+01 4.426789953854382e-01
5.929519470339904e+01 4.349916834838985e-01
6.161074257852353e+01 4.272601360960815e-01
6.401671535213781e+01 4.194860607235391e-01
6.651664422407377e+01 4.116712557260419e-01
6.911419829171611e+01 4.038176131474325e-01
7.181318993506650e+01 3.959271215840919e-01
7.461758041209994e+01 3.880018690934575e-01
7.753148567262615e+01 3.800440461396439e-01
8.055918239919079e+01 3.720559485727903e-01
8.370511428387876e+01 3.640399806383081e-01
8.697389855023633e+01 3.559986580116684e-01
9.037033272988069e+01 3.479346108538292e-01
9.389940170374416e+01 3.398505868817692e-01
9.756628501828874e+01 3.317494544479203e-01
1.013763644874253e+02 3.236342056215457e-01
1.053352320912994e+02 3.155079592642810e-01
1.094486981835319e+02 3.073739640911579e-01
1.137228000189624e+02 2.992356017074282e-01
1.181638106144130e+02 2.910963896103999e-01
1.227782479554735e+02 2.829599841442988e-01
1.275728845628223e+02 2.748301833948196e-01
1.325547574321261e+02 2.667109300085491e-01
1.377311783621005e+02 2.586063139208257e-01
1.431097446858984e+02 2.505205749737685e-01
1.486983504215677e+02 2.424581054042265e-01
1.545051978579489e+02 2.344234521791611e-01
1.605388095930185e+02 2.264213191535107e-01
1.668080410423387e+02 2.184565690228490e-01
1.733220934359824e+02 2.105342250400801e-01
1.800905273230004e+02 2.026594724620151e-01
1.871232766032536e+02 1.948376596878642e-01
1.944306631072082e+02 1.870742990474109e-01
2.020234117450861e+02 1.793750671918687e-01
2.099126662476082e+02 1.717458050350414e-01
2.181100055214347e+02 1.641925171863682e-01
2.266274606433011e+02 1.567213708106192e-01
2.354775325177990e+02 1.493386938412810e-01
2.446732102247126e+02 1.420509724659311e-01
2.542279900828385e+02 1.348648477919425e-01
2.641558954582760e+02 1.277871115895039e-01
2.744714973462470e+02 1.208247009959638e-01
2.851899357566681e+02 1.139846920505744e-01
2.963269419348499e+02 1.072742919115484e-01
3.078988614499402e+02 1.007008295874577e-01
3.199226781850051e+02 9.427174499192964e-02
3.324160392639413e+02 8.799457610369470e-02
3.453972809518240e+02 8.187694398249884e-02
3.588854555666874e+02 7.592653535428903e-02
3.729003594422430e+02 7.015108243513961e-02
3.874625619825798e+02 6.455833961109769e-02
4.025934358514808e+02 5.915605652852396e-02
4.183151883406666e+02 5.395194707403592e-02
4.346508939630145e+02 4.895365363158550e-02
4.516245283185701e+02 4.416870589223597e-02
4.692610032830780e+02 3.960447335416487e-02
4.875862035706593e+02 3.526811047880186e-02
5.066270247243048e+02 3.116649325355121e-02
5.264114125899501e+02 2.730614563829140e-02
5.469684043320484e+02 2.369315402235783e-02
5.683281710508622e+02 2.033306736358661e-02
5.905220620640032e+02 1.723078008199325e-02
6.135826509172174e+02 1.439039398040646e-02
6.375437831919577e+02 1.181505437746876e-02
6.624406261798814e+02 9.506754134674868e-03
6.883097204972150e+02 7.466097135134434e-03
7.151890337147074e+02 5.692009700613880e-03
7.431180160818978e+02 4.181383872436445e-03
7.721376584274933e+02 2.928629496428387e-03
8.022905523208140e+02 1.925100962366084e-03
8.336209525826135e+02 1.158346078926483e-03
8.661748422370356e+02 6.110925420495592e-04
9.000000000000000e+02 2.598280097398727e-04
9.073881271871207e+02 2.073876816203799e-04
9.142304101409105e+02 1.655131514808622e-04
9.205671765275719e+02 1.320768608915638e-04
9.264357745540359e+02 1.053802984709716e-04
9.318707930942038e+02 8.406704644270390e-05
9.369042655519806e+02 6.705363346119789e-05
9.415658586626483e+02 5.347448082431770e-05
9.458830473453537e+02 4.263802539396298e-05
9.498812766372728e+02 3.399172116985966e-05
9.535841116638722e+02 2.709410413394745e-05
9.570133765291773e+02 2.159248299858617e-05
9.601892829446502e+02 1.720511553760699e-05
9.631305493548042e+02 1.370696429402835e-05
9.658545112616640e+02 1.091831045950321e-05
9.683772233983162e+02 8.695651248460610e-06
9.707135543537477e+02 6.924422378310367e-06
9.728772742066797e+02 5.513179716380788e-06
9.748811356849042e+02 4.388947760183548e-06
9.767369493284638e+02 3.493501294107504e-06
9.784556530996812e+02 2.780393389520283e-06
9.800473768503111e+02 2.212580312592610e-06
9.815215020257771e+02 1.760523793102581e-06
9.828867169583822e+02 1.400675008237882e-06
9.841510680753889e+02 1.114263755339611e-06
9.853220073237793e+02 8.863315872342930e-07
9.864064360912147e+02 7.049599287673151e-07
9.874107458820583e+02 5.606539941813211e-07
9.883408559882016e+02 4.458511699685083e-07
9.892022483767229e+02 3.545288068371842e-07
9.900000000000000e+02 2.818913895419181e-07
9.907388127187121e+02 2.241210743392625e-07
9.914230410140910e+02 1.781788007925884e-07
9.920567176527571e+02 1.416457577917473e-07
9.926435774554036e+02 1.125970413435628e-07
9.931870793094204e+02 8.950098677001447e-08
9.936904265551980e+02 7.113897281362077e-08
9.941565858662649e+02 5.654154579605863e-08
9.945883047345354e+02 4.493755126939049e-08
9.949881276637273e+02 3.571363087295800e-08
9.953584111663872e+02 2.838197725516480e-08
9.957013376529177e+02 2.255466706465293e-08
9.960189282944650e+02 1.792323286705305e-08
9.963130549354804e+02 1.424240676517477e-08
9.965854511261664e+02 1.131718537799003e-08
9.968377223398315e+02 8.992538768415379e-09
9.970713554353747e+02 7.145223773289806e-09
9.972877274206679e+02 5.677272069653067e-09
9.974881135684905e+02 4.510810870625957e-09
9.976736949328464e+02 3.583943902539592e-09
9.978455653099682e+02 2.847475880766028e-09
9.980047376850312e+02 2.262307954526487e-09
9.981521502025778e+02 1.797366828097483e-09
9.982886716958383e+02 1.427958319537580e-09
9.984151068075389e+02 1.134458449376634e-09
9.985322007323779e+02 9.012729253381586e-10
9.986406436091215e+02 7.160100334170976e-10
9.987410745882058e+02 5.688232002032428e-10
9.988340855988201e+02 4.518884455369527e-10
9.989202248376723e+02 3.589890678097192e-10
9.990000000000000e+02 2.851855702686185e-10
9.990738812718713e+02 2.265533432315620e-10
9.991423041014092e+02 1.799742011106120e-10
9.992056717652757e+02 1.429707231886258e-10
9.992643577455403e+02 1.135746133370847e-10
9.993187079309420e+02 9.022209573688218e-11
9.993690426555198e+02 7.167079623459157e-11
9.994156585866265e+02 5.693369784759761e-11
9.994588304734535e+02 4.522666427702675e-11
9.994988127663728e+02 3.592674494867692e-11
9.995358411166387e+02 2.853904712900399e-11
9.995701337652918e+02 2.267041532379554e-11
9.996018928294465e+02 1.800851952459933e-11
9.996313054935481e+02 1.430524105621835e-11
9.996585451126166e+02 1.136347301517942e-11
9.996837722339832e+02 9.026633665559431e-12
9.997071355435376e+02 7.170335293663565e-12
9.997287727420669e+02 5.695765557629266e-12
9.997488113568490e+02 4.524429380409152e-12
9.997673694932846e+02 3.593971752441307e-12
9.997845565309968e+02 2.854859272382239e-12
9.998004737685031e+02 2.267743911598140e-12
9.998152150202577e+02 1.801368764697944e-12
9.998288671695839e+02 1.430904371143877e-12
9.998415106807539e+02 1.136627093107699e-12
9.998532200732378e+02 9.028692286474679e-13
9.998640643609122e+02 7.171849944641175e-13
9.998741074588205e+02 5.696879964104575e-13
9.998834085598820e+02 4.525249297469075e-13
9.998920224837672e+02 3.594574994796446e-13
9.999000000000000e+02 2.855303095215983e-13
9.999073881271871e+02 2.268070442050433e-13
9.999142304101409e+02 1.801608998563470e-13
9.999205671765276e+02 1.431081113867649e-13
9.999264357745541e+02 1.136757123789821e-13
9.999318707930942e+02 9.029648923948032e-14
9.999369042655519e+02 7.172553739910311e-14
9.999415658586627e+02 5.697397741264883e-14
9.999458830473453e+02 4.525630220533764e-14
9.999498812766373e+02 3.594855234430958e-14
9.999535841116639e+02 2.855509262616577e-14
9.999570133765292e+02 2.268222115187216e-14
9.999601892829446e+02 1.801720580977365e-14
9.999631305493548e+02 1.431163202166881e-14
9.999658545112617e+02 1.136817513843781e-14
9.999683772233983e+02 9.030093195275672e-15
9.999707135543538e+02 7.172880575890620e-15
9.999728772742067e+02 5.697638183348243e-15
9.999748811356849e+02 4.525807105131347e-15
9.999767369493284e+02 3.594985361825179e-15
9.999784556530997e+02 2.855604992236144e-15
9.999800473768503e+02 2.268292539607265e-15
9.999815215020258e+02 1.801772389268959e-15
9.999828867169583e+02 1.431201315327063e-15
9.999841510680753e+02 1.136845552027131e-15
9.999853220073238e+02 9.030299459343034e-16
9.999864064360912e+02 7.173032314987143e-16
9.999874107458820e+02 5.697749810748921e-16
9.999883408559882e+02 4.525889224069168e-16
9.999892022483767e+02 3.595045772711126e-16
9.999900000000000e+02 2.855649433618565e-16
9.999907388127187e+02 2.268325232890124e-16
9.999914230410141e+02 1.801796440121288e-16
9.999920567176528e+02 1.431219008292350e-16
9.999926435774554e+02 1.136858567833374e-16
9.999931870793095e+02 9.030395210006137e-17
9.999936904265552e+02 7.173102753843042e-17
9.999941565858662e+02 5.697801628990984e-17
9.999945883047345e+02 4.525927344041924e-17
9.999949881276638e+02 3.595073815424265e-17
9.999953584111664e+02 2.855670063148394e-17
9.999957013376529e+02 2.268340409036956e-17
9.999960189282945e+02 1.801807604392508e-17
9.999963130549355e+02 1.431227221176876e-17
9.999965854511262e+02 1.136864609640075e-17
9.999968377223398e+02 9.030439656679932e-18
9.999970713554353e+02 7.173135451311700e-18
9.999972877274207e+02 5.697825681786137e-18
9.999974881135685e+02 4.525945038786770e-18
9.999976736949328e+02 3.595086832896041e-18
9.999978455653101e+02 2.855679638931423e-18
9.999980047376851e+02 2.268347453441666e-18
9.999981521502026e+02 1.801812786569287e-18
9.999982886716958e+02 1.431231033635328e-18
9.999984151068076e+02 1.136867414113806e-18
9.999985322007324e+02 9.030460288605298e-19
9.999986406436091e+02 7.173150629122452e-19
9.999987410745882e+02 5.697836847307891e-19
9.999988340855989e+02 4.525953251523486e-19
9.999989202248377e+02 3.595092875495461e-19
9.999990000000000e+02 2.855684084240089e-19
