# alpha = 3
# Lmin  = 0.01
# Lmax  = 1000
# tau   = 1
# V1    = 0.1
# V2    = 1
# c     = 1
# xi_min = 0.01
# xi_max = 1000
# DeltaFss = 3.223807544410680e-03
# D_c   = 3.519136403656455e-01
# u_c = D_c/(V2 tau) = 3.519136403656455e-01
# R(u_c) = 9.503963090669615e-02
# columns: u=t/tau, R(u)
1.000000000000000e-04 9.952289461534611e-01
1.039051189336793e-04 9.950431199342437e-01
1.079627374062204e-04 9.948500759359212e-01
1.121788107059891e-04 9.946495353987247e-01
1.165595266824449e-04 9.944412089242151e-01
1.211113148279280e-04 9.942247960795342e-01
1.258408557141013e-04 9.939999849877694e-01
1.307550907968968e-04 9.937664519040242e-01
1.358612326043559e-04 9.935238607767581e-01
1.411667753223186e-04 9.932718627939806e-01
1.466795057934949e-04 9.930100959138530e-01
1.524075149460639e-04 9.927381843792733e-01
1.583592096685727e-04 9.924557382159884e-01
1.645433251485650e-04 9.921623527138005e-01
1.709689376930471e-04 9.918576078904121e-01
1.776454780496086e-04 9.915410679374788e-01
1.845827452477489e-04 9.912122806484085e-01
1.917909209807237e-04 9.908707768274708e-01
1.992805845490198e-04 9.905160696797847e-01
2.070627283873903e-04 9.901476541817456e-01
2.151487741982391e-04 9.897650064314741e-01
2.235505897150335e-04 9.893675829788666e-01
2.322805061203469e-04 9.889548201348558e-01
2.413513361440986e-04 9.885261332595032e-01
2.507763928685497e-04 9.880809160285379e-01
2.605695092676574e-04 9.876185396780276e-01
2.707450585094638e-04 9.871383522268572e-01
2.813179750513180e-04 9.866396776767250e-01
2.923037765588901e-04 9.861218151894252e-01
3.037185866811508e-04 9.855840382411967e-01
3.155791587147396e-04 9.850255937539893e-01
3.279029001924546e-04 9.844457012035324e-01
3.407078984319536e-04 9.838435517041703e-01
3.540129470821606e-04 9.832183070704706e-01
3.678375737063420e-04 9.825690988557176e-01
3.822020684423349e-04 9.818950273674564e-01
3.971275137819903e-04 9.811951606603698e-01
4.126358155135406e-04 9.804685335068618e-01
4.287497348723017e-04 9.797141463458595e-01
4.454929219468996e-04 9.789309642104205e-01
4.628899503900490e-04 9.781179156349665e-01
4.809663534848294e-04 9.772738915430138e-01
4.997486616193922e-04 9.763977441165469e-01
5.192644412250998e-04 9.754882856483030e-01
5.395423352352451e-04 9.745442873784812e-01
5.606121051237321e-04 9.735644783176176e-01
5.825046745854169e-04 9.725475440576277e-01
6.052521749222188e-04 9.714921255732876e-01
6.288879922016120e-04 9.703968180167626e-01
6.534468162567126e-04 9.692601695080890e-01
6.789646915998777e-04 9.680806799249514e-01
7.054790703245417e-04 9.668567996954405e-01
7.330288670729299e-04 9.655869285979648e-01
7.616545161503295e-04 9.642694145729845e-01
7.913980308697395e-04 9.629025525517350e-01
8.223030652139985e-04 9.614845833077376e-01
8.544149779058953e-04 9.600136923375073e-01
8.877808989802900e-04 9.584880087775703e-01
9.224497989559574e-04 9.569056043656891e-01
9.584725607086727e-04 9.552644924549921e-01
9.959020541510277e-04 9.535626270906519e-01
1.034793213828581e-03 9.517979021597189e-01
1.075203119546229e-03 9.499681506258089e-01
1.117191080143139e-03 9.480711438615341e-01
1.160818720539184e-03 9.461045910928366e-01
1.206150072180654e-03 9.440661389707820e-01
1.253251667017966e-03 9.419533712879069e-01
1.302192635153336e-03 9.397638088578828e-01
1.353044806301686e-03 9.374949095790258e-01
1.405882815213737e-03 9.351440687042140e-01
1.460784211215992e-03 9.327086193418487e-01
1.517829572028385e-03 9.301858332148896e-01
1.577102622026649e-03 9.275729217074929e-01
1.638690355122963e-03 9.248670372315517e-01
1.702683162445247e-03 9.220652749484618e-01
1.769174965002465e-03 9.191646748846775e-01
1.838263351530690e-03 9.161622244832147e-01
1.910049721722201e-03 9.130548616370878e-01
1.984639435047864e-03 9.098394782549277e-01
2.062141965391183e-03 9.065129244135608e-01
2.142671061721020e-03 9.030720131573567e-01
2.226344915038755e-03 8.995135260095457e-01
2.313286331844939e-03 8.958342192666219e-01
2.403622914380031e-03 8.920308311533672e-01
2.497487247903738e-03 8.881000899230168e-01
2.595017095287853e-03 8.840387229946783e-01
2.696355599208152e-03 8.798434672284110e-01
2.801651492232151e-03 8.755110804473607e-01
2.911059315111016e-03 8.710383543261483e-01
3.024739643596051e-03 8.664221287753876e-01
3.142859324112624e-03 8.616593079638188e-01
3.265591718637450e-03 8.567468781322146e-01
3.393116959138624e-03 8.516819273669631e-01
3.525622211951828e-03 8.464616675162815e-01
3.663301952480762e-03 8.410834584483557e-01
3.806358250624929e-03 8.355448348685173e-01
3.955001067353747e-03 8.298435359320284e-01
4.109448562862195e-03 8.239775379102224e-01
4.269927416760338e-03 8.179450901908643e-01
4.436673160766607e-03 8.117447549187857e-01
4.609930524393172e-03 8.053754506104298e-01
4.789953794130710e-03 7.988365001059000e-01
4.977007186659796e-03 7.921276832549834e-01
5.171365236636627e-03 7.852492947694074e-01
5.373313199622230e-03 7.782022077127901e-01
5.583147470746565e-03 7.709879431425382e-01
5.801176019721925e-03 7.636087464648131e-01
6.027718842844149e-03 7.560676711149100e-01
6.263108432645010e-03 7.483686702315154e-01
6.507690265885090e-03 7.405166970548025e-01
6.761823310603373e-03 7.325178148456224e-01
7.025880552967686e-03 7.243793171969737e-01
7.300249544699317e-03 7.161098596899365e-01
7.585332971875207e-03 7.077196039352440e-01
7.881549245942516e-03 6.992203751394236e-01
8.189333117813075e-03 6.906258344418666e-01
8.509136315938862e-03 6.819516673874397e-01
8.841428209305172e-03 6.732157900293770e-01
9.186696496314402e-03 6.644385743006128e-01
9.545447920571628e-03 6.556430944498656e-01
9.918209014622368e-03 6.468553965133095e-01
1.030552687273427e-02 6.381022226725199e-01
1.070796995385682e-02 6.293930948738384e-01
1.112612891593757e-02 6.207287875688926e-01
1.156061748281941e-02 6.121100262302958e-01
1.201207334499123e-02 6.035375376755264e-01
1.248115909551393e-02 5.950120496614187e-01
1.296856320249547e-02 5.865342904671443e-01
1.347500101954228e-02 5.781049884658839e-01
1.400121583566991e-02 5.697248716854683e-01
1.454797996621396e-02 5.613946673582670e-01
1.511609588634245e-02 5.531151014606411e-01
1.570639740883311e-02 5.448868982422935e-01
1.631975090784437e-02 5.367107797459097e-01
1.695705659047589e-02 5.285874653174673e-01
1.761924981798528e-02 5.205176711076600e-01
1.830730247859966e-02 5.125021095648860e-01
1.902222441393740e-02 5.045414889202867e-01
1.976506490113303e-02 4.966365126653671e-01
2.053691419284118e-02 4.887878790227121e-01
2.133890511737929e-02 4.809962804103956e-01
2.217221474135790e-02 4.732624029006665e-01
2.303806609723871e-02 4.655869256735337e-01
2.393772997835552e-02 4.579705204659059e-01
2.487252680403331e-02 4.504138510169499e-01
2.584382855754205e-02 4.429175725103687e-01
2.685306079973024e-02 4.354823310143159e-01
2.790170476129292e-02 4.281087629196846e-01
2.899129951674547e-02 4.207974943775295e-01
3.012344424329354e-02 4.135491407363989e-01
3.129980056791472e-02 4.063643059803754e-01
3.252209500609621e-02 3.992435821686231e-01
3.379212149580845e-02 3.921875488772769e-01
3.511174403043318e-02 3.851967726445021e-01
3.648289939451060e-02 3.782718064195678e-01
3.790760000632080e-02 3.714131890167922e-01
3.938793687147105e-02 3.646214445752218e-01
4.092608265182451e-02 3.578970820248946e-01
4.252429485427411e-02 3.512405945605752e-01
4.418491914404197e-02 3.446524591238119e-01
4.591039278736684e-02 3.381331358941911e-01
4.770324822863284e-02 3.316830677906464e-01
4.956611680718921e-02 3.253026799836807e-01
5.150173261931631e-02 3.189923794193494e-01
5.351293653100611e-02 3.127525543558432e-01
5.560268034744621e-02 3.065835739134947e-01
5.777403114532752e-02 3.004857876390233e-01
6.003017577433342e-02 2.944595250848116e-01
6.237442553441787e-02 2.885050954039936e-01
6.481022103573612e-02 2.826227869621090e-01
6.734113724836205e-02 2.768128669660606e-01
6.997088874920279e-02 2.710755811110866e-01
7.270333517381153e-02 2.654111532464282e-01
7.554248688110035e-02 2.598197850603594e-01
7.849251083926641e-02 2.543016557851999e-01
8.155773674157087e-02 2.488569219229164e-01
8.474266336094619e-02 2.434857169918729e-01
8.805196515275861e-02 2.381881512952690e-01
9.149049911541567e-02 2.329643117117638e-01
9.506331191888946e-02 2.278142615087488e-01
9.877564731161660e-02 2.227380401786984e-01
1.026329538166467e-01 2.177356632989897e-01
1.066408927283349e-01 2.128071224155408e-01
1.108053464213138e-01 2.079523849505868e-01
1.151324269839414e-01 2.031713941348650e-01
1.196284851888957e-01 1.984640689644463e-01
1.243001198140810e-01 1.938303041824097e-01
1.291541873275267e-01 1.892699702855173e-01
1.341978119504936e-01 1.847829135560039e-01
1.394383961135555e-01 1.803689561185615e-01
1.448836313210047e-01 1.760278960225533e-01
1.505415094395234e-01 1.717595073494583e-01
1.564203344276928e-01 1.675635403455020e-01
1.625287345235531e-01 1.634397215793960e-01
1.688756749081016e-01 1.593877541250683e-01
1.754704708633165e-01 1.554073177692244e-01
1.823228014440161e-01 1.514980692435520e-01
1.894427236836209e-01 1.476596424813324e-01
1.968406873546676e-01 1.438916488981957e-01
2.045275503057392e-01 1.401936776967144e-01
2.125145943973190e-01 1.365652961945004e-01
2.208135420599605e-01 1.330060501754272e-01
2.294365734990719e-01 1.295154642635741e-01
2.383963445715689e-01 1.260930423194490e-01
2.477060053606326e-01 1.227382678580132e-01
2.573792194758313e-01 1.194506044880033e-01
2.674301841069380e-01 1.162294963720049e-01
2.778736508608712e-01 1.130743687067058e-01
2.887249474123449e-01 1.099846282227239e-01
3.000000000000000e-01 1.069596637033688e-01
3.117153568010376e-01 1.039988465216674e-01
3.238882122186612e-01 1.011015311949525e-01
3.365364321179672e-01 9.826705595627908e-02
3.496785800473350e-01 9.549474334190160e-02
3.633339444837841e-01 9.278390079401870e-02
3.775225671423038e-01 9.013382127795269e-02
3.922652723906904e-01 8.754378391290792e-02
4.075836978130675e-01 8.501305461541553e-02
4.235003259669555e-01 8.254088675454416e-02
4.400385173804849e-01 8.012652181792711e-02
4.572225448381915e-01 7.776919008762449e-02
4.750776290057184e-01 7.546811132481092e-02
4.936299754456950e-01 7.322249546225480e-02
5.129068130791409e-01 7.103154330352225e-02
5.329364341488259e-01 6.889444722782018e-02
5.537482357432465e-01 6.681039189936495e-02
5.753727629421715e-01 6.477855498014096e-02
5.978417536470595e-01 6.279810784489812e-02
6.211881851621706e-01 6.086821629721309e-02
6.454463225947178e-01 5.898804128543030e-02
6.706517691451003e-01 5.715673961728328e-02
6.968415183610414e-01 5.537346467198882e-02
7.240540084322961e-01 5.363736710860198e-02
7.523291786056487e-01 5.194759556941782e-02
7.817085278029726e-01 5.030329737720813e-02
8.122351755283914e-01 4.870361922508920e-02
8.439539251539531e-01 4.714770785782459e-02
8.769113296766704e-01 4.563471074338792e-02
9.111557600434522e-01 4.416377673362485e-02
9.467374761442194e-01 4.273405671288298e-02
9.837087005773638e-01 4.134470423350668e-02
1.022123695295860e+00 3.999487613712770e-02
1.062038841246482e+00 3.868373316072349e-02
1.103512721119026e+00 3.741044052645871e-02
1.146606205327005e+00 3.617416851437167e-02
1.191382541345971e+00 3.497409301702566e-02
1.237907446540621e+00 3.380939607529480e-02
1.286249204616906e+00 3.267926639452156e-02
1.336478765840699e+00 3.158289984034249e-02
1.388669851170148e+00 3.051949991354714e-02
1.442899060454488e+00 2.948827820340595e-02
1.499245984858176e+00 2.848845481897262e-02
1.557793323675301e+00 2.751925879794183e-02
1.618627005705735e+00 2.657992849271714e-02
1.681836315371195e+00 2.566971193341886e-02
1.747514023756251e+00 2.478786716763918e-02
1.815756524766656e+00 2.393366257682551e-02
1.886663976604837e+00 2.310637716924871e-02
1.960340448770138e+00 2.230530084958667e-02
2.036894074799632e+00 2.152973466522471e-02
2.116437210973626e+00 2.077899102944501e-02
2.199086601218789e+00 2.005239392174426e-02
2.284963548450991e+00 1.934927906558222e-02
2.374194092609218e+00 1.866899408392737e-02
2.466909195641994e+00 1.801089863302043e-02
2.563244933717687e+00 1.737436451483338e-02
2.663342696940870e+00 1.675877576874978e-02
2.767349396867870e+00 1.616352874303816e-02
2.875417682126019e+00 1.558803214673268e-02
2.987706162453082e+00 1.503170708257151e-02
3.104379641485743e+00 1.449398706167596e-02
3.225609358638686e+00 1.397431800068304e-02
3.351573240429413e+00 1.347215820206596e-02
3.482456161617554e+00 1.298697831839859e-02
3.618450216541959e+00 1.251826130133409e-02
3.759755001053902e+00 1.206550233607927e-02
3.906577905460009e+00 1.162820876215401e-02
4.059134418905055e+00 1.120589998122793e-02
4.217648445641213e+00 1.079810735282691e-02
4.382352633647975e+00 1.040437407869827e-02
4.553488716085159e+00 1.002425507661658e-02
4.731307866079947e+00 9.657316844403437e-03
4.916071065368889e+00 9.303137314920872e-03
5.108049487335742e+00 8.961305702784611e-03
5.307524895007394e+00 8.631422343525968e-03
5.514790054592065e+00 8.313098525912069e-03
5.730149165166607e+00 8.005956318114103e-03
5.953918305143589e+00 7.709628388390804e-03
6.186425896173555e+00 7.423757820930980e-03
6.428013185163061e+00 7.147997927475030e-03
6.679034745116258e+00 6.882012055309424e-03
6.939858995534819e+00 6.625473392203022e-03
7.210868743140088e+00 6.378064768827169e-03
7.492461743711221e+00 6.139478459175088e-03
7.785051285863559e+00 5.909415979469692e-03
8.089066797624453e+00 5.687587886021456e-03
8.404954476696458e+00 5.473713572472232e-03
8.733177945333049e+00 5.267521066834075e-03
9.074218930788147e+00 5.068746828706249e-03
9.428577972337873e+00 4.877135547028458e-03
9.796775155912346e+00 4.692439938703229e-03
1.017935087741588e+01 4.514420548396003e-03
1.057686663585548e+01 4.342845549798486e-03
1.098990585744228e+01 4.177490548617297e-03
1.141907475187479e+01 4.018138387528684e-03
1.186500320206124e+01 3.864578953318416e-03
1.232834568858659e+01 3.716608986405876e-03
1.280978225028102e+01 3.574031892932062e-03
1.331001948229982e+01 3.436657559572403e-03
1.382979157317952e+01 3.304302171217957e-03
1.436986138239213e+01 3.176788031651698e-03
1.493102155997940e+01 3.053943387330627e-03
1.551409570990988e+01 2.935602254369844e-03
1.611993959886669e+01 2.821604248810144e-03
1.674944241223971e+01 2.711794420237939e-03
1.740352805916578e+01 2.606023088813493e-03
1.808315652853243e+01 2.504145685752097e-03
1.878932529793503e+01 2.406022597291931e-03
1.952307079765527e+01 2.311519012172228e-03
2.028546993181013e+01 2.220504772636088e-03
2.107764165890305e+01 2.132854228963679e-03
2.190074863409793e+01 2.048446097533493e-03
2.275599891562562e+01 1.967163322402136e-03
2.364464773782755e+01 1.888892940386355e-03
2.456799935343925e+01 1.813525949624851e-03
2.552740894781659e+01 1.740957181591980e-03
2.652428462791550e+01 1.671085176530247e-03
2.756008948894323e+01 1.603812062264081e-03
2.863634376171489e+01 1.539043436353228e-03
2.975462704386713e+01 1.476688251540426e-03
3.091658061820281e+01 1.416658704444923e-03
3.212390986157045e+01 1.358870127450377e-03
3.337838674781274e+01 1.303240883733353e-03
3.468185244845824e+01 1.249692265376411e-03
3.603622003497367e+01 1.198148394507889e-03
3.744347728654179e+01 1.148536127409111e-03
3.890568960748640e+01 1.100784961528287e-03
4.042500305862689e+01 1.054826945339463e-03
4.200364750700972e+01 1.010596590984080e-03
4.364393989864183e+01 9.680307896320554e-04
4.534828765902734e+01 9.270687294989786e-04
4.711919222649933e+01 8.876518164557801e-04
4.895925272353314e+01 8.497235971671462e-04
5.087116977142768e+01 8.132296846951277e-04
5.285774945395580e+01 7.781176865045337e-04
5.492190743579904e+01 7.443371348071231e-04
5.706667324181219e+01 7.118394191820295e-04
5.929519470339904e+01 6.805777214103930e-04
6.161074257852353e+01 6.505069524628657e-04
6.401671535213781e+01 6.215836915793170e-04
6.651664422407377e+01 5.937661273808600e-04
6.911419829171611e+01 5.670140009551813e-04
7.181318993506650e+01 5.412885508569906e-04
7.461758041209994e+01 5.165524599663768e-04
7.753148567262615e+01 4.927698041487898e-04
8.055918239919079e+01 4.699060026613318e-04
8.370511428387876e+01 4.479277702510988e-04
8.697389855023633e+01 4.268030708922516e-04
9.037033272988069e+01 4.065010731095911e-04
9.389940170374416e+01 3.869921068373857e-04
9.756628501828874e+01 3.682476217632350e-04
1.013763644874253e+02 3.502401471077854e-04
1.053352320912994e+02 3.329432527920779e-04
1.094486981835319e+02 3.163315119453277e-04
1.137228000189624e+02 3.003804647068737e-04
1.181638106144130e+02 2.850665832769681e-04
1.227782479554735e+02 2.703672381720061e-04
1.275728845628223e+02 2.562606656406339e-04
1.325547574321261e+02 2.427259361980122e-04
1.377311783621005e+02 2.297429242363095e-04
1.431097446858984e+02 2.172922786702017e-04
1.486983504215677e+02 2.053553945768629e-04
1.545051978579489e+02 1.939143857905245e-04
1.605388095930185e+02 1.829520584122263e-04
1.668080410423387e+02 1.724518851958750e-04
1.733220934359824e+02 1.623979807720721e-04
1.800905273230004e+02 1.527750776715036e-04
1.871232766032536e+02 1.435685031098402e-04
1.944306631072082e+02 1.347641564961772e-04
2.020234117450861e+02 1.263484876269831e-04
2.099126662476082e+02 1.183084755273073e-04
2.181100055214347e+02 1.106316079006175e-04
2.266274606433011e+02 1.033058611480763e-04
2.354775325177990e+02 9.631968091726193e-05
2.446732102247126e+02 8.966196313931081e-05
2.542279900828385e+02 8.332203551212216e-05
2.641558954582760e+02 7.728963938559307e-05
2.744714973462470e+02 7.155491200280536e-05
2.851899357566681e+02 6.610836904854354e-05
2.963269419348499e+02 6.094088745347297e-05
3.078988614499402e+02 5.604368839858127e-05
3.199226781850051e+02 5.140832045999809e-05
3.324160392639413e+02 4.702664282889877e-05
3.453972809518240e+02 4.289080853464183e-05
3.588854555666874e+02 3.899324759139236e-05
3.729003594422430e+02 3.532664997888619e-05
3.874625619825798e+02 3.188394835632985e-05
4.025934358514808e+02 2.865830039419989e-05
4.183151883406666e+02 2.564307059123063e-05
4.346508939630145e+02 2.283181142232867e-05
4.516245283185701e+02 2.021824363639426e-05
4.692610032830780e+02 1.779623548955042e-05
4.875862035706593e+02 1.555978065709117e-05
5.066270247243048e+02 1.350297451378054e-05
5.264114125899501e+02 1.161998840319189e-05
5.469684043320484e+02 9.905041427256662e-06
5.683281710508622e+02 8.352369169541939e-06
5.905220620640032e+02 6.956188609115728e-06
6.135826509172174e+02 5.710658270138791e-06
6.375437831919577e+02 4.609832361482822e-06
6.624406261798814e+02 3.647607253756656e-06
6.883097204972150e+02 2.817658059927881e-06
7.151890337147074e+02 2.113362236014648e-06
7.431180160818978e+02 1.527705842421189e-06
7.721376584274933e+02 1.053166130779102e-06
8.022905523208140e+02 6.815609499464671e-07
8.336209525826135e+02 4.038501537990094e-07
8.661748422370356e+02 2.098648320714998e-07
9.000000000000000e+02 8.792261367621368e-08
9.073881271871207e+02 6.995943041500919e-08
9.142304101409105e+02 5.567499338869269e-08
9.205671765275719e+02 4.431222332947381e-08
9.264357745540359e+02 3.527121466128539e-08
9.318707930942038e+02 2.807613482724820e-08
9.369042655519806e+02 2.234924860860037e-08
9.415658586626483e+02 1.779048526314157e-08
9.458830473453537e+02 1.416133242334003e-08
9.498812766372728e+02 1.127211772092843e-08
9.535841116638722e+02 8.971949980653628e-09
9.570133765291773e+02 7.140753225526548e-09
9.601892829446502e+02 5.682950882921832e-09
9.631305493548042e+02 4.522453504958195e-09
9.658545112616640e+02 3.598677736558934e-09
9.683772233983162e+02 2.863382213591642e-09
9.707135543537477e+02 2.278151345807071e-09
9.728772742066797e+02 1.812393412172710e-09
9.748811356849042e+02 1.441747263456459e-09
9.767369493284638e+02 1.146813869823681e-09
9.784556530996812e+02 9.121462642796656e-10
9.800473768503111e+02 7.254451170720862e-10
9.815215020257771e+02 5.769180088401612e-10
9.828867169583822e+02 4.587690569083310e-10
9.841510680753889e+02 3.647923630330418e-10
9.853220073237793e+02 2.900481632370971e-10
9.864064360912147e+02 2.306048628224833e-10
9.874107458820583e+02 1.833335620797716e-10
9.883408559882016e+02 1.457444020652637e-10
9.892022483767229e+02 1.158562286120697e-10
9.900000000000000e+02 9.209280016086622e-11
9.907388127187121e+02 7.320014121073173e-11
9.914230410140910e+02 5.818073980415765e-11
9.920567176527571e+02 4.624116138417299e-11
9.926435774554036e+02 3.675034786712656e-11
9.931870793094204e+02 2.920642589568918e-11
9.936904265551980e+02 2.321029066990941e-11
9.941565858662649e+02 1.844458436202135e-11
9.945883047345354e+02 1.465696912314920e-11
9.949881276637273e+02 1.164681861056572e-11
9.953584111663872e+02 9.254630381599545e-12
9.957013376529177e+02 7.353603646211671e-12
9.960189282944650e+02 5.842940105896966e-12
9.963130549354804e+02 4.642515801038268e-12
9.965854511261664e+02 3.688643721735389e-12
9.968377223398315e+02 2.930704139431396e-12
9.970713554353747e+02 2.328465162548374e-12
9.972877274206679e+02 1.849952279673799e-12
9.974881135684905e+02 1.469754518160222e-12
9.976736949328464e+02 1.167677820176007e-12
9.978455653099682e+02 9.276745221097849e-13
9.980047376850312e+02 7.369923727435934e-13
9.981521502025778e+02 5.854981022243013e-13
9.982886716958383e+02 4.651397641046984e-13
9.984151068075389e+02 3.695193995713781e-13
9.985322007323779e+02 2.935534010251230e-13
9.986406436091215e+02 2.332025876093145e-13
9.987410745882058e+02 1.852576918400627e-13
9.988340855988201e+02 1.471688881706617e-13
9.989202248376723e+02 1.169103255299332e-13
9.990000000000000e+02 9.287247945598778e-14
9.990738812718713e+02 7.377661317203919e-14
9.991423041014092e+02 5.860680858588568e-14
9.992056717652757e+02 4.655595960715428e-14
9.992643577455403e+02 3.698286058245787e-14
9.993187079309420e+02 2.937811118410647e-14
9.993690426555198e+02 2.333702688336142e-14
9.994156585866265e+02 1.853811594820907e-14
9.994588304734535e+02 1.472597940934695e-14
9.994988127663728e+02 1.169772528916470e-14
9.995358411166387e+02 9.292175027279470e-15
9.995701337652918e+02 7.381288356239872e-15
9.996018928294465e+02 5.863350745400572e-15
9.996313054935481e+02 4.657561190035940e-15
9.996585451126166e+02 3.699732546402271e-15
9.996837722339832e+02 2.938875749566543e-15
9.997071355435376e+02 2.334486239547954e-15
9.997287727420669e+02 1.854388255998595e-15
9.997488113568490e+02 1.473022326160602e-15
9.997673694932846e+02 1.170084839735289e-15
9.997845565309968e+02 9.294473302166323e-16
9.998004737685031e+02 7.382979599046919e-16
9.998152150202577e+02 5.864595259472297e-16
9.998288671695839e+02 4.658476955502435e-16
9.998415106807539e+02 3.700406391406885e-16
9.998532200732378e+02 2.939371573751831e-16
9.998640643609122e+02 2.334851067361328e-16
9.998741074588205e+02 1.854656692311843e-16
9.998834085598820e+02 1.473219835744645e-16
9.998920224837672e+02 1.170230160999363e-16
9.999000000000000e+02 9.295542516229673e-17
9.999073881271871e+02 7.383766273555926e-17
9.999142304101409e+02 5.865174049144355e-17
9.999205671765276e+02 4.658902791256834e-17
9.999264357745541e+02 3.700719690702289e-17
9.999318707930942e+02 2.939602074850641e-17
9.999369042655519e+02 2.335020650671126e-17
9.999415658586627e+02 1.854781456503816e-17
9.999458830473453e+02 1.473311625436137e-17
9.999498812766373e+02 1.170297690735076e-17
9.999535841116639e+02 9.296039330058540e-18
9.999570133765292e+02 7.384131775703551e-18
9.999601892829446e+02 5.865442944960351e-18
9.999631305493548e+02 4.659100613929588e-18
9.999658545112617e+02 3.700865225291841e-18
9.999683772233983e+02 2.939709141609011e-18
9.999707135543538e+02 2.335099417146749e-18
9.999728772742067e+02 1.854839402957221e-18
9.999748811356849e+02 1.473354254990192e-18
9.999767369493284e+02 1.170329052005646e-18
9.999784556530997e+02 9.296270044614874e-19
9.999800473768503e+02 7.384301504479136e-19
9.999815215020258e+02 5.865567808232577e-19
9.999828867169583e+02 4.659192471187743e-19
9.999841510680753e+02 3.700932801071129e-19
9.999853220073238e+02 2.939758854311687e-19
9.999864064360912e+02 2.335135988726050e-19
9.999874107458820e+02 1.854866307097885e-19
9.999883408559882e+02 1.473374047165394e-19
9.999892022483767e+02 1.170343612204870e-19
9.999900000000000e+02 9.296377157359005e-20
9.999907388127187e+02 7.384380302207690e-20
9.999914230410141e+02 5.865625776128335e-20
9.999920567176528e+02 4.659235115258202e-20
9.999926435774554e+02 3.700964172248990e-20
9.999931870793095e+02 2.939781932538831e-20
9.999936904265552e+02 2.335152966219357e-20
9.999941565858662e+02 1.854878796600677e-20
9.999945883047345e+02 1.473383235047724e-20
9.999949881276638e+02 1.170350371210128e-20
9.999953584111664e+02 9.296426879878598e-21
9.999957013376529e+02 7.384416880706102e-21
9.999960189282945e+02 5.865652684908024e-21
9.999963130549355e+02 4.659254910496612e-21
9.999965854511262e+02 3.700978734538849e-21
9.999968377223398e+02 2.939792645343234e-21
9.999970713554353e+02 2.335160847176993e-21
9.999972877274207e+02 1.854884593955654e-21
9.999974881135685e+02 1.473387499968274e-21
9.999976736949328e+02 1.170353508748645e-21
9.999978455653101e+02 9.296449959567844e-22
9.999980047376851e+02 7.384433859649582e-22
9.999981521502026e+02 5.865665175263336e-22
9.999982886716958e+02 4.659264099428569e-22
9.999984151068076e+02 3.700985494056499e-22
9.999985322007324e+02 2.939797617983498e-22
9.999986406436091e+02 2.335164505423769e-22
9.999987410745882e+02 1.854887284982333e-22
9.999988340855989e+02 1.473389479284297e-22
9.999989202248377e+02 1.170354965070177e-22
9.999990000000000e+02 9.296460673454401e-23
