# alpha = 3.8
# Lmin  = 0.01
# Lmax  = 1000
# tau   = 1
# V1    = 0.1
# V2    = 1
# c     = 1
# xi_min = 0.01
# xi_max = 1000
# DeltaFss = 1.340969626188695e-03
# D_c   = 1.985113883339898e-02
# u_c = D_c/(V2 tau) = 1.985113883339898e-02
# R(u_c) = 1.770513753718133e-01
# columns: u=t/tau, R(u)
1.000000000000000e-04 9.905048609228359e-01
1.039051189336793e-04 9.901352667364300e-01
1.079627374062204e-04 9.897513352160852e-01
1.121788107059891e-04 9.893525140997430e-01
1.165595266824449e-04 9.889382301665953e-01
1.211113148279280e-04 9.885078884670528e-01
1.258408557141013e-04 9.880608715265099e-01
1.307550907968968e-04 9.875965385221815e-01
1.358612326043559e-04 9.871142244323027e-01
1.411667753223186e-04 9.866132391569582e-01
1.466795057934949e-04 9.860928666098375e-01
1.524075149460639e-04 9.855523637801860e-01
1.583592096685727e-04 9.849909597642472e-01
1.645433251485650e-04 9.844078547654961e-01
1.709689376930471e-04 9.838022190629644e-01
1.776454780496086e-04 9.831731919469844e-01
1.845827452477489e-04 9.825198806217069e-01
1.917909209807237e-04 9.818413590737380e-01
1.992805845490198e-04 9.811366669063094e-01
2.070627283873903e-04 9.804048081384015e-01
2.151487741982391e-04 9.796447499682924e-01
2.235505897150335e-04 9.788554215010433e-01
2.322805061203469e-04 9.780357124394987e-01
2.413513361440986e-04 9.771844717384185e-01
2.507763928685497e-04 9.763005062214523e-01
2.605695092676574e-04 9.753825791607348e-01
2.707450585094638e-04 9.744294088189653e-01
2.813179750513180e-04 9.734396669539523e-01
2.923037765588901e-04 9.724119772856988e-01
3.037185866811508e-04 9.713449139262508e-01
3.155791587147396e-04 9.702369997726582e-01
3.279029001924546e-04 9.690867048635678e-01
3.407078984319536e-04 9.678924447001345e-01
3.540129470821606e-04 9.666525785321487e-01
3.678375737063420e-04 9.653654076104766e-01
3.822020684423349e-04 9.640291734071684e-01
3.971275137819903e-04 9.626420558048482e-01
4.126358155135406e-04 9.612021712572906e-01
4.287497348723017e-04 9.597075709234220e-01
4.454929219468996e-04 9.581562387773379e-01
4.628899503900490e-04 9.565460896973168e-01
4.809663534848294e-04 9.548749675372502e-01
4.997486616193922e-04 9.531406431843826e-01
5.192644412250998e-04 9.513408126077648e-01
5.395423352352451e-04 9.494730949024192e-01
5.606121051237321e-04 9.475350303348098e-01
5.825046745854169e-04 9.455240783959246e-01
6.052521749222188e-04 9.434376158690103e-01
6.288879922016120e-04 9.412729349198221e-01
6.534468162567126e-04 9.390272412181584e-01
6.789646915998777e-04 9.366976521004136e-01
7.054790703245417e-04 9.342811947839640e-01
7.330288670729299e-04 9.317748046453752e-01
7.616545161503295e-04 9.291753235756680e-01
7.913980308697395e-04 9.264794984273095e-01
8.223030652139985e-04 9.236839795690752e-01
8.544149779058953e-04 9.207853195666060e-01
8.877808989802900e-04 9.177799720082706e-01
9.224497989559574e-04 9.146642904979188e-01
9.584725607086727e-04 9.114345278382383e-01
9.959020541510277e-04 9.080868354307601e-01
1.034793213828581e-03 9.046172629210916e-01
1.075203119546229e-03 9.010217581207177e-01
1.117191080143139e-03 8.972961672397054e-01
1.160818720539184e-03 8.934362354679198e-01
1.206150072180654e-03 8.894376079459198e-01
1.253251667017966e-03 8.852958311705457e-01
1.302192635153336e-03 8.810063548844477e-01
1.353044806301686e-03 8.765645345033450e-01
1.405882815213737e-03 8.719656341398091e-01
1.460784211215992e-03 8.672048302877445e-01
1.517829572028385e-03 8.622772162376451e-01
1.577102622026649e-03 8.571778072990781e-01
1.638690355122963e-03 8.519015469138105e-01
1.702683162445247e-03 8.464433137505381e-01
1.769174965002465e-03 8.407979298804069e-01
1.838263351530690e-03 8.349601701414309e-01
1.910049721722201e-03 8.289247728096286e-01
1.984639435047864e-03 8.226864517052546e-01
2.062141965391183e-03 8.162399098739822e-01
2.142671061721020e-03 8.095798549953518e-01
2.226344915038755e-03 8.027010166843985e-01
2.313286331844939e-03 7.955981658670886e-01
2.403622914380031e-03 7.882661364262669e-01
2.497487247903738e-03 7.806998493322462e-01
2.595017095287853e-03 7.728943394911526e-01
2.696355599208152e-03 7.648447855647892e-01
2.801651492232151e-03 7.565465430382352e-01
2.911059315111016e-03 7.479951808358323e-01
3.024739643596051e-03 7.391865218128241e-01
3.142859324112624e-03 7.301166874788378e-01
3.265591718637450e-03 7.207821473409396e-01
3.393116959138624e-03 7.111797732882972e-01
3.525622211951828e-03 7.013068994778509e-01
3.663301952480762e-03 6.911613882211471e-01
3.806358250624929e-03 6.807417024168021e-01
3.955001067353747e-03 6.700469851214536e-01
4.109448562862195e-03 6.590771469047668e-01
4.269927416760338e-03 6.478329616915278e-01
4.436673160766607e-03 6.363161718565995e-01
4.609930524393172e-03 6.245296034069153e-01
4.789953794130710e-03 6.124772921594022e-01
4.977007186659796e-03 6.001646219052839e-01
5.171365236636627e-03 5.875984756403265e-01
5.373313199622230e-03 5.747874010379683e-01
5.583147470746565e-03 5.617417914487410e-01
5.801176019721925e-03 5.484740838258451e-01
6.027718842844149e-03 5.349989751041982e-01
6.263108432645010e-03 5.213336586997765e-01
6.507690265885090e-03 5.074980829489661e-01
6.761823310603373e-03 4.935152334751358e-01
7.025880552967686e-03 4.794114416534042e-01
7.300249544699317e-03 4.652167215461888e-01
7.585332971875207e-03 4.509651379035239e-01
7.881549245942516e-03 4.366952080654067e-01
8.189333117813075e-03 4.224503408709311e-01
8.509136315938862e-03 4.082793159733167e-01
8.841428209305172e-03 3.942368072841096e-01
9.186696496314402e-03 3.803839546270996e-01
9.545447920571628e-03 3.667889880765968e-01
9.918209014622368e-03 3.535279098898669e-01
1.030552687273427e-02 3.406766400450284e-01
1.070796995385682e-02 3.282515870739265e-01
1.112612891593757e-02 3.162398268425051e-01
1.156061748281941e-02 3.046286516965603e-01
1.201207334499123e-02 2.934057297995878e-01
1.248115909551393e-02 2.825590938467952e-01
1.296856320249547e-02 2.720771301271193e-01
1.347500101954228e-02 2.619485679227913e-01
1.400121583566991e-02 2.521624692363093e-01
1.454797996621396e-02 2.427082188349594e-01
1.511609588634245e-02 2.335755146033188e-01
1.570639740883311e-02 2.247543581944446e-01
1.631975090784437e-02 2.162350459707193e-01
1.695705659047589e-02 2.080081602255890e-01
1.761924981798528e-02 2.000645606776621e-01
1.830730247859966e-02 1.923953762289036e-01
1.902222441393740e-02 1.849919969788687e-01
1.976506490113303e-02 1.778460664871729e-01
2.053691419284118e-02 1.709494742765906e-01
2.133890511737929e-02 1.642943485694068e-01
2.217221474135790e-02 1.578730492498466e-01
2.303806609723871e-02 1.516781610456053e-01
2.393772997835552e-02 1.457024869217049e-01
2.487252680403331e-02 1.399390416800824e-01
2.584382855754205e-02 1.343810457585088e-01
2.685306079973024e-02 1.290219192226047e-01
2.790170476129292e-02 1.238552759449080e-01
2.899129951674547e-02 1.188749179650968e-01
3.012344424329354e-02 1.140748300256539e-01
3.129980056791472e-02 1.094491742774071e-01
3.252209500609621e-02 1.049922851495367e-01
3.379212149580845e-02 1.006986643787944e-01
3.511174403043318e-02 9.656297619282499e-02
3.648289939451060e-02 9.258004264262189e-02
3.790760000632080e-02 8.874483907928976e-02
3.938793687147105e-02 8.505248977042607e-02
4.092608265182451e-02 8.149826365155931e-02
4.252429485427411e-02 7.807757020821821e-02
4.418491914404197e-02 7.478595548432938e-02
4.591039278736684e-02 7.161909821276562e-02
4.770324822863284e-02 6.857280606398672e-02
4.956611680718921e-02 6.564301200883542e-02
5.150173261931631e-02 6.282577079166414e-02
5.351293653100611e-02 6.011725551008287e-02
5.560268034744621e-02 5.751375429773014e-02
5.777403114532752e-02 5.501166710657483e-02
6.003017577433342e-02 5.260750258536628e-02
6.237442553441787e-02 5.029787505095092e-02
6.481022103573612e-02 4.807950154927907e-02
6.734113724836205e-02 4.594919900302340e-02
6.997088874920279e-02 4.390388144282749e-02
7.270333517381153e-02 4.194055731930364e-02
7.554248688110035e-02 4.005632689298693e-02
7.849251083926641e-02 3.824837969955026e-02
8.155773674157087e-02 3.651399208767240e-02
8.474266336094619e-02 3.485052482704021e-02
8.805196515275861e-02 3.325542078405378e-02
9.149049911541567e-02 3.172620266288773e-02
9.506331191888946e-02 3.026047080964395e-02
9.877564731161660e-02 2.885590107741480e-02
1.026329538166467e-01 2.751024275015274e-02
1.066408927283349e-01 2.622131652332196e-02
1.108053464213138e-01 2.498701253938285e-02
1.151324269839414e-01 2.380528847623404e-02
1.196284851888957e-01 2.267416768680970e-02
1.243001198140810e-01 2.159173738809968e-02
1.291541873275267e-01 2.055614689792960e-02
1.341978119504936e-01 1.956560591790383e-02
1.394383961135555e-01 1.861838286098007e-02
1.448836313210047e-01 1.771280322220710e-02
1.505415094395234e-01 1.684724799121906e-02
1.564203344276928e-01 1.602015210513788e-02
1.625287345235531e-01 1.523000294059451e-02
1.688756749081016e-01 1.447533884363441e-02
1.754704708633165e-01 1.375474769632651e-02
1.823228014440161e-01 1.306686551894772e-02
1.894427236836209e-01 1.241037510666375e-02
1.968406873546676e-01 1.178400469967662e-02
2.045275503057392e-01 1.118652668585461e-02
2.125145943973190e-01 1.061675633490557e-02
2.208135420599605e-01 1.007355056319684e-02
2.294365734990719e-01 9.555806728366074e-03
2.383963445715689e-01 9.062461452906574e-03
2.477060053606326e-01 8.592489475947802e-03
2.573792194758313e-01 8.144902532487815e-03
2.674301841069380e-01 7.718748259367914e-03
2.778736508608712e-01 7.313109127312430e-03
2.887249474123449e-01 6.927101398387266e-03
3.000000000000000e-01 6.559874108259837e-03
3.117153568010376e-01 6.210608072670681e-03
3.238882122186612e-01 5.878514917553272e-03
3.365364321179672e-01 5.562836132263090e-03
3.496785800473350e-01 5.262842145400408e-03
3.633339444837841e-01 4.977831422733226e-03
3.775225671423038e-01 4.707129586747343e-03
3.922652723906904e-01 4.450088557370169e-03
4.075836978130675e-01 4.206085713433094e-03
4.235003259669555e-01 3.974523074454100e-03
4.400385173804849e-01 3.754826502338890e-03
4.572225448381915e-01 3.546444922613325e-03
4.750776290057184e-01 3.348849564814171e-03
4.936299754456950e-01 3.161533221678516e-03
5.129068130791409e-01 2.984009526783981e-03
5.329364341488259e-01 2.815812250303771e-03
5.537482357432465e-01 2.656494612550762e-03
5.753727629421715e-01 2.505628614994994e-03
5.978417536470595e-01 2.362804388447994e-03
6.211881851621706e-01 2.227629558115697e-03
6.454463225947178e-01 2.099728625229809e-03
6.706517691451003e-01 1.978742364974541e-03
6.968415183610414e-01 1.864327240432184e-03
7.240540084322961e-01 1.756154832277433e-03
7.523291786056487e-01 1.653911283955572e-03
7.817085278029726e-01 1.557296762085007e-03
8.122351755283914e-01 1.466024931829115e-03
8.439539251539531e-01 1.379822446986487e-03
8.769113296766704e-01 1.298428454552560e-03
9.111557600434522e-01 1.221594113508774e-03
9.467374761442194e-01 1.149082127598341e-03
9.837087005773638e-01 1.080666291850419e-03
1.022123695295860e+00 1.016131052616417e-03
1.062038841246482e+00 9.552710808842925e-04
1.103512721119026e+00 8.978908586380516e-04
1.146606205327005e+00 8.438042780309713e-04
1.191382541345971e+00 7.928342531420988e-04
1.237907446540621e+00 7.448123440861669e-04
1.286249204616906e+00 6.995783932476977e-04
1.336478765840699e+00 6.569801734102276e-04
1.388669851170148e+00 6.168730475517326e-04
1.442899060454488e+00 5.791196400772804e-04
1.499245984858176e+00 5.435895192596841e-04
1.557793323675301e+00 5.101588906586939e-04
1.618627005705735e+00 4.787103012888293e-04
1.681836315371195e+00 4.491323543055268e-04
1.747514023756251e+00 4.213194339788631e-04
1.815756524766656e+00 3.951714407236032e-04
1.886663976604837e+00 3.705935359539202e-04
1.960340448770138e+00 3.474958965308050e-04
2.036894074799632e+00 3.257934785698239e-04
2.116437210973626e+00 3.054057903767921e-04
2.199086601218789e+00 2.862566742788243e-04
2.284963548450991e+00 2.682740971183418e-04
2.374194092609218e+00 2.513899491779340e-04
2.466909195641994e+00 2.355398513043681e-04
2.563244933717687e+00 2.206629700007704e-04
2.663342696940870e+00 2.067018402568644e-04
2.767349396867870e+00 1.936021958882482e-04
2.875417682126019e+00 1.813128071570826e-04
2.987706162453082e+00 1.697853254481186e-04
3.104379641485743e+00 1.589741347758376e-04
3.225609358638686e+00 1.488362099005792e-04
3.351573240429413e+00 1.393309808338283e-04
3.482456161617554e+00 1.304202035154349e-04
3.618450216541959e+00 1.220678364483250e-04
3.759755001053902e+00 1.142399230793075e-04
3.906577905460009e+00 1.069044797178443e-04
4.059134418905055e+00 1.000313887881023e-04
4.217648445641213e+00 9.359229721329423e-05
4.382352633647975e+00 8.756051973514897e-05
4.553488716085159e+00 8.191094697537882e-05
4.731307866079947e+00 7.661995805019844e-05
4.916071065368889e+00 7.166533755325558e-05
5.108049487335742e+00 6.702619672678981e-05
5.307524895007394e+00 6.268289864538095e-05
5.514790054592065e+00 5.861698724129355e-05
5.730149165166607e+00 5.481112000514954e-05
5.953918305143589e+00 5.124900420043537e-05
6.186425896173555e+00 4.791533643517481e-05
6.428013185163061e+00 4.479574543895634e-05
6.679034745116258e+00 4.187673789836201e-05
6.939858995534819e+00 3.914564720871856e-05
7.210868743140088e+00 3.659058500493868e-05
7.492461743711221e+00 3.420039533904575e-05
7.785051285863559e+00 3.196461137676677e-05
8.089066797624453e+00 2.987341449030813e-05
8.404954476696458e+00 2.791759562911270e-05
8.733177945333049e+00 2.608851885500054e-05
9.074218930788147e+00 2.437808693262557e-05
9.428577972337873e+00 2.277870887062805e-05
9.796775155912346e+00 2.128326931321154e-05
1.017935087741588e+01 1.988509968612819e-05
1.057686663585548e+01 1.857795100520887e-05
1.098990585744228e+01 1.735596825961400e-05
1.141907475187479e+01 1.621366628591612e-05
1.186500320206124e+01 1.514590705294110e-05
1.232834568858659e+01 1.414787828099526e-05
1.280978225028102e+01 1.321507332269114e-05
1.331001948229982e+01 1.234327223604554e-05
1.382979157317952e+01 1.152852398387033e-05
1.436986138239213e+01 1.076712969669992e-05
1.493102155997940e+01 1.005562693960462e-05
1.551409570990988e+01 9.390774926228136e-06
1.611993959886669e+01 8.769540626255623e-06
1.674944241223971e+01 8.189085715275576e-06
1.740352805916578e+01 7.646754318639058e-06
1.808315652853243e+01 7.140061503449726e-06
1.878932529793503e+01 6.666682475239784e-06
1.952307079765527e+01 6.224442438200497e-06
2.028546993181013e+01 5.811307080046263e-06
2.107764165890305e+01 5.425373644701673e-06
2.190074863409793e+01 5.064862558010928e-06
2.275599891562562e+01 4.728109573586737e-06
2.364464773782755e+01 4.413558407739134e-06
2.456799935343925e+01 4.119753834160541e-06
2.552740894781659e+01 3.845335210693672e-06
2.652428462791550e+01 3.589030412075360e-06
2.756008948894323e+01 3.349650144038163e-06
2.863634376171489e+01 3.126082615562802e-06
2.975462704386713e+01 2.917288547412985e-06
3.091658061820281e+01 2.722296496352993e-06
3.212390986157045e+01 2.540198475649017e-06
3.337838674781274e+01 2.370145853592874e-06
3.468185244845824e+01 2.211345512862109e-06
3.603622003497367e+01 2.063056254547623e-06
3.744347728654179e+01 1.924585431641656e-06
3.890568960748640e+01 1.795285797686749e-06
4.042500305862689e+01 1.674552557143987e-06
4.200364750700972e+01 1.561820604848350e-06
4.364393989864183e+01 1.456561942682261e-06
4.534828765902734e+01 1.358283262318925e-06
4.711919222649933e+01 1.266523683565662e-06
4.895925272353314e+01 1.180852638477205e-06
5.087116977142768e+01 1.100867892011729e-06
5.285774945395580e+01 1.026193690569614e-06
5.492190743579904e+01 9.564790302894049e-07
5.706667324181219e+01 8.913960374780178e-07
5.929519470339904e+01 8.306384540252390e-07
6.161074257852353e+01 7.739202210974679e-07
6.401671535213781e+01 7.209741548238019e-07
6.651664422407377e+01 6.715507080807175e-07
6.911419829171611e+01 6.254168128511150e-07
7.181318993506650e+01 5.823547979804587e-07
7.461758041209994e+01 5.421613774788486e-07
7.753148567262615e+01 5.046467048239268e-07
8.055918239919079e+01 4.696334890068985e-07
8.370511428387876e+01 4.369561683337799e-07
8.697389855023633e+01 4.064601382470017e-07
9.037033272988069e+01 3.780010296701045e-07
9.389940170374416e+01 3.514440346009657e-07
9.756628501828874e+01 3.266632758879522e-07
1.013763644874253e+02 3.035412183193285e-07
1.053352320912994e+02 2.819681183398679e-07
1.094486981835319e+02 2.618415098808297e-07
1.137228000189624e+02 2.430657239507751e-07
1.181638106144130e+02 2.255514397858881e-07
1.227782479554735e+02 2.092152655001354e-07
1.275728845628223e+02 1.939793463082582e-07
1.325547574321261e+02 1.797709985188646e-07
1.377311783621005e+02 1.665223676112877e-07
1.431097446858984e+02 1.541701088187981e-07
1.486983504215677e+02 1.426550887428063e-07
1.545051978579489e+02 1.319221066181421e-07
1.605388095930185e+02 1.219196339388624e-07
1.668080410423387e+02 1.125995712376731e-07
1.733220934359824e+02 1.039170208902435e-07
1.800905273230004e+02 9.583007488890201e-08
1.871232766032536e+02 8.829961659861299e-08
1.944306631072082e+02 8.128913557212905e-08
2.020234117450861e+02 7.476455456103920e-08
2.099126662476082e+02 6.869406791532480e-08
2.181100055214347e+02 6.304799061626888e-08
2.266274606433011e+02 5.779861723634921e-08
2.354775325177990e+02 5.292009016527250e-08
2.446732102247126e+02 4.838827648380805e-08
2.542279900828385e+02 4.418065290669365e-08
2.641558954582760e+02 4.027619825280246e-08
2.744714973462470e+02 3.665529293513134e-08
2.851899357566681e+02 3.329962499510619e-08
2.963269419348499e+02 3.019210223536331e-08
3.078988614499402e+02 2.731677003262438e-08
3.199226781850051e+02 2.465873443765461e-08
3.324160392639413e+02 2.220409019264649e-08
3.453972809518240e+02 1.993985331774869e-08
3.588854555666874e+02 1.785389793791658e-08
3.729003594422430e+02 1.593489703878069e-08
3.874625619825798e+02 1.417226685580048e-08
4.025934358514808e+02 1.255611461452791e-08
4.183151883406666e+02 1.107718935122054e-08
4.346508939630145e+02 9.726835552146325e-09
4.516245283185701e+02 8.496949356436911e-09
4.692610032830780e+02 7.379937070874160e-09
4.875862035706593e+02 6.368675744995086e-09
5.066270247243048e+02 5.456475550571246e-09
5.264114125899501e+02 4.637043699755558e-09
5.469684043320484e+02 3.904449619399153e-09
5.683281710508622e+02 3.253091072927215e-09
5.905220620640032e+02 2.677660882386898e-09
6.135826509172174e+02 2.173113846871508e-09
6.375437831919577e+02 1.734633371988194e-09
6.624406261798814e+02 1.357597206791849e-09
6.883097204972150e+02 1.037541511338326e-09
7.151890337147074e+02 7.701222199277762e-10
7.431180160818978e+02 5.510722721767572e-10
7.721376584274933e+02 3.761526691085791e-10
8.022905523208140e+02 2.410943159708413e-10
8.336209525826135e+02 1.415259343481107e-10
8.661748422370356e+02 7.288034766541687e-11
9.000000000000000e+02 3.026582049527784e-11
9.073881271871207e+02 2.403809626334874e-11
9.142304101409105e+02 1.909792045478078e-11
9.205671765275719e+02 1.517696109617431e-11
9.264357745540359e+02 1.206352525566433e-11
9.318707930942038e+02 9.590371296924787e-12
9.369042655519806e+02 7.625216993957262e-12
9.415658586626483e+02 6.063324682748317e-12
9.458830473453537e+02 4.821693428232625e-12
9.498812766372728e+02 3.834499225692900e-12
9.535841116638722e+02 3.049507687816954e-12
9.570133765291773e+02 2.425246752603982e-12
9.601892829446502e+02 1.928774921860314e-12
9.631305493548042e+02 1.533917216960740e-12
9.658545112616640e+02 1.219869213453217e-12
9.683772233983162e+02 9.700912544906501e-13
9.707135543537477e+02 7.714317817955197e-13
9.728772742066797e+02 6.134318128096423e-13
9.748811356849042e+02 4.877728010432664e-13
9.767369493284638e+02 3.878381005632357e-13
9.784556530996812e+02 3.083645156740457e-13
9.800473768503111e+02 2.451653364142135e-13
9.815215020257771e+02 1.949101342641588e-13
9.828867169583822e+02 1.549496480678347e-13
9.841510680753889e+02 1.231765040694677e-13
9.853220073237793e+02 9.791442343061959e-14
9.864064360912147e+02 7.783008274206864e-14
9.874107458820583e+02 6.186299170981361e-14
9.883408559882016e+02 4.916970314222018e-14
9.892022483767229e+02 3.907942531005911e-14
9.900000000000000e+02 3.105870643612169e-14
9.907388127187121e+02 2.468333765195481e-14
9.914230410140910e+02 1.961599965319811e-14
9.920567176527571e+02 1.558847960801210e-14
9.926435774554036e+02 1.238752456444954e-14
9.931870793094204e+02 9.843588303471040e-15
9.936904265551980e+02 7.821880328570859e-15
9.941565858662649e+02 6.215246440232346e-15
9.945883047345354e+02 4.938506447174472e-15
9.949881276637273e+02 3.923951052191438e-15
9.953584111663872e+02 3.117760823455906e-15
9.957013376529177e+02 2.477158608757677e-15
9.960189282944650e+02 1.968145305957633e-15
9.963130549354804e+02 1.563699585957246e-15
9.965854511261664e+02 1.242346581020643e-15
9.968377223398315e+02 9.870199800416207e-16
9.970713554353747e+02 7.841574312107918e-16
9.972877274206679e+02 6.229814518508279e-16
9.974881135684905e+02 4.949278300127734e-16
9.976736949328464e+02 3.931912862768230e-16
9.978455653099682e+02 3.123643558143917e-16
9.980047376850312e+02 2.481503754993620e-16
9.981521502025778e+02 1.971353776408346e-16
9.982886716958383e+02 1.566068068330936e-16
9.984151068075389e+02 1.244094534694504e-16
9.985322007323779e+02 9.883096714284135e-17
9.986406436091215e+02 7.851087928142065e-17
9.987410745882058e+02 6.236830954990716e-17
9.988340855988201e+02 4.954452049683933e-17
9.989202248376723e+02 3.935727192124543e-17
9.990000000000000e+02 3.126455204231294e-17
9.990738812718713e+02 2.483575985437708e-17
9.991423041014092e+02 1.972880833381474e-17
9.992056717652757e+02 1.567193234638677e-17
9.992643577455403e+02 1.244923481457531e-17
9.993187079309420e+02 9.889203164846422e-18
9.993690426555198e+02 7.855585798033767e-18
9.994156585866265e+02 6.240143669853888e-18
9.994588304734535e+02 4.956891676444211e-18
9.994988127663728e+02 3.937523694095013e-18
9.995358411166387e+02 3.127778020682734e-18
9.995701337652918e+02 2.484549946208390e-18
9.996018928294465e+02 1.973597893481662e-18
9.996313054935481e+02 1.567721125235106e-18
9.996585451126166e+02 1.245312086545491e-18
9.996837722339832e+02 9.892063724370389e-19
9.997071355435376e+02 7.857691384510444e-19
9.997287727420669e+02 6.241693472064049e-19
9.997488113568490e+02 4.958032351570725e-19
9.997673694932846e+02 3.938363214901708e-19
9.997845565309968e+02 3.128395874806137e-19
9.998004737685031e+02 2.485004647873255e-19
9.998152150202577e+02 1.973932515318453e-19
9.998288671695839e+02 1.567967371752710e-19
9.998415106807539e+02 1.245493293511104e-19
9.998532200732378e+02 9.893397152052925e-20
9.998640643609122e+02 7.858672577849558e-20
9.998741074588205e+02 6.242415461700050e-20
9.998834085598820e+02 4.958563601894823e-20
9.998920224837672e+02 3.938754109757770e-20
9.999000000000000e+02 3.128683491270266e-20
9.999073881271871e+02 2.485216270008164e-20
9.999142304101409e+02 1.974088220285187e-20
9.999205671765276e+02 1.568081933160595e-20
9.999264357745541e+02 1.245577582156988e-20
9.999318707930942e+02 9.894017299721761e-21
9.999369042655519e+02 7.859128842425827e-21
9.999415658586627e+02 6.242751148503435e-21
9.999458830473453e+02 4.958810574115650e-21
9.999498812766373e+02 3.938935811211933e-21
9.999535841116639e+02 3.128817170983761e-21
9.999570133765292e+02 2.485314618933423e-21
9.999601892829446e+02 1.974160575692904e-21
9.999631305493548e+02 1.568135164788302e-21
9.999658545112617e+02 1.245616744272024e-21
9.999683772233983e+02 9.894305411059726e-22
9.999707135543538e+02 7.859340801708864e-22
9.999728772742067e+02 6.242907083237051e-22
9.999748811356849e+02 4.958925292062356e-22
9.999767369493284e+02 3.939020206563940e-22
9.999784556530997e+02 3.128879258424173e-22
9.999800473768503e+02 2.485360294913411e-22
9.999815215020258e+02 1.974194178110041e-22
9.999828867169583e+02 1.568159885016096e-22
9.999841510680753e+02 1.245634930094883e-22
9.999853220073238e+02 9.894439197393307e-23
9.999864064360912e+02 7.859439223375150e-23
9.999874107458820e+02 6.242979488220398e-23
9.999883408559882e+02 4.958978557430524e-23
9.999892022483767e+02 3.939059391616915e-23
9.999900000000000e+02 3.128908085216325e-23
9.999907388127187e+02 2.485381501494934e-23
9.999914230410141e+02 1.974209778883023e-23
9.999920567176528e+02 1.568171361754239e-23
9.999926435774554e+02 1.245643373002993e-23
9.999931870793095e+02 9.894501307896880e-24
9.999936904265552e+02 7.859484915090590e-24
9.999941565858662e+02 6.243013101460857e-24
9.999945883047345e+02 4.959003285015274e-24
9.999949881276638e+02 3.939077582364285e-24
9.999953584111664e+02 3.128921467205694e-24
9.999957013376529e+02 2.485391346023796e-24
9.999960189282945e+02 1.974217020953091e-24
9.999963130549355e+02 1.568176689343140e-24
9.999965854511262e+02 1.245647292232834e-24
9.999968377223398e+02 9.894530140074976e-25
9.999970713554353e+02 7.859506125727144e-25
9.999972877274207e+02 6.243028704183565e-25
9.999974881135685e+02 4.959014763552707e-25
9.999976736949328e+02 3.939086026648930e-25
9.999978455653101e+02 3.128927678785186e-25
9.999980047376851e+02 2.485395915682151e-25
9.999981521502026e+02 1.974220382596376e-25
9.999982886716958e+02 1.568179162458585e-25
9.999984151068076e+02 1.245649111486855e-25
9.999985322007324e+02 9.894543523346654e-26
9.999986406436091e+02 7.859515971560155e-26
9.999987410745882e+02 6.243035946788901e-26
9.999988340855989e+02 4.959020090464975e-26
9.999989202248377e+02 3.939089946331743e-26
9.999990000000000e+02 3.128930562459883e-26
