# alpha = 2
# Lmin  = 0.01
# Lmax  = 1000
# tau   = 1
# V1    = 0.1
# V2    = 1
# c     = 1
# xi_min = 0.01
# xi_max = 1000
# DeltaFss = 1.621780587736379e-01
# D_c   = 4.774825670808165e+01
# u_c = D_c/(V2 tau) = 4.774825670808165e+01
# R(u_c) = 2.284417375169915e-01
# columns: u=t/tau, R(u)
1.000000000000000e-04 9.998143103333315e-01
1.039051189336793e-04 9.998070677638147e-01
1.079627374062204e-04 9.997995430668349e-01
1.121788107059891e-04 9.997917252810157e-01
1.165595266824449e-04 9.997836030213890e-01
1.211113148279280e-04 9.997751644632118e-01
1.258408557141013e-04 9.997663973251739e-01
1.307550907968968e-04 9.997572888519868e-01
1.358612326043559e-04 9.997478257963137e-01
1.411667753223186e-04 9.997379944000531e-01
1.466795057934949e-04 9.997277803748960e-01
1.524075149460639e-04 9.997171688821992e-01
1.583592096685727e-04 9.997061445120998e-01
1.645433251485650e-04 9.996946912618594e-01
1.709689376930471e-04 9.996827925134258e-01
1.776454780496086e-04 9.996704310101719e-01
1.845827452477489e-04 9.996575888327831e-01
1.917909209807237e-04 9.996442473742745e-01
1.992805845490198e-04 9.996303873140971e-01
2.070627283873903e-04 9.996159885913176e-01
2.151487741982391e-04 9.996010303768303e-01
2.235505897150335e-04 9.995854910445713e-01
2.322805061203469e-04 9.995693481417091e-01
2.413513361440986e-04 9.995525783577740e-01
2.507763928685497e-04 9.995351574926968e-01
2.605695092676574e-04 9.995170604237172e-01
2.707450585094638e-04 9.994982610711374e-01
2.813179750513180e-04 9.994787323628767e-01
2.923037765588901e-04 9.994584461977966e-01
3.037185866811508e-04 9.994373734077612e-01
3.155791587147396e-04 9.994154837183933e-01
3.279029001924546e-04 9.993927457084930e-01
3.407078984319536e-04 9.993691267680792e-01
3.540129470821606e-04 9.993445930550212e-01
3.678375737063420e-04 9.993191094502170e-01
3.822020684423349e-04 9.992926395112902e-01
3.971275137819903e-04 9.992651454247565e-01
4.126358155135406e-04 9.992365879566336e-01
4.287497348723017e-04 9.992069264014555e-01
4.454929219468996e-04 9.991761185296530e-01
4.628899503900490e-04 9.991441205332651e-01
4.809663534848294e-04 9.991108869699498e-01
4.997486616193922e-04 9.990763707052661e-01
5.192644412250998e-04 9.990405228531769e-01
5.395423352352451e-04 9.990032927147737e-01
5.606121051237321e-04 9.989646277151607e-01
5.825046745854169e-04 9.989244733385051e-01
6.052521749222188e-04 9.988827730612028e-01
6.288879922016120e-04 9.988394682831622e-01
6.534468162567126e-04 9.987944982571791e-01
6.789646915998777e-04 9.987478000163847e-01
7.054790703245417e-04 9.986993082997782e-01
7.330288670729299e-04 9.986489554758213e-01
7.616545161503295e-04 9.985966714641087e-01
7.913980308697395e-04 9.985423836551276e-01
8.223030652139985e-04 9.984860168281124e-01
8.544149779058953e-04 9.984274930670300e-01
8.877808989802900e-04 9.983667316747232e-01
9.224497989559574e-04 9.983036490852658e-01
9.584725607086727e-04 9.982381587745729e-01
9.959020541510277e-04 9.981701711693455e-01
1.034793213828581e-03 9.980995935544243e-01
1.075203119546229e-03 9.980263299786557e-01
1.117191080143139e-03 9.979502811593756e-01
1.160818720539184e-03 9.978713443856519e-01
1.206150072180654e-03 9.977894134204384e-01
1.253251667017966e-03 9.977043784018013e-01
1.302192635153336e-03 9.976161257434368e-01
1.353044806301686e-03 9.975245380346993e-01
1.405882815213737e-03 9.974294939403896e-01
1.460784211215992e-03 9.973308681006059e-01
1.517829572028385e-03 9.972285310309693e-01
1.577102622026649e-03 9.971223490236005e-01
1.638690355122963e-03 9.970121840492460e-01
1.702683162445247e-03 9.968978936610158e-01
1.769174965002465e-03 9.967793309002307e-01
1.838263351530690e-03 9.966563442049525e-01
1.910049721722201e-03 9.965287773218109e-01
1.984639435047864e-03 9.963964692218248e-01
2.062141965391183e-03 9.962592540209889e-01
2.142671061721020e-03 9.961169609064637e-01
2.226344915038755e-03 9.959694140693044e-01
2.313286331844939e-03 9.958164326447716e-01
2.403622914380031e-03 9.956578306613482e-01
2.497487247903738e-03 9.954934169997133e-01
2.595017095287853e-03 9.953229953630690e-01
2.696355599208152e-03 9.951463642603110e-01
2.801651492232151e-03 9.949633170037221e-01
2.911059315111016e-03 9.947736417230122e-01
3.024739643596051e-03 9.945771213977120e-01
3.142859324112624e-03 9.943735339101201e-01
3.265591718637450e-03 9.941626521212152e-01
3.393116959138624e-03 9.939442439721868e-01
3.525622211951828e-03 9.937180726144742e-01
3.663301952480762e-03 9.934838965714968e-01
3.806358250624929e-03 9.932414699355488e-01
3.955001067353747e-03 9.929905426036666e-01
4.109448562862195e-03 9.927308605566509e-01
4.269927416760338e-03 9.924621661857734e-01
4.436673160766607e-03 9.921841986722001e-01
4.609930524393172e-03 9.918966944245604e-01
4.789953794130710e-03 9.915993875806545e-01
4.977007186659796e-03 9.912920105798306e-01
5.171365236636627e-03 9.909742948131887e-01
5.373313199622230e-03 9.906459713594133e-01
5.583147470746565e-03 9.903067718148285e-01
5.801176019721925e-03 9.899564292269898e-01
6.027718842844149e-03 9.895946791421014e-01
6.263108432645010e-03 9.892212607774281e-01
6.507690265885090e-03 9.888359183309832e-01
6.761823310603373e-03 9.884384024419098e-01
7.025880552967686e-03 9.880284718162458e-01
7.300249544699317e-03 9.876058950341642e-01
7.585332971875207e-03 9.871704525562898e-01
7.881549245942516e-03 9.867219389484128e-01
8.189333117813075e-03 9.862601653457302e-01
8.509136315938862e-03 9.857849621797966e-01
8.841428209305172e-03 9.852961821936091e-01
9.186696496314402e-03 9.847937037726942e-01
9.545447920571628e-03 9.842774346228070e-01
9.918209014622368e-03 9.837473158278247e-01
1.030552687273427e-02 9.832033005854320e-01
1.070796995385682e-02 9.826451735248807e-01
1.112612891593757e-02 9.820726290311333e-01
1.156061748281941e-02 9.814853567074230e-01
1.201207334499123e-02 9.808830419128456e-01
1.248115909551393e-02 9.802653658015681e-01
1.296856320249547e-02 9.796320053668780e-01
1.347500101954228e-02 9.789826334901830e-01
1.400121583566991e-02 9.783169189951232e-01
1.454797996621396e-02 9.776345267069275e-01
1.511609588634245e-02 9.769351175171371e-01
1.570639740883311e-02 9.762183484538532e-01
1.631975090784437e-02 9.754838727576248e-01
1.695705659047589e-02 9.747313399631128e-01
1.761924981798528e-02 9.739603959866632e-01
1.830730247859966e-02 9.731706832199042e-01
1.902222441393740e-02 9.723618406295019e-01
1.976506490113303e-02 9.715335038631907e-01
2.053691419284118e-02 9.706853053621803e-01
2.133890511737929e-02 9.698168744800780e-01
2.217221474135790e-02 9.689278376084084e-01
2.303806609723871e-02 9.680178183088474e-01
2.393772997835552e-02 9.670864374522589e-01
2.487252680403331e-02 9.661333133646429e-01
2.584382855754205e-02 9.651580619800584e-01
2.685306079973024e-02 9.641602970006186e-01
2.790170476129292e-02 9.631396300636342e-01
2.899129951674547e-02 9.620956709159501e-01
3.012344424329354e-02 9.610280275955664e-01
3.129980056791472e-02 9.599363066205681e-01
3.252209500609621e-02 9.588201131854255e-01
3.379212149580845e-02 9.576790513646870e-01
3.511174403043318e-02 9.565127243241053e-01
3.648289939451060e-02 9.553207345391940e-01
3.790760000632080e-02 9.541026840212428e-01
3.938793687147105e-02 9.528581745507688e-01
4.092608265182451e-02 9.515868079183968e-01
4.252429485427411e-02 9.502881861731449e-01
4.418491914404197e-02 9.489619118780627e-01
4.591039278736684e-02 9.476075883731934e-01
4.770324822863284e-02 9.462248200457708e-01
4.956611680718921e-02 9.448132126075829e-01
5.150173261931631e-02 9.433723733794160e-01
5.351293653100611e-02 9.419019115824554e-01
5.560268034744621e-02 9.404014386365331e-01
5.777403114532752e-02 9.388705684650712e-01
6.003017577433342e-02 9.373089178065703e-01
6.237442553441787e-02 9.357161065324663e-01
6.481022103573612e-02 9.340917579711581e-01
6.734113724836205e-02 9.324354992379994e-01
6.997088874920279e-02 9.307469615710213e-01
7.270333517381153e-02 9.290257806721258e-01
7.554248688110035e-02 9.272715970534863e-01
7.849251083926641e-02 9.254840563888497e-01
8.155773674157087e-02 9.236628098694316e-01
8.474266336094619e-02 9.218075145640516e-01
8.805196515275861e-02 9.199178337831461e-01
9.149049911541567e-02 9.179934374462790e-01
9.506331191888946e-02 9.160340024527085e-01
9.877564731161660e-02 9.140392130545981e-01
1.026329538166467e-01 9.120087612323763e-01
1.066408927283349e-01 9.099423470717718e-01
1.108053464213138e-01 9.078396791419736e-01
1.151324269839414e-01 9.057004748743988e-01
1.196284851888957e-01 9.035244609414514e-01
1.243001198140810e-01 9.013113736346940e-01
1.291541873275267e-01 8.990609592417750e-01
1.341978119504936e-01 8.967729744214551e-01
1.394383961135555e-01 8.944471865760402e-01
1.448836313210047e-01 8.920833742204846e-01
1.505415094395234e-01 8.896813273474362e-01
1.564203344276928e-01 8.872408477874250e-01
1.625287345235531e-01 8.847617495634019e-01
1.688756749081016e-01 8.822438592388003e-01
1.754704708633165e-01 8.796870162582590e-01
1.823228014440161e-01 8.770910732801407e-01
1.894427236836209e-01 8.744558964999420e-01
1.968406873546676e-01 8.717813659636874e-01
2.045275503057392e-01 8.690673758703698e-01
2.125145943973190e-01 8.663138348624972e-01
2.208135420599605e-01 8.635206663037918e-01
2.294365734990719e-01 8.606878085430759e-01
2.383963445715689e-01 8.578152151633794e-01
2.477060053606326e-01 8.549028552153033e-01
2.573792194758313e-01 8.519507134336828e-01
2.674301841069380e-01 8.489587904365861e-01
2.778736508608712e-01 8.459271029057239e-01
2.887249474123449e-01 8.428556837473351e-01
3.000000000000000e-01 8.397445822326709e-01
3.117153568010376e-01 8.365938641171918e-01
3.238882122186612e-01 8.334036117376623e-01
3.365364321179672e-01 8.301739240863500e-01
3.496785800473350e-01 8.269049168615832e-01
3.633339444837841e-01 8.235967224939904e-01
3.775225671423038e-01 8.202494901477873e-01
3.922652723906904e-01 8.168633856965494e-01
4.075836978130675e-01 8.134385916729924e-01
4.235003259669555e-01 8.099753071923398e-01
4.400385173804849e-01 8.064737478489576e-01
4.572225448381915e-01 8.029341455860221e-01
4.750776290057184e-01 7.993567485380710e-01
4.936299754456950e-01 7.957418208464078e-01
5.129068130791409e-01 7.920896424474145e-01
5.329364341488259e-01 7.884005088339345e-01
5.537482357432465e-01 7.846747307900231e-01
5.753727629421715e-01 7.809126340994316e-01
5.978417536470595e-01 7.771145592283522e-01
6.211881851621706e-01 7.732808609830256e-01
6.454463225947178e-01 7.694119081429557e-01
6.706517691451003e-01 7.655080830705642e-01
6.968415183610414e-01 7.615697812982561e-01
7.240540084322961e-01 7.575974110939523e-01
7.523291786056487e-01 7.535913930062555e-01
7.817085278029726e-01 7.495521593905291e-01
8.122351755283914e-01 7.454801539172374e-01
8.439539251539531e-01 7.413758310640109e-01
8.769113296766704e-01 7.372396555929532e-01
9.111557600434522e-01 7.330721020148022e-01
9.467374761442194e-01 7.288736540416031e-01
9.837087005773638e-01 7.246448040296166e-01
1.022123695295860e+00 7.203860524142228e-01
1.062038841246482e+00 7.160979071386196e-01
1.103512721119026e+00 7.117808830781364e-01
1.146606205327005e+00 7.074355014619901e-01
1.191382541345971e+00 7.030622892943335e-01
1.237907446540621e+00 6.986617787763988e-01
1.286249204616906e+00 6.942345067315638e-01
1.336478765840699e+00 6.897810140351114e-01
1.388669851170148e+00 6.853018450504065e-01
1.442899060454488e+00 6.807975470731972e-01
1.499245984858176e+00 6.762686697856526e-01
1.557793323675301e+00 6.717157647217080e-01
1.618627005705735e+00 6.671393847451996e-01
1.681836315371195e+00 6.625400835421975e-01
1.747514023756251e+00 6.579184151288516e-01
1.815756524766656e+00 6.532749333759796e-01
1.886663976604837e+00 6.486101915515217e-01
1.960340448770138e+00 6.439247418818933e-01
2.036894074799632e+00 6.392191351331562e-01
2.116437210973626e+00 6.344939202128359e-01
2.199086601218789e+00 6.297496437930918e-01
2.284963548450991e+00 6.249868499558561e-01
2.374194092609218e+00 6.202060798604461e-01
2.466909195641994e+00 6.154078714340516e-01
2.563244933717687e+00 6.105927590854054e-01
2.663342696940870e+00 6.057612734418377e-01
2.767349396867870e+00 6.009139411098295e-01
2.875417682126019e+00 5.960512844590938e-01
2.987706162453082e+00 5.911738214301171e-01
3.104379641485743e+00 5.862820653650249e-01
3.225609358638686e+00 5.813765248615598e-01
3.351573240429413e+00 5.764577036498792e-01
3.482456161617554e+00 5.715261004918424e-01
3.618450216541959e+00 5.665822091023703e-01
3.759755001053902e+00 5.616265180924304e-01
3.906577905460009e+00 5.566595109331488e-01
4.059134418905055e+00 5.516816659405056e-01
4.217648445641213e+00 5.466934562800453e-01
4.382352633647975e+00 5.416953499910006e-01
4.553488716085159e+00 5.366878100292035e-01
4.731307866079947e+00 5.316712943281461e-01
4.916071065368889e+00 5.266462558775327e-01
5.108049487335742e+00 5.216131428186663e-01
5.307524895007394e+00 5.165723985559973e-01
5.514790054592065e+00 5.115244618841739e-01
5.730149165166607e+00 5.064697671299270e-01
5.953918305143589e+00 5.014087443081432e-01
6.186425896173555e+00 4.963418192914709e-01
6.428013185163061e+00 4.912694139928425e-01
6.679034745116258e+00 4.861919465602844e-01
6.939858995534819e+00 4.811098315834293e-01
7.210868743140088e+00 4.760234803111502e-01
7.492461743711221e+00 4.709333008797588e-01
7.785051285863559e+00 4.658396985512442e-01
8.089066797624453e+00 4.607430759610336e-01
8.404954476696458e+00 4.556438333748051e-01
8.733177945333049e+00 4.505423689538858e-01
9.074218930788147e+00 4.454390790288109e-01
9.428577972337873e+00 4.403343583806341e-01
9.796775155912346e+00 4.352286005296210e-01
1.017935087741588e+01 4.301221980309633e-01
1.057686663585548e+01 4.250155427771972e-01
1.098990585744228e+01 4.199090263070231e-01
1.141907475187479e+01 4.148030401202548e-01
1.186500320206124e+01 4.096979759986478e-01
1.232834568858659e+01 4.045942263323814e-01
1.280978225028102e+01 3.994921844519966e-01
1.331001948229982e+01 3.943922449656046e-01
1.382979157317952e+01 3.892948041012138e-01
1.436986138239213e+01 3.842002600540355e-01
1.493102155997940e+01 3.791090133386493e-01
1.551409570990988e+01 3.740214671459327e-01
1.611993959886669e+01 3.689380277046667e-01
1.674944241223971e+01 3.638591046477588e-01
1.740352805916578e+01 3.587851113830264e-01
1.808315652853243e+01 3.537164654685042e-01
1.878932529793503e+01 3.486535889922532e-01
1.952307079765527e+01 3.435969089566561e-01
2.028546993181013e+01 3.385468576671918e-01
2.107764165890305e+01 3.335038731257007e-01
2.190074863409793e+01 3.284683994281447e-01
2.275599891562562e+01 3.234408871668851e-01
2.364464773782755e+01 3.184217938375004e-01
2.456799935343925e+01 3.134115842501626e-01
2.552740894781659e+01 3.084107309456087e-01
2.652428462791550e+01 3.034197146157248e-01
2.756008948894323e+01 2.984390245287737e-01
2.863634376171489e+01 2.934691589592861e-01
2.975462704386713e+01 2.885106256226301e-01
3.091658061820281e+01 2.835639421142746e-01
3.212390986157045e+01 2.786296363537429e-01
3.337838674781274e+01 2.737082470332522e-01
3.468185244845824e+01 2.688003240710183e-01
3.603622003497367e+01 2.639064290691855e-01
3.744347728654179e+01 2.590271357763370e-01
3.890568960748640e+01 2.541630305545106e-01
4.042500305862689e+01 2.493147128506271e-01
4.200364750700972e+01 2.444827956722180e-01
4.364393989864183e+01 2.396679060673035e-01
4.534828765902734e+01 2.348706856082542e-01
4.711919222649933e+01 2.300917908794225e-01
4.895925272353314e+01 2.253318939683016e-01
5.087116977142768e+01 2.205916829599294e-01
5.285774945395580e+01 2.158718624342025e-01
5.492190743579904e+01 2.111731539657253e-01
5.706667324181219e+01 2.064962966257590e-01
5.929519470339904e+01 2.018420474857747e-01
6.161074257852353e+01 1.972111821220577e-01
6.401671535213781e+01 1.926044951207306e-01
6.651664422407377e+01 1.880228005824862e-01
6.911419829171611e+01 1.834669326262438e-01
7.181318993506650e+01 1.789377458908352e-01
7.461758041209994e+01 1.744361160337404e-01
7.753148567262615e+01 1.699629402257689e-01
8.055918239919079e+01 1.655191376404670e-01
8.370511428387876e+01 1.611056499368986e-01
8.697389855023633e+01 1.567234417342952e-01
9.037033272988069e+01 1.523735010769197e-01
9.389940170374416e+01 1.480568398873061e-01
9.756628501828874e+01 1.437744944058474e-01
1.013763644874253e+02 1.395275256144999e-01
1.053352320912994e+02 1.353170196421286e-01
1.094486981835319e+02 1.311440881487801e-01
1.137228000189624e+02 1.270098686858805e-01
1.181638106144130e+02 1.229155250290516e-01
1.227782479554735e+02 1.188622474799071e-01
1.275728845628223e+02 1.148512531328128e-01
1.325547574321261e+02 1.108837861021879e-01
1.377311783621005e+02 1.069611177054739e-01
1.431097446858984e+02 1.030845465963923e-01
1.486983504215677e+02 9.925539884256455e-02
1.545051978579489e+02 9.547502794094974e-02
1.605388095930185e+02 9.174481476387183e-02
1.668080410423387e+02 8.806616742765712e-02
1.733220934359824e+02 8.444052107504714e-02
1.800905273230004e+02 8.086933756161928e-02
1.871232766032536e+02 7.735410503538714e-02
1.944306631072082e+02 7.389633739757134e-02
2.020234117450861e+02 7.049757363121066e-02
2.099126662476082e+02 6.715937698278714e-02
2.181100055214347e+02 6.388333398035660e-02
2.266274606433011e+02 6.067105326978018e-02
2.354775325177990e+02 5.752416424848898e-02
2.446732102247126e+02 5.444431547377301e-02
2.542279900828385e+02 5.143317281978867e-02
2.641558954582760e+02 4.849241735428708e-02
2.744714973462470e+02 4.562374290240930e-02
2.851899357566681e+02 4.282885326067148e-02
2.963269419348499e+02 4.010945901940187e-02
3.078988614499402e+02 3.746727394623785e-02
3.199226781850051e+02 3.490401087671433e-02
3.324160392639413e+02 3.242137705028248e-02
3.453972809518240e+02 3.002106882104730e-02
3.588854555666874e+02 2.770476566183368e-02
3.729003594422430e+02 2.547412336749932e-02
3.874625619825798e+02 2.333076634825722e-02
4.025934358514808e+02 2.127627888556403e-02
4.183151883406666e+02 1.931219520109972e-02
4.346508939630145e+02 1.743998816253612e-02
4.516245283185701e+02 1.566105641686786e-02
4.692610032830780e+02 1.397670970133650e-02
4.875862035706593e+02 1.238815203113531e-02
5.066270247243048e+02 1.089646239900815e-02
5.264114125899501e+02 9.502572540284583e-03
5.469684043320484e+02 8.207241211872144e-03
5.683281710508622e+02 7.011024296829003e-03
5.905220620640032e+02 5.914239865285863e-03
6.135826509172174e+02 4.916927079953282e-03
6.375437831919577e+02 4.018797503803911e-03
6.624406261798814e+02 3.219176908357047e-03
6.883097204972150e+02 2.516935030032272e-03
7.151890337147074e+02 1.910399777325856e-03
7.431180160818978e+02 1.397250983426449e-03
7.721376584274933e+02 9.743866344210676e-04
8.022905523208140e+02 6.377510546525826e-04
8.336209525826135e+02 3.821087980021923e-04
8.661748422370356e+02 2.007379645172002e-04
9.000000000000000e+02 8.499797830943826e-05
9.073881271871207e+02 6.778370363741844e-05
9.142304101409105e+02 5.405385836082420e-05
9.205671765275719e+02 4.310245044316952e-05
9.264357745540359e+02 3.436704561455643e-05
9.318707930942038e+02 2.739934947280045e-05
9.369042655519806e+02 2.184190202594040e-05
9.415658586626483e+02 1.740958612653904e-05
9.458830473453537e+02 1.387493620443492e-05
9.498812766372728e+02 1.105645336846000e-05
9.535841116638722e+02 8.809303085147201e-06
9.570133765291773e+02 7.017903985280128e-06
9.601892829446502e+02 5.590019689812893e-06
9.631305493548042e+02 4.452046519124597e-06
9.658545112616640e+02 3.545253590252493e-06
9.683772233983162e+02 2.822781961521037e-06
9.707135543537477e+02 2.247249105296540e-06
9.728772742066797e+02 1.788836355255679e-06
9.748811356849042e+02 1.423761849899787e-06
9.767369493284638e+02 1.133061252960104e-06
9.784556530996812e+02 9.016142471157830e-07
9.800473768503111e+02 7.173673114569165e-07
9.815215020257771e+02 5.707132669700807e-07
9.828867169583822e+02 4.539960296943179e-07
9.841510680753889e+02 3.611153604666347e-07
9.853220073237793e+02 2.872114700213874e-07
9.864064360912147e+02 2.284133878931932e-07
9.874107458820583e+02 1.816382392036286e-07
9.883408559882016e+02 1.444311590540800e-07
9.892022483767229e+02 1.148376406571466e-07
9.900000000000000e+02 9.130176482405048e-08
9.907388127187121e+02 7.258507825707395e-08
9.914230410140910e+02 5.770194279579009e-08
9.920567176527571e+02 4.586802049557014e-08
9.926435774554036e+02 3.645923267951489e-08
9.931870793094204e+02 2.897906888718781e-08
9.936904265551980e+02 2.303255112692748e-08
9.941565858662649e+02 1.830550176289794e-08
9.945883047345354e+02 1.454803712047243e-08
9.949881276637273e+02 1.156142737930390e-08
9.953584111663872e+02 9.187637661576516e-09
9.957013376529177e+02 7.301004303010522e-09
9.960189282944650e+02 5.801611222597561e-09
9.963130549354804e+02 4.610019762803594e-09
9.965854511261664e+02 3.663075892809123e-09
9.968377223398315e+02 2.910574878154693e-09
9.970713554353747e+02 2.312608315714405e-09
9.972877274206679e+02 1.837454124609411e-09
9.974881135684905e+02 1.459898516418946e-09
9.976736949328464e+02 1.159901614183900e-09
9.978455653099682e+02 9.215364238630076e-10
9.980047376850312e+02 7.321452210473521e-10
9.981521502025778e+02 5.816688470171640e-10
9.982886716958383e+02 4.621135073317022e-10
9.984151068075389e+02 3.671269078864908e-10
9.985322007323779e+02 2.916613261536549e-10
9.986406436091215e+02 2.317058006231640e-10
9.987410745882058e+02 1.840732694634177e-10
9.988340855988201e+02 1.462313913997498e-10
9.989202248376723e+02 1.161680901071910e-10
9.990000000000000e+02 9.228469930041359e-11
9.990738812718713e+02 7.331104574134610e-11
9.991423041014092e+02 5.823796841966301e-11
9.992056717652757e+02 4.626369535220570e-11
9.992643577455403e+02 3.675123347061608e-11
9.993187079309420e+02 2.919451063899880e-11
9.993690426555198e+02 2.319147277649495e-11
9.994156585866265e+02 1.842270785877838e-11
9.994588304734535e+02 1.463446172854541e-11
9.994988127663728e+02 1.162514366283636e-11
9.995358411166387e+02 9.234604850833327e-12
9.995701337652918e+02 7.335620134616637e-12
9.996018928294465e+02 5.827120351806769e-12
9.996313054935481e+02 4.628815589863918e-12
9.996585451126166e+02 3.676923545618678e-12
9.996837722339832e+02 2.920775895959711e-12
9.997071355435376e+02 2.320122241322197e-12
9.997287727420669e+02 1.842988256574153e-12
9.997488113568490e+02 1.463974142440573e-12
9.997673694932846e+02 1.162902877406623e-12
9.997845565309968e+02 9.237463682401775e-13
9.998004737685031e+02 7.337723743235962e-13
9.998152150202577e+02 5.828668217304646e-13
9.998288671695839e+02 4.629954511898524e-13
9.998415106807539e+02 3.677761552964660e-13
9.998532200732378e+02 2.921392484179104e-13
9.998640643609122e+02 2.320575907770934e-13
9.998741074588205e+02 1.843322046007370e-13
9.998834085598820e+02 1.464219728314108e-13
9.998920224837672e+02 1.163083565465033e-13
9.999000000000000e+02 9.238793068504892e-14
9.999073881271871e+02 7.338701810566911e-14
9.999142304101409e+02 5.829387803137746e-14
9.999205671765276e+02 4.630483922929328e-14
9.999264357745541e+02 3.678151046378397e-14
9.999318707930942e+02 2.921679036736596e-14
9.999369042655519e+02 2.320786724797222e-14
9.999415658586627e+02 1.843477143391674e-14
9.999458830473453e+02 1.464333832334024e-14
9.999498812766373e+02 1.163167510531728e-14
9.999535841116639e+02 9.239410640207897e-15
9.999570133765292e+02 7.339156147153095e-15
9.999601892829446e+02 5.829722049211236e-15
9.999631305493548e+02 4.630729819939369e-15
9.999658545112617e+02 3.678331946431600e-15
9.999683772233983e+02 2.921812119793540e-15
9.999707135543538e+02 2.320884629936396e-15
9.999728772742067e+02 1.843549169039042e-15
9.999748811356849e+02 1.464386819127186e-15
9.999767369493284e+02 1.163206491019139e-15
9.999784556530997e+02 9.239697404882518e-16
9.999800473768503e+02 7.339367108733125e-16
9.999815215020258e+02 5.829877245051154e-16
9.999828867169583e+02 4.630843991090206e-16
9.999841510680753e+02 3.678415937246000e-16
9.999853220073238e+02 2.921873908095149e-16
9.999864064360912e+02 2.320930084822638e-16
9.999874107458820e+02 1.843582608109132e-16
9.999883408559882e+02 1.464411418670842e-16
9.999892022483767e+02 1.163224587714053e-16
9.999900000000000e+02 9.239830533575609e-17
9.999907388127187e+02 7.339465044874457e-17
9.999914230410141e+02 5.829949292004300e-17
9.999920567176528e+02 4.630896992271380e-17
9.999926435774554e+02 3.678454927533819e-17
9.999931870793095e+02 2.921902591267045e-17
9.999936904265552e+02 2.320951185538058e-17
9.999941565858662e+02 1.843598130822329e-17
9.999945883047345e+02 1.464422837904716e-17
9.999949881276638e+02 1.163232988211097e-17
9.999953584111664e+02 9.239892331530744e-18
9.999957013376529e+02 7.339510506489164e-18
9.999960189282945e+02 5.829982735515021e-18
9.999963130549355e+02 4.630921594841580e-18
9.999965854511262e+02 3.678473026249310e-18
9.999968377223398e+02 2.921915905631163e-18
9.999970713554353e+02 2.320960980277067e-18
9.999972877274207e+02 1.843605336049013e-18
9.999974881135685e+02 1.464428138497037e-18
9.999976736949328e+02 1.163236887610063e-18
9.999978455653101e+02 9.239921016157336e-19
9.999980047376851e+02 7.339531608616099e-19
9.999981521502026e+02 5.829998258847108e-19
9.999982886716958e+02 4.630933014810081e-19
9.999984151068076e+02 3.678481427073286e-19
9.999985322007324e+02 2.921922085665404e-19
9.999986406436091e+02 2.320965526773115e-19
9.999987410745882e+02 1.843608680442927e-19
9.999988340855989e+02 1.464430598520336e-19
9.999989202248377e+02 1.163238697544430e-19
9.999990000000000e+02 9.239934330739648e-20
