# alpha = 3.6
# Lmin  = 0.01
# Lmax  = 1000
# tau   = 1
# V1    = 0.1
# V2    = 1
# c     = 1
# xi_min = 0.01
# xi_max = 1000
# DeltaFss = 1.550192359456499e-03
# D_c   = 3.153148646439179e-02
# u_c = D_c/(V2 tau) = 3.153148646439179e-02
# R(u_c) = 1.531148259542418e-01
# columns: u=t/tau, R(u)
1.000000000000000e-04 9.914906058589258e-01
1.039051189336793e-04 9.911593397575936e-01
1.079627374062204e-04 9.908152198241224e-01
1.121788107059891e-04 9.904577506730536e-01
1.165595266824449e-04 9.900864180971480e-01
1.211113148279280e-04 9.897006883741005e-01
1.258408557141013e-04 9.893000075495142e-01
1.307550907968968e-04 9.888838006954638e-01
1.358612326043559e-04 9.884514711439815e-01
1.411667753223186e-04 9.880023996948043e-01
1.466795057934949e-04 9.875359437967011e-01
1.524075149460639e-04 9.870514367017230e-01
1.583592096685727e-04 9.865481865916866e-01
1.645433251485650e-04 9.860254756762534e-01
1.709689376930471e-04 9.854825592619322e-01
1.776454780496086e-04 9.849186647913671e-01
1.845827452477489e-04 9.843329908522890e-01
1.917909209807237e-04 9.837247061554854e-01
1.992805845490198e-04 9.830929484812575e-01
2.070627283873903e-04 9.824368235937330e-01
2.151487741982391e-04 9.817554041225609e-01
2.235505897150335e-04 9.810477284114437e-01
2.322805061203469e-04 9.803127993330952e-01
2.413513361440986e-04 9.795495830702009e-01
2.507763928685497e-04 9.787570078620289e-01
2.605695092676574e-04 9.779339627164298e-01
2.707450585094638e-04 9.770792960870055e-01
2.813179750513180e-04 9.761918145153287e-01
2.923037765588901e-04 9.752702812381885e-01
3.037185866811508e-04 9.743134147599277e-01
3.155791587147396e-04 9.733198873900860e-01
3.279029001924546e-04 9.722883237466621e-01
3.407078984319536e-04 9.712172992254863e-01
3.540129470821606e-04 9.701053384363322e-01
3.678375737063420e-04 9.689509136066028e-01
3.822020684423349e-04 9.677524429536266e-01
3.971275137819903e-04 9.665082890267771e-01
4.126358155135406e-04 9.652167570209864e-01
4.287497348723017e-04 9.638760930633499e-01
4.454929219468996e-04 9.624844824749568e-01
4.628899503900490e-04 9.610400480103323e-01
4.809663534848294e-04 9.595408480772660e-01
4.997486616193922e-04 9.579848749402121e-01
5.192644412250998e-04 9.563700529108828e-01
5.395423352352451e-04 9.546942365301273e-01
5.606121051237321e-04 9.529552087457541e-01
5.825046745854169e-04 9.511506790914958e-01
6.052521749222188e-04 9.492782818729840e-01
6.288879922016120e-04 9.473355743673008e-01
6.534468162567126e-04 9.453200350434048e-01
6.789646915998777e-04 9.432290618116068e-01
7.054790703245417e-04 9.410599703111525e-01
7.330288670729299e-04 9.388099922459840e-01
7.616545161503295e-04 9.364762737798269e-01
7.913980308697395e-04 9.340558740029511e-01
8.223030652139985e-04 9.315457634842306e-01
8.544149779058953e-04 9.289428229235612e-01
8.877808989802900e-04 9.262438419212284e-01
9.224497989559574e-04 9.234455178824653e-01
9.584725607086727e-04 9.205444550773405e-01
9.959020541510277e-04 9.175371638780216e-01
1.034793213828581e-03 9.144200601977063e-01
1.075203119546229e-03 9.111894651578126e-01
1.117191080143139e-03 9.078416050126382e-01
1.160818720539184e-03 9.043726113634775e-01
1.206150072180654e-03 9.007785216972086e-01
1.253251667017966e-03 8.970552802877441e-01
1.302192635153336e-03 8.931987395022477e-01
1.353044806301686e-03 8.892046615580254e-01
1.405882815213737e-03 8.850687207802257e-01
1.460784211215992e-03 8.807865064151172e-01
1.517829572028385e-03 8.763535260587755e-01
1.577102622026649e-03 8.717652097664771e-01
1.638690355122963e-03 8.670169149140976e-01
1.702683162445247e-03 8.621039318892334e-01
1.769174965002465e-03 8.570214906968918e-01
1.838263351530690e-03 8.517647685722063e-01
1.910049721722201e-03 8.463288987009993e-01
1.984639435047864e-03 8.407089801580557e-01
2.062141965391183e-03 8.349000891828542e-01
2.142671061721020e-03 8.288972919231983e-01
2.226344915038755e-03 8.226956587888448e-01
2.313286331844939e-03 8.162902805699088e-01
2.403622914380031e-03 8.096762864886073e-01
2.497487247903738e-03 8.028488643678739e-01
2.595017095287853e-03 7.958032831167177e-01
2.696355599208152e-03 7.885349177499096e-01
2.801651492232151e-03 7.810392771788968e-01
2.911059315111016e-03 7.733120350318451e-01
3.024739643596051e-03 7.653490637835675e-01
3.142859324112624e-03 7.571464725009848e-01
3.265591718637450e-03 7.487006485368448e-01
3.393116959138624e-03 7.400083035339419e-01
3.525622211951828e-03 7.310665241341893e-01
3.663301952480762e-03 7.218728278219141e-01
3.806358250624929e-03 7.124252243688837e-01
3.955001067353747e-03 7.027222833901250e-01
4.109448562862195e-03 6.927632085649484e-01
4.269927416760338e-03 6.825479191269861e-01
4.436673160766607e-03 6.720771392809884e-01
4.609930524393172e-03 6.613524962629452e-01
4.789953794130710e-03 6.503766278243298e-01
4.977007186659796e-03 6.391532999913974e-01
5.171365236636627e-03 6.276875360270717e-01
5.373313199622230e-03 6.159857576066948e-01
5.583147470746565e-03 6.040559393104404e-01
5.801176019721925e-03 5.919077776353331e-01
6.027718842844149e-03 5.795528758393679e-01
6.263108432645010e-03 5.670049460502058e-01
6.507690265885090e-03 5.542800302023144e-01
6.761823310603373e-03 5.413967415104747e-01
7.025880552967686e-03 5.283765283455120e-01
7.300249544699317e-03 5.152439625514431e-01
7.585332971875207e-03 5.020270544335531e-01
7.881549245942516e-03 4.887575968560189e-01
8.189333117813075e-03 4.754715411176318e-01
8.509136315938862e-03 4.622094075271738e-01
8.841428209305172e-03 4.490167338785853e-01
9.186696496314402e-03 4.359445653331199e-01
9.545447920571628e-03 4.230499895543636e-01
9.918209014622368e-03 4.103967213158835e-01
1.030552687273427e-02 3.980488234754772e-01
1.070796995385682e-02 3.860227874683882e-01
1.112612891593757e-02 3.743114396353720e-01
1.156061748281941e-02 3.629076251941685e-01
1.201207334499123e-02 3.518043418684115e-01
1.248115909551393e-02 3.409947363224765e-01
1.296856320249547e-02 3.304721006851002e-01
1.347500101954228e-02 3.202298691600369e-01
1.400121583566991e-02 3.102616147220617e-01
1.454797996621396e-02 3.005610458966250e-01
1.511609588634245e-02 2.911220036215342e-01
1.570639740883311e-02 2.819384581890310e-01
1.631975090784437e-02 2.730045062666735e-01
1.695705659047589e-02 2.643143679954559e-01
1.761924981798528e-02 2.558623841636141e-01
1.830730247859966e-02 2.476430134545929e-01
1.902222441393740e-02 2.396508297676644e-01
1.976506490113303e-02 2.318805196097130e-01
2.053691419284118e-02 2.243268795567077e-01
2.133890511737929e-02 2.169848137834124e-01
2.217221474135790e-02 2.098493316598885e-01
2.303806609723871e-02 2.029155454133613e-01
2.393772997835552e-02 1.961786678540406e-01
2.487252680403331e-02 1.896340101634853e-01
2.584382855754205e-02 1.832769797441259e-01
2.685306079973024e-02 1.771030781285602e-01
2.790170476129292e-02 1.711078989472540e-01
2.899129951674547e-02 1.652871259532785e-01
3.012344424329354e-02 1.596365311027406e-01
3.129980056791472e-02 1.541519726895484e-01
3.252209500609621e-02 1.488293935331853e-01
3.379212149580845e-02 1.436648192181575e-01
3.511174403043318e-02 1.386543563837932e-01
3.648289939451060e-02 1.337941910630814e-01
3.790760000632080e-02 1.290805870692389e-01
3.938793687147105e-02 1.245098844287105e-01
4.092608265182451e-02 1.200784978593060e-01
4.252429485427411e-02 1.157829152921933e-01
4.418491914404197e-02 1.116196964364675e-01
4.591039278736684e-02 1.075854713850340e-01
4.770324822863284e-02 1.036769392605399e-01
4.956611680718921e-02 9.989086690011123e-02
5.150173261931631e-02 9.622408757765256e-02
5.351293653100611e-02 9.267349976248154e-02
5.560268034744621e-02 8.923606591308191e-02
5.777403114532752e-02 8.590881130476884e-02
6.003017577433342e-02 8.268882289007452e-02
6.237442553441787e-02 7.957324819067461e-02
6.481022103573612e-02 7.655929421969229e-02
6.734113724836205e-02 7.364422643322988e-02
6.997088874920279e-02 7.082536770999484e-02
7.270333517381153e-02 6.810009735790580e-02
7.554248688110035e-02 6.546585014657821e-02
7.849251083926641e-02 6.292011536461445e-02
8.155773674157087e-02 6.046043590063534e-02
8.474266336094619e-02 5.808440734701771e-02
8.805196515275861e-02 5.578967712532033e-02
9.149049911541567e-02 5.357394363240397e-02
9.506331191888946e-02 5.143495540627572e-02
9.877564731161660e-02 4.937051031071033e-02
1.026329538166467e-01 4.737845473772763e-02
1.066408927283349e-01 4.545668282703038e-02
1.108053464213138e-01 4.360313570153332e-02
1.151324269839414e-01 4.181580071814128e-02
1.196284851888957e-01 4.009271073296185e-02
1.243001198140810e-01 3.843194338016667e-02
1.291541873275267e-01 3.683162036374395e-02
1.341978119504936e-01 3.528990676141323e-02
1.394383961135555e-01 3.380501034000444e-02
1.448836313210047e-01 3.237518088163065e-02
1.505415094395234e-01 3.099870952001666e-02
1.564203344276928e-01 2.967392808637277e-02
1.625287345235531e-01 2.839920846423491e-02
1.688756749081016e-01 2.717296195272192e-02
1.754704708633165e-01 2.599363863769017e-02
1.823228014440161e-01 2.485972677029598e-02
1.894427236836209e-01 2.376975215250584e-02
1.968406873546676e-01 2.272227752912262e-02
2.045275503057392e-01 2.171590198592612e-02
2.125145943973190e-01 2.074926035355385e-02
2.208135420599605e-01 1.982102261677538e-02
2.294365734990719e-01 1.892989332884172e-02
2.383963445715689e-01 1.807461103061741e-02
2.477060053606326e-01 1.725394767422858e-02
2.573792194758313e-01 1.646670805098640e-02
2.674301841069380e-01 1.571172922336855e-02
2.778736508608712e-01 1.498787996086694e-02
2.887249474123449e-01 1.429406017953032e-02
3.000000000000000e-01 1.362920038505513e-02
3.117153568010376e-01 1.299226111929727e-02
3.238882122186612e-01 1.238223241009868e-02
3.365364321179672e-01 1.179813322434213e-02
3.496785800473350e-01 1.123901092416570e-02
3.633339444837841e-01 1.070394072628731e-02
3.775225671423038e-01 1.019202516440504e-02
3.922652723906904e-01 9.702393554656531e-03
4.075836978130675e-01 9.234201464135092e-03
4.235003259669555e-01 8.786630182474480e-03
4.400385173804849e-01 8.358886196528565e-03
4.572225448381915e-01 7.950200668184387e-03
4.750776290057184e-01 7.559828915358942e-03
4.936299754456950e-01 7.187049896242078e-03
5.129068130791409e-01 6.831165696857580e-03
5.329364341488259e-01 6.491501022025038e-03
5.537482357432465e-01 6.167402689813951e-03
5.753727629421715e-01 5.858239129589933e-03
5.978417536470595e-01 5.563399883761271e-03
6.211881851621706e-01 5.282295113340556e-03
6.454463225947178e-01 5.014355107443561e-03
6.706517691451003e-01 4.759029796852892e-03
6.968415183610414e-01 4.515788271779707e-03
7.240540084322961e-01 4.284118303961604e-03
7.523291786056487e-01 4.063525873238866e-03
7.817085278029726e-01 3.853534698755063e-03
8.122351755283914e-01 3.653685774930983e-03
8.439539251539531e-01 3.463536912363242e-03
8.769113296766704e-01 3.282662283800929e-03
9.111557600434522e-01 3.110651975354805e-03
9.467374761442194e-01 2.947111543093985e-03
9.837087005773638e-01 2.791661575185411e-03
1.022123695295860e+00 2.643937259730286e-03
1.062038841246482e+00 2.503587958450731e-03
1.103512721119026e+00 2.370276786377666e-03
1.146606205327005e+00 2.243680197688325e-03
1.191382541345971e+00 2.123487577838749e-03
1.237907446540621e+00 2.009400842132252e-03
1.286249204616906e+00 1.901134040860636e-03
1.336478765840699e+00 1.798412971149428e-03
1.388669851170148e+00 1.700974795632569e-03
1.442899060454488e+00 1.608567668075670e-03
1.499245984858176e+00 1.520950366059578e-03
1.557793323675301e+00 1.437891930828680e-03
1.618627005705735e+00 1.359171314399980e-03
1.681836315371195e+00 1.284577034020429e-03
1.747514023756251e+00 1.213906834050956e-03
1.815756524766656e+00 1.146967355346074e-03
1.886663976604837e+00 1.083573812188117e-03
1.960340448770138e+00 1.023549676825142e-03
2.036894074799632e+00 9.667263716509776e-04
2.116437210973626e+00 9.129429690555342e-04
2.199086601218789e+00 8.620458989627128e-04
2.284963548450991e+00 8.138886640624863e-04
2.374194092609218e+00 7.683315627331078e-04
2.466909195641994e+00 7.252414196385307e-04
2.563244933717687e+00 6.844913239756975e-04
2.663342696940870e+00 6.459603753358328e-04
2.767349396867870e+00 6.095334371336943e-04
2.875417682126019e+00 5.751008975488347e-04
2.987706162453082e+00 5.425584379132664e-04
3.104379641485743e+00 5.118068084706532e-04
3.225609358638686e+00 4.827516114233496e-04
3.351573240429413e+00 4.553030911750768e-04
3.482456161617554e+00 4.293759316691553e-04
3.618450216541959e+00 4.048890607146599e-04
3.759755001053902e+00 3.817654611859224e-04
3.906577905460009e+00 3.599319889743748e-04
4.059134418905055e+00 3.393191975657854e-04
4.217648445641213e+00 3.198611691106347e-04
4.382352633647975e+00 3.014953518505375e-04
4.553488716085159e+00 2.841624037593736e-04
4.731307866079947e+00 2.678060422541137e-04
4.916071065368889e+00 2.523728998271203e-04
5.108049487335742e+00 2.378123854491133e-04
5.307524895007394e+00 2.240765515898506e-04
5.514790054592065e+00 2.111199667019579e-04
5.730149165166607e+00 1.988995930122262e-04
5.953918305143589e+00 1.873746694640084e-04
6.186425896173555e+00 1.765065996541127e-04
6.428013185163061e+00 1.662588446077958e-04
6.679034745116258e+00 1.565968202360074e-04
6.939858995534819e+00 1.474877993200074e-04
7.210868743140088e+00 1.389008178697480e-04
7.492461743711221e+00 1.308065857040141e-04
7.785051285863559e+00 1.231774011022233e-04
8.089066797624453e+00 1.159870693799180e-04
8.404954476696458e+00 1.092108252424029e-04
8.733177945333049e+00 1.028252587735732e-04
9.074218930788147e+00 9.680824491978322e-05
9.428577972337873e+00 9.113887633158074e-05
9.796775155912346e+00 8.579739942923355e-05
1.017935087741588e+01 8.076515356121228e-05
1.057686663585548e+01 7.602451312814019e-05
1.098990585744228e+01 7.155883254812803e-05
1.141907475187479e+01 6.735239394291312e-05
1.186500320206124e+01 6.339035742774875e-05
1.232834568858659e+01 5.965871389155911e-05
1.280978225028102e+01 5.614424015746725e-05
1.331001948229982e+01 5.283445641738464e-05
1.382979157317952e+01 4.971758583794177e-05
1.436986138239213e+01 4.678251623859672e-05
1.493102155997940e+01 4.401876374629305e-05
1.551409570990988e+01 4.141643833453522e-05
1.611993959886669e+01 3.896621115819098e-05
1.674944241223971e+01 3.665928359872925e-05
1.740352805916578e+01 3.448735793792769e-05
1.808315652853243e+01 3.244260958135096e-05
1.878932529793503e+01 3.051766075609456e-05
1.952307079765527e+01 2.870555561040546e-05
2.028546993181013e+01 2.699973664582811e-05
2.107764165890305e+01 2.539402241548522e-05
2.190074863409793e+01 2.388258642497031e-05
2.275599891562562e+01 2.245993717512140e-05
2.364464773782755e+01 2.112089928864279e-05
2.456799935343925e+01 1.986059566515601e-05
2.552740894781659e+01 1.867443061178878e-05
2.652428462791550e+01 1.755807389884598e-05
2.756008948894323e+01 1.650744569246126e-05
2.863634376171489e+01 1.551870231839097e-05
2.975462704386713e+01 1.458822281329201e-05
3.091658061820281e+01 1.371259622192237e-05
3.212390986157045e+01 1.288860960071344e-05
3.337838674781274e+01 1.211323669009808e-05
3.468185244845824e+01 1.138362721982823e-05
3.603622003497367e+01 1.069709681329222e-05
3.744347728654179e+01 1.005111745854147e-05
3.890568960748640e+01 9.443308515361550e-06
4.042500305862689e+01 8.871428229276961e-06
4.200364750700972e+01 8.333365724865695e-06
4.364393989864183e+01 7.827133452175829e-06
4.534828765902734e+01 7.350860061391697e-06
4.711919222649933e+01 6.902783682186846e-06
4.895925272353314e+01 6.481245585431542e-06
5.087116977142768e+01 6.084684206095434e-06
5.285774945395580e+01 5.711629507301146e-06
5.492190743579904e+01 5.360697666547853e-06
5.706667324181219e+01 5.030586066133938e-06
5.929519470339904e+01 4.720068570768750e-06
6.161074257852353e+01 4.427991076277381e-06
6.401671535213781e+01 4.153267314169589e-06
6.651664422407377e+01 3.894874897668245e-06
6.911419829171611e+01 3.651851595575494e-06
7.181318993506650e+01 3.423291821096518e-06
7.461758041209994e+01 3.208343323445934e-06
7.753148567262615e+01 3.006204070729288e-06
8.055918239919079e+01 2.816119313225440e-06
8.370511428387876e+01 2.637378816796169e-06
8.697389855023633e+01 2.469314256717278e-06
9.037033272988069e+01 2.311296762764693e-06
9.389940170374416e+01 2.162734606898615e-06
9.756628501828874e+01 2.023071025371587e-06
1.013763644874253e+02 1.891782167543454e-06
1.053352320912994e+02 1.768375164118087e-06
1.094486981835319e+02 1.652386307925966e-06
1.137228000189624e+02 1.543379340763183e-06
1.181638106144130e+02 1.440943840162987e-06
1.227782479554735e+02 1.344693700321681e-06
1.275728845628223e+02 1.254265701727093e-06
1.325547574321261e+02 1.169318164346268e-06
1.377311783621005e+02 1.089529679520657e-06
1.431097446858984e+02 1.014597915991898e-06
1.486983504215677e+02 9.442384957413303e-07
1.545051978579489e+02 8.781839355713878e-07
1.605388095930185e+02 8.161826505883045e-07
1.668080410423387e+02 7.579980159639556e-07
1.733220934359824e+02 7.034074835601477e-07
1.800905273230004e+02 6.522017501928432e-07
1.871232766032536e+02 6.041839744964056e-07
1.944306631072082e+02 5.591690395200841e-07
2.020234117450861e+02 5.169828583510185e-07
2.099126662476082e+02 4.774617202103741e-07
2.181100055214347e+02 4.404516746124891e-07
2.266274606433011e+02 4.058079513115140e-07
2.354775325177990e+02 3.733944138861577e-07
2.446732102247126e+02 3.430830449314972e-07
2.542279900828385e+02 3.147534609373633e-07
2.641558954582760e+02 2.882924550360502e-07
2.744714973462470e+02 2.635935658982395e-07
2.851899357566681e+02 2.405566711450849e-07
2.963269419348499e+02 2.190876037267731e-07
3.078988614499402e+02 1.990977897933574e-07
3.199226781850051e+02 1.805039066524003e-07
3.324160392639413e+02 1.632275594698409e-07
3.453972809518240e+02 1.471949754251800e-07
3.588854555666874e+02 1.323367140794029e-07
3.729003594422430e+02 1.185873927532949e-07
3.874625619825798e+02 1.058854257443340e-07
4.025934358514808e+02 9.417277623108836e-08
4.183151883406666e+02 8.339471972351565e-08
4.346508939630145e+02 7.349961791388353e-08
4.516245283185701e+02 6.443870176353858e-08
4.692610032830780e+02 5.616586262179937e-08
4.875862035706593e+02 4.863745011001356e-08
5.066270247243048e+02 4.181207540940958e-08
5.264114125899501e+02 3.565041845640514e-08
5.469684043320484e+02 3.011503736016543e-08
5.683281710508622e+02 2.517017809535852e-08
5.905220620640032e+02 2.078158216065212e-08
6.135826509172174e+02 1.691628938964425e-08
6.375437831919577e+02 1.354243239414778e-08
6.624406261798814e+02 1.062901811528314e-08
6.883097204972150e+02 8.145690506012226e-09
7.151890337147074e+02 6.062466226512960e-09
7.431180160818978e+02 4.349431993332529e-09
7.721376584274933e+02 2.976387174867608e-09
8.022905523208140e+02 1.912407080056201e-09
8.336209525826135e+02 1.125288680926920e-09
8.661748422370356e+02 5.808162444643301e-10
9.000000000000000e+02 2.417386089362778e-10
9.073881271871207e+02 1.920856594060342e-10
9.142304101409105e+02 1.526737724422565e-10
9.205671765275719e+02 1.213753811442202e-10
9.264357745540359e+02 9.651014379003096e-11
9.318707930942038e+02 7.674922249552968e-11
9.369042655519806e+02 6.104059301675951e-11
9.415658586626483e+02 4.855059708946358e-11
9.458830473453537e+02 3.861808950635530e-11
9.498812766372728e+02 3.071838633772485e-11
9.535841116638722e+02 2.443486457141615e-11
9.570133765291773e+02 1.943655174295961e-11
9.601892829446502e+02 1.546041650760913e-11
9.631305493548042e+02 1.229735653812138e-11
9.658545112616640e+02 9.781099932593053e-12
9.683772233983162e+02 7.779406288651222e-12
9.707135543537477e+02 6.187085539158092e-12
9.728772742066797e+02 4.920455410641307e-12
9.748811356849042e+02 3.912938654242115e-12
9.767369493284638e+02 3.111564097648465e-12
9.784556530996812e+02 2.474184961070454e-12
9.800473768503111e+02 1.967266753006978e-12
9.815215020257771e+02 1.564127711091271e-12
9.828867169583822e+02 1.243538958805297e-12
9.841510680753889e+02 9.886106923373679e-13
9.853220073237793e+02 7.859058704730499e-13
9.864064360912147e+02 6.247348962177896e-13
9.874107458820583e+02 4.965943119245212e-13
9.883408559882016e+02 3.947200986924079e-13
9.892022483767229e+02 3.137321841258162e-13
9.900000000000000e+02 2.493515423937789e-13
9.907388127187121e+02 1.981750715118620e-13
9.914230410140910e+02 1.574964563576190e-13
9.920567176527571e+02 1.251636317513022e-13
9.926435774554036e+02 9.946537458890319e-14
9.931870793094204e+02 7.904107800143494e-14
9.936904265551980e+02 6.280897366766061e-14
9.941565858662649e+02 4.990903418531204e-14
9.945883047345354e+02 3.965755627393805e-14
9.949881276637273e+02 3.151103769074541e-14
9.953584111663872e+02 2.503744804149403e-14
9.957013376529177e+02 1.989338159532655e-14
9.960189282944650e+02 1.580588901559806e-14
9.963130549354804e+02 1.255803072173019e-14
9.965854511261664e+02 9.977390239248711e-15
9.968377223398315e+02 7.926941601243651e-15
9.970713554353747e+02 6.297788776624032e-15
9.972877274206679e+02 5.003393702823701e-15
9.974881135684905e+02 3.974987956128457e-15
9.976736949328464e+02 3.157925512854051e-15
9.978455653099682e+02 2.508783712484012e-15
9.980047376850312e+02 1.993059035715907e-15
9.981521502025778e+02 1.583335730705925e-15
9.982886716958383e+02 1.257830311107641e-15
9.984151068075389e+02 9.992348241155426e-16
9.985322007323779e+02 7.937975917484180e-16
9.986406436091215e+02 6.305926964488209e-16
9.987410745882058e+02 5.009394751277286e-16
9.988340855988201e+02 3.979412310269346e-16
9.989202248376723e+02 3.161186894916109e-16
9.990000000000000e+02 2.511187454260391e-16
9.990738812718713e+02 1.994830421573854e-16
9.991423041014092e+02 1.584640946401063e-16
9.992056717652757e+02 1.258791921922874e-16
9.992643577455403e+02 9.999432072274009e-17
9.993187079309420e+02 7.943193777792038e-17
9.993690426555198e+02 6.309770008870976e-17
9.994156585866265e+02 5.012224970793607e-17
9.994588304734535e+02 3.981496462555442e-17
9.994988127663728e+02 3.162721533131673e-17
9.995358411166387e+02 2.512317386061505e-17
9.995701337652918e+02 1.995662320122225e-17
9.996018928294465e+02 1.585253384916253e-17
9.996313054935481e+02 1.259242770332712e-17
9.996585451126166e+02 1.000275083570990e-17
9.996837722339832e+02 7.945636653693653e-18
9.997071355435376e+02 6.311568082199306e-18
9.997287727420669e+02 5.013548384698515e-18
9.997488113568490e+02 3.982470481938886e-18
9.997673694932846e+02 3.163438376596616e-18
9.997845565309968e+02 2.512844940162084e-18
9.998004737685031e+02 1.996050556891634e-18
9.998152150202577e+02 1.585539087572416e-18
9.998288671695839e+02 1.259453012937170e-18
9.998415106807539e+02 1.000429793022284e-18
9.998532200732378e+02 7.946775075998062e-19
9.998640643609122e+02 6.312405767870634e-19
9.998741074588205e+02 5.014164767590213e-19
9.998834085598820e+02 3.982924018653851e-19
9.998920224837672e+02 3.163772085119397e-19
9.999000000000000e+02 2.513090476415634e-19
9.999073881271871e+02 1.996231215190461e-19
9.999142304101409e+02 1.585672008880798e-19
9.999205671765276e+02 1.259550810075804e-19
9.999264357745541e+02 1.000501746679093e-19
9.999318707930942e+02 7.947304465331415e-20
9.999369042655519e+02 6.312795255241669e-20
9.999415658586627e+02 5.014451322405670e-20
9.999458830473453e+02 3.983134841950226e-20
9.999498812766373e+02 3.163927190247743e-20
9.999535841116639e+02 2.513204588260261e-20
9.999570133765292e+02 1.996315167469651e-20
9.999601892829446e+02 1.585733772351909e-20
9.999631305493548e+02 1.259596249041384e-20
9.999658545112617e+02 1.000535175646238e-20
9.999683772233983e+02 7.947550397550909e-21
9.999707135543538e+02 6.312976183297427e-21
9.999728772742067e+02 5.014584427559689e-21
9.999748811356849e+02 3.983232764333041e-21
9.999767369493284e+02 3.163999229280688e-21
9.999784556530997e+02 2.513257585338359e-21
9.999800473768503e+02 1.996354155826070e-21
9.999815215020258e+02 1.585762454820526e-21
9.999828867169583e+02 1.259617349771599e-21
9.999841510680753e+02 1.000550698697298e-21
9.999853220073238e+02 7.947664594674783e-22
9.999864064360912e+02 6.313060193749400e-22
9.999874107458820e+02 5.014646230664865e-22
9.999883408559882e+02 3.983278230272946e-22
9.999892022483767e+02 3.164032676582889e-22
9.999900000000000e+02 2.513282191069708e-22
9.999907388127187e+02 1.996372257138498e-22
9.999914230410141e+02 1.585775771166283e-22
9.999920567176528e+02 1.259627145953127e-22
9.999926435774554e+02 1.000557905291055e-22
9.999931870793095e+02 7.947717610131694e-23
9.999936904265552e+02 6.313099194634114e-23
9.999941565858662e+02 5.014674921720504e-23
9.999945883047345e+02 3.983299336805163e-23
9.999949881276638e+02 3.164048203496301e-23
9.999953584111664e+02 2.513293613422384e-23
9.999957013376529e+02 1.996380660036580e-23
9.999960189282945e+02 1.585781952698996e-23
9.999963130549355e+02 1.259631693359498e-23
9.999965854511262e+02 1.000561250573805e-23
9.999968377223398e+02 7.947742219858423e-24
9.999970713554353e+02 6.313117298981720e-24
9.999972877274207e+02 5.014688239439378e-24
9.999974881135685e+02 3.983309134330081e-24
9.999976736949328e+02 3.164055411096058e-24
9.999978455653101e+02 2.513298915260386e-24
9.999980047376851e+02 1.996384560420790e-24
9.999981521502026e+02 1.585784821976663e-24
9.999982886716958e+02 1.259633804238785e-24
9.999984151068076e+02 1.000562803356185e-24
9.999985322007324e+02 7.947753642882450e-25
9.999986406436091e+02 6.313125702565547e-25
9.999987410745882e+02 5.014694421016837e-25
9.999988340855989e+02 3.983313680909565e-25
9.999989202248377e+02 3.164058756506633e-25
9.999990000000000e+02 2.513301376378449e-25
