# alpha = 4
# Lmin  = 0.01
# Lmax  = 1000
# tau   = 1
# V1    = 0.1
# V2    = 1
# c     = 1
# xi_min = 0.01
# xi_max = 1000
# DeltaFss = 1.193497654703568e-03
# D_c   = 1.408558375134948e-02
# u_c = D_c/(V2 tau) = 1.408558375134948e-02
# R(u_c) = 2.041971594315166e-01
# columns: u=t/tau, R(u)
1.000000000000000e-04 9.896490211632732e-01
1.039051189336793e-04 9.892461585253087e-01
1.079627374062204e-04 9.888276715755728e-01
1.121788107059891e-04 9.883929587654094e-01
1.165595266824449e-04 9.879413957401068e-01
1.211113148279280e-04 9.874723345029004e-01
1.258408557141013e-04 9.869851025506807e-01
1.307550907968968e-04 9.864790019806475e-01
1.358612326043559e-04 9.859533085671607e-01
1.411667753223186e-04 9.854072708080177e-01
1.466795057934949e-04 9.848401089394057e-01
1.524075149460639e-04 9.842510139187849e-01
1.583592096685727e-04 9.836391463749418e-01
1.645433251485650e-04 9.830036355245074e-01
1.709689376930471e-04 9.823435780542009e-01
1.776454780496086e-04 9.816580369681196e-01
1.845827452477489e-04 9.809460403993975e-01
1.917909209807237e-04 9.802065803855918e-01
1.992805845490198e-04 9.794386116071886e-01
2.070627283873903e-04 9.786410500886662e-01
2.151487741982391e-04 9.778127718615948e-01
2.235505897150335e-04 9.769526115893077e-01
2.322805061203469e-04 9.760593611527507e-01
2.413513361440986e-04 9.751317681971786e-01
2.507763928685497e-04 9.741685346394591e-01
2.605695092676574e-04 9.731683151358240e-01
2.707450585094638e-04 9.721297155100369e-01
2.813179750513180e-04 9.710512911420390e-01
2.923037765588901e-04 9.699315453172855e-01
3.037185866811508e-04 9.687689275371184e-01
3.155791587147396e-04 9.675618317907065e-01
3.279029001924546e-04 9.663085947892489e-01
3.407078984319536e-04 9.650074941633552e-01
3.540129470821606e-04 9.636567466247216e-01
3.678375737063420e-04 9.622545060935167e-01
3.822020684423349e-04 9.607988617931137e-01
3.971275137819903e-04 9.592878363141492e-01
4.126358155135406e-04 9.577193836502186e-01
4.287497348723017e-04 9.560913872078820e-01
4.454929219468996e-04 9.544016577940679e-01
4.628899503900490e-04 9.526479315844207e-01
4.809663534848294e-04 9.508278680766127e-01
4.997486616193922e-04 9.489390480332083e-01
5.192644412250998e-04 9.469789714192367e-01
5.395423352352451e-04 9.449450553403096e-01
5.606121051237321e-04 9.428346319877982e-01
5.825046745854169e-04 9.406449465984084e-01
6.052521749222188e-04 9.383731554363036e-01
6.288879922016120e-04 9.360163238068890e-01
6.534468162567126e-04 9.335714241123837e-01
6.789646915998777e-04 9.310353339604102e-01
7.054790703245417e-04 9.284048343380600e-01
7.330288670729299e-04 9.256766078652222e-01
7.616545161503295e-04 9.228472371424004e-01
7.913980308697395e-04 9.199132032098212e-01
8.223030652139985e-04 9.168708841363840e-01
8.544149779058953e-04 9.137165537588383e-01
8.877808989802900e-04 9.104463805936504e-01
9.224497989559574e-04 9.070564269462358e-01
9.584725607086727e-04 9.035426482446481e-01
9.959020541510277e-04 8.999008926274813e-01
1.034793213828581e-03 8.961269008185755e-01
1.075203119546229e-03 8.922163063242842e-01
1.117191080143139e-03 8.881646359924232e-01
1.160818720539184e-03 8.839673109757549e-01
1.206150072180654e-03 8.796196481468611e-01
1.253251667017966e-03 8.751168620156505e-01
1.302192635153336e-03 8.704540672054975e-01
1.353044806301686e-03 8.656262815491920e-01
1.405882815213737e-03 8.606284298715103e-01
1.460784211215992e-03 8.554553485313161e-01
1.517829572028385e-03 8.501017908027831e-01
1.577102622026649e-03 8.445624331825479e-01
1.638690355122963e-03 8.388318827174405e-01
1.702683162445247e-03 8.329046854560405e-01
1.769174965002465e-03 8.267753361365298e-01
1.838263351530690e-03 8.204382892334655e-01
1.910049721722201e-03 8.138879714970403e-01
1.984639435047864e-03 8.071187961303404e-01
2.062141965391183e-03 8.001251787630851e-01
2.142671061721020e-03 7.929015553944304e-01
2.226344915038755e-03 7.854424024927457e-01
2.313286331844939e-03 7.777422594569651e-01
2.403622914380031e-03 7.697957536622102e-01
2.497487247903738e-03 7.615976283321241e-01
2.595017095287853e-03 7.531427735017883e-01
2.696355599208152e-03 7.444262603584023e-01
2.801651492232151e-03 7.354433792723257e-01
2.911059315111016e-03 7.261896818586093e-01
3.024739643596051e-03 7.166610274392903e-01
3.142859324112624e-03 7.068536343093261e-01
3.265591718637450e-03 6.967641362447177e-01
3.393116959138624e-03 6.863896447300807e-01
3.525622211951828e-03 6.757278174251843e-01
3.663301952480762e-03 6.647769334359075e-01
3.806358250624929e-03 6.535359760052327e-01
3.955001067353747e-03 6.420047232944434e-01
4.109448562862195e-03 6.301838479842797e-01
4.269927416760338e-03 6.180750264906832e-01
4.436673160766607e-03 6.056810586606226e-01
4.609930524393172e-03 5.930059988907324e-01
4.789953794130710e-03 5.800552996958981e-01
4.977007186659796e-03 5.668359688469873e-01
5.171365236636627e-03 5.533567412975976e-01
5.373313199622230e-03 5.396282672296563e-01
5.583147470746565e-03 5.256633176679140e-01
5.801176019721925e-03 5.114770092449521e-01
6.027718842844149e-03 4.970870498421840e-01
6.263108432645010e-03 4.825140069899749e-01
6.507690265885090e-03 4.677816010825988e-01
6.761823310603373e-03 4.529170256529876e-01
7.025880552967686e-03 4.379512971597459e-01
7.300249544699317e-03 4.229196369666384e-01
7.585332971875207e-03 4.078618884448256e-01
7.881549245942516e-03 3.928229724029328e-01
8.189333117813075e-03 3.778533843521900e-01
8.509136315938862e-03 3.630097374464202e-01
8.841428209305172e-03 3.483553553028447e-01
9.186696496314402e-03 3.339609193133385e-01
9.545447920571628e-03 3.199051755010133e-01
9.918209014622368e-03 3.062757064687157e-01
1.030552687273427e-02 2.931594378775397e-01
1.070796995385682e-02 2.805713767196724e-01
1.112612891593757e-02 2.684914408969769e-01
1.156061748281941e-02 2.569001019325139e-01
1.201207334499123e-02 2.457785624725924e-01
1.248115909551393e-02 2.351087289444690e-01
1.296856320249547e-02 2.248731852458580e-01
1.347500101954228e-02 2.150551674273739e-01
1.400121583566991e-02 2.056385393304695e-01
1.454797996621396e-02 1.966077691448405e-01
1.511609588634245e-02 1.879479068505960e-01
1.570639740883311e-02 1.796445625118133e-01
1.631975090784437e-02 1.716838853893114e-01
1.695705659047589e-02 1.640525438417009e-01
1.761924981798528e-02 1.567377059849069e-01
1.830730247859966e-02 1.497270210814794e-01
1.902222441393740e-02 1.430086016320707e-01
1.976506490113303e-02 1.365710061424953e-01
2.053691419284118e-02 1.304032225407677e-01
2.133890511737929e-02 1.244946522194804e-01
2.217221474135790e-02 1.188350946797926e-01
2.303806609723871e-02 1.134147327541914e-01
2.393772997835552e-02 1.082241183860355e-01
2.487252680403331e-02 1.032541589447134e-01
2.584382855754205e-02 9.849610405603526e-02
2.685306079973024e-02 9.394153292824402e-02
2.790170476129292e-02 8.958234215475822e-02
2.899129951674547e-02 8.541073397546793e-02
3.012344424329354e-02 8.141920497908445e-02
3.129980056791472e-02 7.760053522969992e-02
3.252209500609621e-02 7.394777780134450e-02
3.379212149580845e-02 7.045424870493459e-02
3.511174403043318e-02 6.711351719259538e-02
3.648289939451060e-02 6.391939642490088e-02
3.790760000632080e-02 6.086593448712482e-02
3.938793687147105e-02 5.794740574111409e-02
4.092608265182451e-02 5.515830249990616e-02
4.252429485427411e-02 5.249332701269688e-02
4.418491914404197e-02 4.994738374823716e-02
4.591039278736684e-02 4.751557196518630e-02
4.770324822863284e-02 4.519317855838958e-02
4.956611680718921e-02 4.297567117046665e-02
5.150173261931631e-02 4.085869155850296e-02
5.351293653100611e-02 3.883804920602865e-02
5.560268034744621e-02 3.690971517084552e-02
5.777403114532752e-02 3.506981615962547e-02
6.003017577433342e-02 3.331462882055665e-02
6.237442553441787e-02 3.164057424564829e-02
6.481022103573612e-02 3.004421267463373e-02
6.734113724836205e-02 2.852223839272290e-02
6.997088874920279e-02 2.707147481475906e-02
7.270333517381153e-02 2.568886974862716e-02
7.554248688110035e-02 2.437149083103956e-02
7.849251083926641e-02 2.311652112909884e-02
8.155773674157087e-02 2.192125490129606e-02
8.474266336094619e-02 2.078309351185515e-02
8.805196515275861e-02 1.969954149257597e-02
9.149049911541567e-02 1.866820274656199e-02
9.506331191888946e-02 1.768677688844260e-02
9.877564731161660e-02 1.675305571591622e-02
1.026329538166467e-01 1.586491980764870e-02
1.066408927283349e-01 1.502033524276099e-02
1.108053464213138e-01 1.421735043733305e-02
1.151324269839414e-01 1.345409309353550e-02
1.196284851888957e-01 1.272876725717901e-02
1.243001198140810e-01 1.203965047964172e-02
1.291541873275267e-01 1.138509108029992e-02
1.341978119504936e-01 1.076350550574447e-02
1.394383961135555e-01 1.017337578221709e-02
1.448836313210047e-01 9.613247057846178e-03
1.505415094395234e-01 9.081725231401086e-03
1.564203344276928e-01 8.577474664417412e-03
1.625287345235531e-01 8.099215973674597e-03
1.688756749081016e-01 7.645723901129436e-03
1.754704708633165e-01 7.215825258527321e-03
1.823228014440161e-01 6.808396944025417e-03
1.894427236836209e-01 6.422364028270217e-03
1.968406873546676e-01 6.056697907474915e-03
2.045275503057392e-01 5.710414521141017e-03
2.125145943973190e-01 5.382572632163084e-03
2.208135420599605e-01 5.072272167145730e-03
2.294365734990719e-01 4.778652614848292e-03
2.383963445715689e-01 4.500891480755191e-03
2.477060053606326e-01 4.238202795848534e-03
2.573792194758313e-01 3.989835677734979e-03
2.674301841069380e-01 3.755072942350304e-03
2.778736508608712e-01 3.533229764533968e-03
2.887249474123449e-01 3.323652385831144e-03
3.000000000000000e-01 3.125716867942158e-03
3.117153568010376e-01 2.938827890298680e-03
3.238882122186612e-01 2.762417590302952e-03
3.365364321179672e-01 2.595944444820384e-03
3.496785800473350e-01 2.438892191567474e-03
3.633339444837841e-01 2.290768789086562e-03
3.775225671423038e-01 2.151105414045602e-03
3.922652723906904e-01 2.019455494646350e-03
4.075836978130675e-01 1.895393778967067e-03
4.235003259669555e-01 1.778515437106688e-03
4.400385173804849e-01 1.668435196036664e-03
4.572225448381915e-01 1.564786506103832e-03
4.750776290057184e-01 1.467220738163352e-03
4.936299754456950e-01 1.375406410354980e-03
5.129068130791409e-01 1.289028443568312e-03
5.329364341488259e-01 1.207787444674050e-03
5.537482357432465e-01 1.131399016628043e-03
5.753727629421715e-01 1.059593094583444e-03
5.978417536470595e-01 9.921133071738154e-04
6.211881851621706e-01 9.287163621560868e-04
6.454463225947178e-01 8.691714556275685e-04
6.706517691451003e-01 8.132597040552990e-04
6.968415183610414e-01 7.607735983791192e-04
7.240540084322961e-01 7.115164794722356e-04
7.523291786056487e-01 6.653020342642415e-04
7.817085278029726e-01 6.219538118522363e-04
8.122351755283914e-01 5.813047589453525e-04
8.439539251539531e-01 5.431967740069873e-04
8.769113296766704e-01 5.074802794773924e-04
9.111557600434522e-01 4.740138114768127e-04
9.467374761442194e-01 4.426636264063467e-04
9.837087005773638e-01 4.133033238801058e-04
1.022123695295860e+00 3.858134854379564e-04
1.062038841246482e+00 3.600813285034350e-04
1.103512721119026e+00 3.360003750660944e-04
1.146606205327005e+00 3.134701345817728e-04
1.191382541345971e+00 2.923958005980763e-04
1.237907446540621e+00 2.726879606256333e-04
1.286249204616906e+00 2.542623187886580e-04
1.336478765840699e+00 2.370394308008491e-04
1.388669851170148e+00 2.209444508248258e-04
1.442899060454488e+00 2.059068897851621e-04
1.499245984858176e+00 1.918603847165454e-04
1.557793323675301e+00 1.787424787398527e-04
1.618627005705735e+00 1.664944112698469e-04
1.681836315371195e+00 1.550609180688869e-04
1.747514023756251e+00 1.443900407715166e-04
1.815756524766656e+00 1.344329455149961e-04
1.886663976604837e+00 1.251437503208756e-04
1.960340448770138e+00 1.164793608825521e-04
2.036894074799632e+00 1.083993144233828e-04
2.116437210973626e+00 1.008656312994399e-04
2.199086601218789e+00 9.384267403031625e-05
2.284963548450991e+00 8.729701345057098e-05
2.374194092609218e+00 8.119730168348045e-05
2.466909195641994e+00 7.551415164764832e-05
2.563244933717687e+00 7.022002281584888e-05
2.663342696940870e+00 6.528911295413326e-05
2.767349396867870e+00 6.069725557778326e-05
2.875417682126019e+00 5.642182286913956e-05
2.987706162453082e+00 5.244163381063905e-05
3.104379641485743e+00 4.873686729460096e-05
3.225609358638686e+00 4.528897997938741e-05
3.351573240429413e+00 4.208062866951708e-05
3.482456161617554e+00 3.909559700515966e-05
3.618450216541959e+00 3.631872625414616e-05
3.759755001053902e+00 3.373585000721503e-05
3.906577905460009e+00 3.133373258467007e-05
4.059134418905055e+00 2.910001096993273e-05
4.217648445641213e+00 2.702314009265172e-05
4.382352633647975e+00 2.509234129105607e-05
4.553488716085159e+00 2.329755379011521e-05
4.731307866079947e+00 2.162938903879826e-05
4.916071065368889e+00 2.007908775628610e-05
5.108049487335742e+00 1.863847954340025e-05
5.307524895007394e+00 1.729994492175151e-05
5.514790054592065e+00 1.605637966918641e-05
5.730149165166607e+00 1.490116132601555e-05
5.953918305143589e+00 1.382811775223994e-05
6.186425896173555e+00 1.283149762155135e-05
6.428013185163061e+00 1.190594274326967e-05
6.679034745116258e+00 1.104646210858828e-05
6.939858995534819e+00 1.024840756253593e-05
7.210868743140088e+00 9.507451007921390e-06
7.492461743711221e+00 8.819563052212820e-06
7.785051285863559e+00 8.180993012817197e-06
8.089066797624453e+00 7.588250200562535e-06
8.404954476696458e+00 7.038086405358216e-06
8.733177945333049e+00 6.527479512009586e-06
9.074218930788147e+00 6.053618178000568e-06
9.428577972337873e+00 5.613887508734060e-06
9.796775155912346e+00 5.205855669235241e-06
1.017935087741588e+01 4.827261374684299e-06
1.057686663585548e+01 4.476002205354567e-06
1.098990585744228e+01 4.150123694592788e-06
1.141907475187479e+01 3.847809141396562e-06
1.186500320206124e+01 3.567370101921639e-06
1.232834568858659e+01 3.307237516894544e-06
1.280978225028102e+01 3.065953434418382e-06
1.331001948229982e+01 2.842163290044573e-06
1.382979157317952e+01 2.634608708247381e-06
1.436986138239213e+01 2.442120791584076e-06
1.493102155997940e+01 2.263613865856656e-06
1.551409570990988e+01 2.098079651516295e-06
1.611993959886669e+01 1.944581833372013e-06
1.674944241223971e+01 1.802251002386632e-06
1.740352805916578e+01 1.670279944968820e-06
1.808315652853243e+01 1.547919256704781e-06
1.878932529793503e+01 1.434473258921380e-06
1.952307079765527e+01 1.329296197837300e-06
2.028546993181013e+01 1.231788707345133e-06
2.107764165890305e+01 1.141394517678594e-06
2.190074863409793e+01 1.057597393358594e-06
2.275599891562562e+01 9.799182848842465e-07
2.364464773782755e+01 9.079126796425949e-07
2.456799935343925e+01 8.411681384577644e-07
2.552740894781659e+01 7.793020050896874e-07
2.652428462791550e+01 7.219592768270538e-07
2.756008948894323e+01 6.688106251025133e-07
2.863634376171489e+01 6.195505557924045e-07
2.975462704386713e+01 5.738956995517557e-07
3.091658061820281e+01 5.315832231803850e-07
3.212390986157045e+01 4.923693536199179e-07
3.337838674781274e+01 4.560280067472386e-07
3.468185244845824e+01 4.223495136591006e-07
3.603622003497367e+01 3.911394376377823e-07
3.744347728654179e+01 3.622174754507735e-07
3.890568960748640e+01 3.354164370702814e-07
4.042500305862689e+01 3.105812983029106e-07
4.200364750700972e+01 2.875683211978188e-07
4.364393989864183e+01 2.662442374545443e-07
4.534828765902734e+01 2.464854903813080e-07
4.711919222649933e+01 2.281775312621342e-07
4.895925272353314e+01 2.112141662781549e-07
5.087116977142768e+01 1.954969503962428e-07
5.285774945395580e+01 1.809346248877753e-07
5.492190743579904e+01 1.674425953732097e-07
5.706667324181219e+01 1.549424475051509e-07
5.929519470339904e+01 1.433614976048611e-07
6.161074257852353e+01 1.326323757556399e-07
6.401671535213781e+01 1.226926390320319e-07
6.651664422407377e+01 1.134844127073325e-07
6.911419829171611e+01 1.049540574341155e-07
7.181318993506650e+01 9.705186053422472e-08
7.461758041209994e+01 8.973174966661569e-08
7.753148567262615e+01 8.295102726420074e-08
8.055918239919079e+01 7.667012424508508e-08
8.370511428387876e+01 7.085237160987383e-08
8.697389855023633e+01 6.546378863556292e-08
9.037033272988069e+01 6.047288646848241e-08
9.389940170374416e+01 5.585048600423512e-08
9.756628501828874e+01 5.156954902205894e-08
1.013763644874253e+02 4.760502161493235e-08
1.053352320912994e+02 4.393368902540763e-08
1.094486981835319e+02 4.053404106099097e-08
1.137228000189624e+02 3.738614732218838e-08
1.181638106144130e+02 3.447154153144240e-08
1.227782479554735e+02 3.177311430237818e-08
1.275728845628223e+02 2.927501373632790e-08
1.325547574321261e+02 2.696255327726767e-08
1.377311783621005e+02 2.482212629732250e-08
1.431097446858984e+02 2.284112692307780e-08
1.486983504215677e+02 2.100787664830501e-08
1.545051978579489e+02 1.931155631153930e-08
1.605388095930185e+02 1.774214304742498e-08
1.668080410423387e+02 1.629035184903833e-08
1.733220934359824e+02 1.494758140464860e-08
1.800905273230004e+02 1.370586389674906e-08
1.871232766032536e+02 1.255781847379620e-08
1.944306631072082e+02 1.149660812607240e-08
2.020234117450861e+02 1.051589971654889e-08
2.099126662476082e+02 9.609826935673503e-09
2.181100055214347e+02 8.772955965748118e-09
2.266274606433011e+02 8.000253656083408e-09
2.354775325177990e+02 7.287058024506554e-09
2.446732102247126e+02 6.629050914136450e-09
2.542279900828385e+02 6.022232646698133e-09
2.641558954582760e+02 5.462898525095300e-09
2.744714973462470e+02 4.947617048559798e-09
2.851899357566681e+02 4.473209713503641e-09
2.963269419348499e+02 4.036732282271478e-09
3.078988614499402e+02 3.635457410371804e-09
3.199226781850051e+02 3.266858530501340e-09
3.324160392639413e+02 2.928594898807155e-09
3.453972809518240e+02 2.618497715388247e-09
3.588854555666874e+02 2.334557237055758e-09
3.729003594422430e+02 2.074910805870220e-09
3.874625619825798e+02 1.837831721976774e-09
4.025934358514808e+02 1.621718893777774e-09
4.183151883406666e+02 1.425087202520771e-09
4.346508939630145e+02 1.246558521936052e-09
4.516245283185701e+02 1.084853336615686e-09
4.692610032830780e+02 9.387829053533275e-10
4.875862035706593e+02 8.072419176112123e-10
5.066270247243048e+02 6.892015925660380e-10
5.264114125899501e+02 5.837031706903618e-10
5.469684043320484e+02 4.898517473737280e-10
5.683281710508622e+02 4.068103964168048e-10
5.905220620640032e+02 3.337945279572104e-10
6.135826509172174e+02 2.700664199280595e-10
6.375437831919577e+02 2.149298536305658e-10
6.624406261798814e+02 1.677247710560942e-10
6.883097204972150e+02 1.278218520564647e-10
7.151890337147074e+02 9.461687980686533e-11
7.431180160818978e+02 6.752471729882826e-11
7.721376584274933e+02 4.597264548992715e-11
8.022905523208140e+02 2.939269637725147e-11
8.336209525826135e+02 1.721241557990172e-11
8.661748422370356e+02 8.843135674503223e-12
9.000000000000000e+02 3.664173056172758e-12
9.073881271871207e+02 2.908848382264096e-12
9.142304101409105e+02 2.310056478874963e-12
9.205671765275719e+02 1.835071776234716e-12
9.264357745540359e+02 1.458105045536414e-12
9.318707930942038e+02 1.158802835674579e-12
9.369042655519806e+02 9.210810466967406e-13
9.415658586626483e+02 7.322153242193640e-13
9.458830473453537e+02 5.821297205915312e-13
9.498812766372728e+02 4.628390220812149e-13
9.535841116638722e+02 3.680105925513509e-13
9.570133765291773e+02 2.926194630677822e-13
9.601892829446502e+02 2.326763722102108e-13
9.631305493548042e+02 1.850130182686927e-13
9.658545112616640e+02 1.471122762844050e-13
9.683772233983162e+02 1.169738209440610e-13
9.707135543537477e+02 9.300767418076975e-14
9.728772742066797e+02 7.394980846457182e-14
9.748811356849042e+02 5.879519174995344e-14
9.767369493284638e+02 4.674463993523146e-14
9.784556530996812e+02 3.716260982766667e-14
9.800473768503111e+02 2.954366761561236e-14
9.815215020257771e+02 2.348584126170483e-14
9.828867169583822e+02 1.866943820497120e-14
9.841510680753889e+02 1.484020407788471e-14
9.853220073237793e+02 1.179593072035699e-14
9.864064360912147e+02 9.375805781722873e-15
9.874107458820583e+02 7.451941937663492e-15
9.883408559882016e+02 5.922639275123530e-15
9.892022483767229e+02 4.707026045966805e-15
9.900000000000000e+02 3.740795740999425e-15
9.907388127187121e+02 2.972816216889715e-15
9.914230410140910e+02 2.362432519842262e-15
9.920567176527571e+02 1.877321542836950e-15
9.926435774554036e+02 1.491785668213279e-15
9.931870793094204e+02 1.185395621876905e-15
9.936904265551980e+02 9.419111188352725e-16
9.941565858662649e+02 7.484224799353683e-16
9.945883047345354e+02 5.946680151626742e-16
9.949881276637273e+02 4.724912103645149e-16
9.953584111663872e+02 3.754091072212069e-16
9.957013376529177e+02 2.982691166907134e-16
9.960189282944650e+02 2.369761610150758e-16
9.963130549354804e+02 1.882757429261019e-16
9.965854511261664e+02 1.495814872445360e-16
9.968377223398315e+02 1.188380442608036e-16
9.970713554353747e+02 9.441210916298387e-17
9.972877274206679e+02 7.500579526528222e-17
9.974881135684905e+02 5.958777881685116e-17
9.976736949328464e+02 4.733857175666701e-17
9.978455653099682e+02 3.760702527813790e-17
9.980047376850312e+02 2.987576075342220e-17
9.981521502025778e+02 2.373369669302999e-17
9.982886716958383e+02 1.885421584930633e-17
9.984151068075389e+02 1.497781509715018e-17
9.985322007323779e+02 1.189831808324729e-17
9.986406436091215e+02 9.451919348031332e-18
9.987410745882058e+02 7.508478654183735e-18
9.988340855988201e+02 5.964603524657622e-18
9.989202248376723e+02 4.738152804399834e-18
9.990000000000000e+02 3.763869424602363e-18
9.990738812718713e+02 2.989910452703875e-18
9.991423041014092e+02 2.375090124826987e-18
9.992056717652757e+02 1.886689400038704e-18
9.992643577455403e+02 1.498715651855428e-18
9.993187079309420e+02 1.190520014741917e-18
9.993690426555198e+02 9.456988986788167e-19
9.994156585866265e+02 7.512212801047432e-19
9.994588304734535e+02 5.967353730077352e-19
9.994988127663728e+02 4.740178159877502e-19
9.995358411166387e+02 3.765360853563979e-19
9.995701337652918e+02 2.991008627984582e-19
9.996018928294465e+02 2.375898682363920e-19
9.996313054935481e+02 1.887284681811748e-19
9.996585451126166e+02 1.499153888496555e-19
9.996837722339832e+02 1.190842619765644e-19
9.997071355435376e+02 9.459363702708561e-20
9.997287727420669e+02 7.513960762796920e-20
9.997488113568490e+02 5.968640300060995e-20
9.997673694932846e+02 4.741125089113303e-20
9.997845565309968e+02 3.766057777753249e-20
9.998004737685031e+02 2.991521535018320e-20
9.998152150202577e+02 2.376276148486038e-20
9.998288671695839e+02 1.887562464083564e-20
9.998415106807539e+02 1.499358306549077e-20
9.998532200732378e+02 1.190993045804143e-20
9.998640643609122e+02 9.460470623776020e-21
9.998741074588205e+02 7.514775281204564e-21
9.998834085598820e+02 5.969239644445388e-21
9.998920224837672e+02 4.741566094546893e-21
9.999000000000000e+02 3.766382269742166e-21
9.999073881271871e+02 2.991760292569785e-21
9.999142304101409e+02 2.376451821012874e-21
9.999205671765276e+02 1.887691718290463e-21
9.999264357745541e+02 1.499453406439108e-21
9.999318707930942e+02 1.191063015551599e-21
9.999369042655519e+02 9.460985420627151e-22
9.999415658586627e+02 7.515154035041679e-22
9.999458830473453e+02 5.969518304206317e-22
9.999498812766373e+02 4.741771110510354e-22
9.999535841116639e+02 3.766533103194753e-22
9.999570133765292e+02 2.991871262283556e-22
9.999601892829446e+02 2.376533462014687e-22
9.999631305493548e+02 1.887751781614955e-22
9.999658545112617e+02 1.499497594799381e-22
9.999683772233983e+02 1.191095524584936e-22
9.999707135543538e+02 9.461224585804459e-23
9.999728772742067e+02 7.515329985366126e-23
9.999748811356849e+02 5.969647747672825e-23
9.999767369493284e+02 4.741866339409375e-23
9.999784556530997e+02 3.766603160802734e-23
9.999800473768503e+02 2.991922801838117e-23
9.999815215020258e+02 2.376571378174226e-23
9.999828867169583e+02 1.887779675398781e-23
9.999841510680753e+02 1.499518115343335e-23
9.999853220073238e+02 1.191110620814695e-23
9.999864064360912e+02 9.461335643431291e-24
9.999874107458820e+02 7.515411686267608e-24
9.999883408559882e+02 5.969707851760758e-24
9.999892022483767e+02 4.741910555482402e-24
9.999900000000000e+02 3.766635688742872e-24
9.999907388127187e+02 2.991946731211865e-24
9.999914230410141e+02 2.376588982025029e-24
9.999920567176528e+02 1.887792625701744e-24
9.999926435774554e+02 1.499527642296912e-24
9.999931870793095e+02 1.191117629355022e-24
9.999936904265552e+02 9.461387201907669e-25
9.999941565858662e+02 7.515449615428096e-25
9.999945883047345e+02 5.969735754331773e-25
9.999949881276638e+02 4.741931081864537e-25
9.999953584111664e+02 3.766650788996449e-25
9.999957013376529e+02 2.991957839777675e-25
9.999960189282945e+02 2.376597153971293e-25
9.999963130549355e+02 1.887798637350871e-25
9.999965854511262e+02 1.499532064745220e-25
9.999968377223398e+02 1.191120882760570e-25
9.999970713554353e+02 9.461411135897977e-26
9.999972877274207e+02 7.515467221344970e-26
9.999974881135685e+02 5.969748706606137e-26
9.999976736949328e+02 4.741940610378754e-26
9.999978455653101e+02 3.766657797996063e-26
9.999980047376851e+02 2.991962996092951e-26
9.999981521502026e+02 2.376600947144136e-26
9.999982886716958e+02 1.887801427934707e-26
9.999984151068076e+02 1.499534117533000e-26
9.999985322007324e+02 1.191122392898372e-26
9.999986406436091e+02 9.461422245580566e-27
9.999987410745882e+02 7.515475393512189e-27
9.999988340855989e+02 5.969754717107340e-27
9.999989202248377e+02 4.741945032984017e-27
9.999990000000000e+02 3.766661051599012e-27
