# alpha = 3
# Lmin  = 0.01
# Lmax  = 1000
# tau   = 1
# V1    = 0.1
# V2    = 1
# c     = 1
# u_min_requested = 0.0001
# u_max_requested = 10000000
# u_max_used      = 1000
# u_physical_max  = 1000
# points_per_decade = 80
# DeltaFss = 3.223807544410680e-03
# columns: u=t/tau, R(u)
1.000000000000000e-04 9.952289461534611e-01
1.029200527194428e-04 9.950899911282085e-01
1.059253725177289e-04 9.949470000134334e-01
1.090184492385128e-04 9.947998562258556e-01
1.122018454301963e-04 9.946484398533563e-01
1.154781984689458e-04 9.944926275622442e-01
1.188502227437018e-04 9.943322925020844e-01
1.223207119049932e-04 9.941673042080296e-01
1.258925411794167e-04 9.939975285005975e-01
1.295686697517020e-04 9.938228273828340e-01
1.333521432163324e-04 9.936430589348124e-01
1.372460961007562e-04 9.934580772054007e-01
1.412537544622754e-04 9.932677321012513e-01
1.453784385607662e-04 9.930718692729387e-01
1.496235656094434e-04 9.928703299981952e-01
1.539926526059492e-04 9.926629510621929e-01
1.584893192461113e-04 9.924495646347872e-01
1.631172909227838e-04 9.922299981446842e-01
1.678804018122560e-04 9.920040741504694e-01
1.727825980507863e-04 9.917716102084215e-01
1.778279410038923e-04 9.915324187370691e-01
1.830206106311056e-04 9.912863068784212e-01
1.883649089489801e-04 9.910330763558157e-01
1.938652635952208e-04 9.907725233283171e-01
1.995262314968880e-04 9.905044382416264e-01
2.053525026457146e-04 9.902286056754177e-01
2.113489039836647e-04 9.899448041870701e-01
2.175204034019523e-04 9.896528061517207e-01
2.238721138568340e-04 9.893523775985975e-01
2.304092976055846e-04 9.890432780435725e-01
2.371373705661655e-04 9.887252603178815e-01
2.440619068041980e-04 9.883980703929753e-01
2.511886431509580e-04 9.880614472014386e-01
2.585234839562191e-04 9.877151224539473e-01
2.660725059798810e-04 9.873588204522136e-01
2.738419634264362e-04 9.869922578978882e-01
2.818382931264454e-04 9.866151436973771e-01
2.900681198693154e-04 9.862271787625584e-01
2.985382618917959e-04 9.858280558073548e-01
3.072557365267447e-04 9.854174591401561e-01
3.162277660168379e-04 9.849950644520669e-01
3.254617834980459e-04 9.845605386009866e-01
3.349654391578277e-04 9.841135393914808e-01
3.447466065731494e-04 9.836537153505128e-01
3.548133892335755e-04 9.831807054989717e-01
3.651741272548378e-04 9.826941391190811e-01
3.758374042884442e-04 9.821936355176791e-01
3.868120546330521e-04 9.816788037854259e-01
3.981071705534973e-04 9.811492425519812e-01
4.097321098135415e-04 9.806045397372281e-01
4.216965034285822e-04 9.800442722985822e-01
4.340102636447438e-04 9.794680059745303e-01
4.466835921509632e-04 9.788752950244365e-01
4.597269885308722e-04 9.782656819647886e-01
4.731512589614806e-04 9.776386973019813e-01
4.869675251658631e-04 9.769938592618181e-01
5.011872336272723e-04 9.763306735158791e-01
5.158221650723057e-04 9.756486329049721e-01
5.308844442309885e-04 9.749472171598684e-01
5.463865498818543e-04 9.742258926195683e-01
5.623413251903491e-04 9.734841119473732e-01
5.787619883491207e-04 9.727213138450448e-01
5.956621435290105e-04 9.719369227653941e-01
6.130557921498207e-04 9.711303486236422e-01
6.309573444801933e-04 9.703009865079669e-01
6.493816315762113e-04 9.694482163896400e-01
6.683439175686146e-04 9.685714028332598e-01
6.878599123088077e-04 9.676698947075538e-01
7.079457843841379e-04 9.667430248973504e-01
7.286181745132278e-04 9.657901100172928e-01
7.498942093324559e-04 9.648104501279864e-01
7.717915155850124e-04 9.638033284552737e-01
7.943282347242813e-04 9.627680111134301e-01
8.175230379436501e-04 9.617037468331084e-01
8.413951416451951e-04 9.606097666949591e-01
8.659643233600653e-04 9.594852838698893e-01
8.912509381337455e-04 9.583294933670341e-01
9.172759353897798e-04 9.571415717905877e-01
9.440608762859235e-04 9.559206771067195e-01
9.716279515771061e-04 9.546659484218979e-01
9.999999999999998e-04 9.533765057740825e-01
1.029200527194428e-03 9.520514499382824e-01
1.059253725177289e-03 9.506898622481671e-01
1.090184492385128e-03 9.492908044354934e-01
1.122018454301963e-03 9.478533184892586e-01
1.154781984689458e-03 9.463764265366345e-01
1.188502227437019e-03 9.448591307478781e-01
1.223207119049932e-03 9.433004132675744e-01
1.258925411794167e-03 9.416992361747498e-01
1.295686697517019e-03 9.400545414745604e-01
1.333521432163324e-03 9.383652511244523e-01
1.372460961007562e-03 9.366302670979236e-01
1.412537544622754e-03 9.348484714891877e-01
1.453784385607662e-03 9.330187266623357e-01
1.496235656094433e-03 9.311398754487790e-01
1.539926526059492e-03 9.292107413970719e-01
1.584893192461114e-03 9.272301290794671e-01
1.631172909227838e-03 9.251968244598646e-01
1.678804018122560e-03 9.231095953281506e-01
1.727825980507864e-03 9.209671918062438e-01
1.778279410038923e-03 9.187683469315350e-01
1.830206106311056e-03 9.165117773238260e-01
1.883649089489800e-03 9.141961839422387e-01
1.938652635952208e-03 9.118202529390297e-01
1.995262314968880e-03 9.093826566177536e-01
2.053525026457146e-03 9.068820545036230e-01
2.113489039836647e-03 9.043170945345682e-01
2.175204034019522e-03 9.016864143819580e-01
2.238721138568340e-03 8.989886429106287e-01
2.304092976055846e-03 8.962224017884585e-01
2.371373705661655e-03 8.933863072564565e-01
2.440619068041980e-03 8.904789720710363e-01
2.511886431509581e-03 8.874990076309296e-01
2.585234839562191e-03 8.844450263020471e-01
2.660725059798810e-03 8.813156439544637e-01
2.738419634264361e-03 8.781094827266425e-01
2.818382931264454e-03 8.748251740330438e-01
2.900681198693154e-03 8.714613618323114e-01
2.985382618917960e-03 8.680167061744064e-01
3.072557365267447e-03 8.644898870462250e-01
3.162277660168379e-03 8.608796085366154e-01
3.254617834980459e-03 8.571846033430010e-01
3.349654391578277e-03 8.534036376433972e-01
3.447466065731494e-03 8.495355163590901e-01
3.548133892335754e-03 8.455790888350068e-01
3.651741272548378e-03 8.415332549665500e-01
3.758374042884442e-03 8.373969718036119e-01
3.868120546330522e-03 8.331692606645078e-01
3.981071705534973e-03 8.288492147947706e-01
4.097321098135415e-03 8.244360076080574e-01
4.216965034285824e-03 8.199289015489107e-01
4.340102636447438e-03 8.153272576197765e-01
4.466835921509631e-03 8.106305456174943e-01
4.597269885308721e-03 8.058383551275351e-01
4.731512589614806e-03 8.009504073274660e-01
4.869675251658632e-03 7.959665676545802e-01
5.011872336272723e-03 7.908868593963420e-01
5.158221650723056e-03 7.857114782662225e-01
5.308844442309885e-03 7.804408080317382e-01
5.463865498818543e-03 7.750754372659957e-01
5.623413251903491e-03 7.696161772989217e-01
5.787619883491206e-03 7.640640814494533e-01
5.956621435290104e-03 7.584204656255725e-01
6.130557921498206e-03 7.526869303849326e-01
6.309573444801930e-03 7.468653845551805e-01
6.493816315762116e-03 7.409580705198970e-01
6.683439175686148e-03 7.349675912833240e-01
6.878599123088077e-03 7.288969394348682e-01
7.079457843841380e-03 7.227495281427271e-01
7.286181745132277e-03 7.165292243149873e-01
7.498942093324557e-03 7.102403840761397e-01
7.717915155850122e-03 7.038878907173198e-01
7.943282347242814e-03 6.974771952896885e-01
8.175230379436496e-03 6.910143600222758e-01
8.413951416451954e-03 6.845061047584637e-01
8.659643233600656e-03 6.779598566190572e-01
8.912509381337457e-03 6.713838031147069e-01
9.172759353897796e-03 6.647869489464578e-01
9.440608762859234e-03 6.581791767503443e-01
9.716279515771061e-03 6.515713120604961e-01
9.999999999999998e-03 6.449751927851873e-01
1.029200527194428e-02 6.384014974119757e-01
1.059253725177289e-02 6.318526811481600e-01
1.090184492385128e-02 6.253290508351870e-01
1.122018454301964e-02 6.188309139036533e-01
1.154781984689458e-02 6.123585782801737e-01
1.188502227437018e-02 6.059123522921305e-01
1.223207119049931e-02 5.994925445703100e-01
1.258925411794167e-02 5.930994639494651e-01
1.295686697517019e-02 5.867334193668413e-01
1.333521432163324e-02 5.803947197586807e-01
1.372460961007563e-02 5.740836739547585e-01
1.412537544622755e-02 5.678005905709822e-01
1.453784385607662e-02 5.615457779000924e-01
1.496235656094434e-02 5.553195438005216e-01
1.539926526059492e-02 5.491221955834434e-01
1.584893192461113e-02 5.429540398980781e-01
1.631172909227838e-02 5.368153826152963e-01
1.678804018122560e-02 5.307065287095855e-01
1.727825980507863e-02 5.246277821394314e-01
1.778279410038923e-02 5.185794457261844e-01
1.830206106311057e-02 5.125618210314711e-01
1.883649089489801e-02 5.065752082332209e-01
1.938652635952208e-02 5.006199060003771e-01
1.995262314968880e-02 4.946962113663680e-01
2.053525026457146e-02 4.888044196014190e-01
2.113489039836646e-02 4.829448240837704e-01
2.175204034019522e-02 4.771177161699018e-01
2.238721138568339e-02 4.713233850638354e-01
2.304092976055847e-02 4.655621176856064e-01
2.371373705661656e-02 4.598341985389963e-01
2.440619068041981e-02 4.541399095786142e-01
2.511886431509580e-02 4.484795300764282e-01
2.585234839562191e-02 4.428533364878303e-01
2.660725059798810e-02 4.372616023173528e-01
2.738419634264361e-02 4.317045979841206e-01
2.818382931264453e-02 4.261825906871493e-01
2.900681198693155e-02 4.206958442705933e-01
2.985382618917961e-02 4.152446190890515e-01
3.072557365267447e-02 4.098291718730360e-01
3.162277660168380e-02 4.044497555947142e-01
3.254617834980459e-02 3.991066193340377e-01
3.349654391578277e-02 3.938000081453691e-01
3.447466065731494e-02 3.885301629247160e-01
3.548133892335754e-02 3.832973202776945e-01
3.651741272548376e-02 3.781017123883328e-01
3.758374042884443e-02 3.729435668888276e-01
3.868120546330523e-02 3.678231067303780e-01
3.981071705534973e-02 3.627405500552081e-01
4.097321098135416e-02 3.576961100698962e-01
4.216965034285823e-02 3.526899949201269e-01
4.340102636447438e-02 3.477224075669907e-01
4.466835921509631e-02 3.427935456649358e-01
4.597269885308721e-02 3.379036014414996e-01
4.731512589614803e-02 3.330527615789290e-01
4.869675251658633e-02 3.282412070978082e-01
5.011872336272724e-02 3.234691132428107e-01
5.158221650723058e-02 3.187366493706814e-01
5.308844442309884e-02 3.140439788405667e-01
5.463865498818542e-02 3.093912589068065e-01
5.623413251903490e-02 3.047786406142899e-01
5.787619883491206e-02 3.002062686964859e-01
5.956621435290103e-02 2.956742814762570e-01
6.130557921498205e-02 2.911828107695578e-01
6.309573444801934e-02 2.867319817921187e-01
6.493816315762115e-02 2.823219130692194e-01
6.683439175686148e-02 2.779527163486425e-01
6.878599123088078e-02 2.736244965169090e-01
7.079457843841379e-02 2.693373515188829e-01
7.286181745132277e-02 2.650913722808355e-01
7.498942093324557e-02 2.608866426370570e-01
7.717915155850122e-02 2.567232392600964e-01
7.943282347242819e-02 2.526012315947128e-01
8.175230379436503e-02 2.485206817956119e-01
8.413951416451954e-02 2.444816446690433e-01
8.659643233600656e-02 2.404841676183288e-01
8.912509381337456e-02 2.365282905933871e-01
9.172759353897796e-02 2.326140460443199e-01
9.440608762859233e-02 2.287414588791150e-01
9.716279515771060e-02 2.249105464255287e-01
9.999999999999996e-02 2.211213183971907e-01
1.029200527194429e-01 2.173737768639878e-01
1.059253725177289e-01 2.136679162267642e-01
1.090184492385128e-01 2.100037231963825e-01
1.122018454301964e-01 2.063811767771786e-01
1.154781984689458e-01 2.028002482548473e-01
1.188502227437018e-01 1.992609011887789e-01
1.223207119049931e-01 1.957630914088800e-01
1.258925411794167e-01 1.923067670168928e-01
1.295686697517019e-01 1.888918683922292e-01
1.333521432163325e-01 1.855183282023340e-01
1.372460961007562e-01 1.821860714175852e-01
1.412537544622754e-01 1.788950153307310e-01
1.453784385607662e-01 1.756450695808707e-01
1.496235656094433e-01 1.724361361819679e-01
1.539926526059492e-01 1.692681095558935e-01
1.584893192461113e-01 1.661408765699844e-01
1.631172909227838e-01 1.630543165791020e-01
1.678804018122560e-01 1.600083014721710e-01
1.727825980507864e-01 1.570026957231757e-01
1.778279410038923e-01 1.540373564465858e-01
1.830206106311056e-01 1.511121334571807e-01
1.883649089489801e-01 1.482268693342381e-01
1.938652635952207e-01 1.453813994900472e-01
1.995262314968879e-01 1.425755522427072e-01
2.053525026457146e-01 1.398091488931619e-01
2.113489039836646e-01 1.370820038064242e-01
2.175204034019524e-01 1.343939244969358e-01
2.238721138568341e-01 1.317447117180075e-01
2.304092976055846e-01 1.291341595552791e-01
2.371373705661656e-01 1.265620555241371e-01
2.440619068041981e-01 1.240281806710228e-01
2.511886431509580e-01 1.215323096785617e-01
2.585234839562190e-01 1.190742109744402e-01
2.660725059798809e-01 1.166536468439547e-01
2.738419634264361e-01 1.142703735461521e-01
2.818382931264455e-01 1.119241414334782e-01
2.900681198693155e-01 1.096146950748503e-01
2.985382618917961e-01 1.073417733820610e-01
3.072557365267447e-01 1.051051097394232e-01
3.162277660168379e-01 1.029044321365595e-01
3.254617834980459e-01 1.007394633042361e-01
3.349654391578276e-01 9.860992085313891e-02
3.447466065731493e-01 9.651551741548854e-02
3.548133892335753e-01 9.445596078938073e-02
3.651741272548375e-01 9.243095408574574e-02
3.758374042884440e-01 9.044019587780662e-02
3.868120546330519e-01 8.848338035292216e-02
3.981071705534969e-01 8.656019746668929e-02
4.097321098135419e-01 8.467033309918426e-02
4.216965034285826e-01 8.281346921321218e-02
4.340102636447441e-01 8.098928401443527e-02
4.466835921509634e-01 7.919745211324661e-02
4.597269885308724e-01 7.743764468825322e-02
4.731512589614807e-01 7.570952965122796e-02
4.869675251658632e-01 7.401277181338950e-02
5.011872336272724e-01 7.234703305286491e-02
5.158221650723057e-01 7.071197248318824e-02
5.308844442309884e-01 6.910724662268476e-02
5.463865498818542e-01 6.753250956458966e-02
5.623413251903490e-01 6.598741314774623e-02
5.787619883491205e-01 6.447160712772837e-02
5.956621435290101e-01 6.298473934822860e-02
6.130557921498204e-01 6.152645591255267e-02
6.309573444801929e-01 6.009640135505999e-02
6.493816315762109e-01 5.869421881238682e-02
6.683439175686141e-01 5.731955019429033e-02
6.878599123088082e-01 5.597203635394937e-02
7.079457843841385e-01 5.465131725755790e-02
7.286181745132282e-01 5.335703215304663e-02
7.498942093324562e-01 5.208881973776985e-02
7.717915155850128e-01 5.084631832499269e-02
7.943282347242817e-01 4.962916600901793e-02
8.175230379436502e-01 4.843700082878904e-02
8.413951416451951e-01 4.726946092981141e-02
8.659643233600653e-01 4.612618472423280e-02
8.912509381337456e-01 4.500681104892748e-02
9.172759353897795e-01 4.391097932143154e-02
9.440608762859231e-01 4.283832969357875e-02
9.716279515771058e-01 4.178850320269065e-02
9.999999999999996e-01 4.076114192017743e-02
1.029200527194428e+00 3.975588909741191e-02
1.059253725177288e+00 3.877238930874059e-02
1.090184492385127e+00 3.781028859150329e-02
1.122018454301964e+00 3.686923458293669e-02
1.154781984689459e+00 3.594887665384245e-02
1.188502227437019e+00 3.504886603890642e-02
1.223207119049932e+00 3.416885596356248e-02
1.258925411794168e+00 3.330850176729919e-02
1.295686697517020e+00 3.246746102331533e-02
1.333521432163324e+00 3.164539365443660e-02
1.372460961007562e+00 3.084196204521314e-02
1.412537544622754e+00 3.005683115012386e-02
1.453784385607662e+00 2.928966859782227e-02
1.496235656094433e+00 2.854014479136477e-02
1.539926526059492e+00 2.780793300437020e-02
1.584893192461113e+00 2.709270947306801e-02
1.631172909227838e+00 2.639415348419834e-02
1.678804018122560e+00 2.571194745873701e-02
1.727825980507862e+00 2.504577703142417e-02
1.778279410038922e+00 2.439533112608488e-02
1.830206106311055e+00 2.376030202673560e-02
1.883649089489802e+00 2.314038544447997e-02
1.938652635952209e+00 2.253528058020272e-02
1.995262314968881e+00 2.194469018307931e-02
2.053525026457147e+00 2.136832060492520e-02
2.113489039836648e+00 2.080588185041547e-02
2.175204034019523e+00 2.025708762321245e-02
2.238721138568340e+00 1.972165536804520e-02
2.304092976055846e+00 1.919930630879113e-02
2.371373705661656e+00 1.868976548261513e-02
2.440619068041980e+00 1.819276177022860e-02
2.511886431509580e+00 1.770802792233429e-02
2.585234839562190e+00 1.723530058232952e-02
2.660725059798808e+00 1.677432030534371e-02
2.738419634264360e+00 1.632483157369137e-02
2.818382931264452e+00 1.588658280882527e-02
2.900681198693152e+00 1.545932637987811e-02
2.985382618917957e+00 1.504281860888485e-02
3.072557365267450e+00 1.463681977278016e-02
3.162277660168382e+00 1.424109410226893e-02
3.254617834980461e+00 1.385540977766895e-02
3.349654391578279e+00 1.347953892182837e-02
3.447466065731496e+00 1.311325759022071e-02
3.548133892335756e+00 1.275634575832279e-02
3.651741272548378e+00 1.240858730638101e-02
3.758374042884443e+00 1.206977000167282e-02
3.868120546330522e+00 1.173968547837037e-02
3.981071705534972e+00 1.141812921511362e-02
4.097321098135414e+00 1.110490051039988e-02
4.216965034285821e+00 1.079980245589674e-02
4.340102636447437e+00 1.050264190778449e-02
4.466835921509630e+00 1.021322945623323e-02
4.597269885308719e+00 9.931379393119302e-03
4.731512589614802e+00 9.656909678083754e-03
4.869675251658628e+00 9.389641903034639e-03
5.011872336272718e+00 9.129401255193185e-03
5.158221650723061e+00 8.876016478781921e-03
5.308844442309888e+00 8.629319835451312e-03
5.463865498818546e+00 8.389147063538797e-03
5.623413251903494e+00 8.155337336252793e-03
5.787619883491209e+00 7.927733218871089e-03
5.956621435290106e+00 7.706180625041267e-03
6.130557921498209e+00 7.490528772268091e-03
6.309573444801933e+00 7.280630136670300e-03
6.493816315762113e+00 7.076340407086681e-03
6.683439175686146e+00 6.877518438608776e-03
6.878599123088074e+00 6.684026205614556e-03
7.079457843841377e+00 6.495728754375239e-03
7.286181745132275e+00 6.312494155304233e-03
7.498942093324556e+00 6.134193454914698e-03
7.717915155850120e+00 5.960700627549520e-03
7.943282347242810e+00 5.791892526944651e-03
8.175230379436494e+00 5.627648837684216e-03
8.413951416451958e+00 5.467852026602987e-03
8.659643233600661e+00 5.312387294189361e-03
8.912509381337461e+00 5.161142526038991e-03
9.172759353897801e+00 5.014008244407291e-03
9.440608762859240e+00 4.870877559905780e-03
9.716279515771067e+00 4.731646123385328e-03
1.000000000000000e+01 4.596212078046581e-03
1.029200527194428e+01 4.464476011815717e-03
1.059253725177289e+01 4.336340910021176e-03
1.090184492385128e+01 4.211712108404908e-03
1.122018454301963e+01 4.090497246499394e-03
1.154781984689458e+01 3.972606221399634e-03
1.188502227437018e+01 3.857951141957192e-03
1.223207119049931e+01 3.746446283421467e-03
1.258925411794167e+01 3.638008042551313e-03
1.295686697517019e+01 3.532554893218454e-03
1.333521432163323e+01 3.430007342522144e-03
1.372460961007561e+01 3.330287887433020e-03
1.412537544622755e+01 3.233320971982240e-03
1.453784385607663e+01 3.139032945010632e-03
1.496235656094434e+01 3.047352018490807e-03
1.539926526059493e+01 2.958208226434015e-03
1.584893192461114e+01 2.871533384391942e-03
1.631172909227839e+01 2.787261049562402e-03
1.678804018122561e+01 2.705326481506613e-03
1.727825980507864e+01 2.625666603484566e-03
1.778279410038923e+01 2.548219964413835e-03
1.830206106311056e+01 2.472926701456122e-03
1.883649089489800e+01 2.399728503234810e-03
1.938652635952207e+01 2.328568573685824e-03
1.995262314968879e+01 2.259391596543208e-03
2.053525026457145e+01 2.192143700459977e-03
2.113489039836645e+01 2.126772424763959e-03
2.175204034019521e+01 2.063226685847647e-03
2.238721138568338e+01 2.001456744190327e-03
2.304092976055848e+01 1.941414172010103e-03
2.371373705661657e+01 1.883051821542851e-03
2.440619068041982e+01 1.826323793944459e-03
2.511886431509582e+01 1.771185408812352e-03
2.585234839562192e+01 1.717593174321613e-03
2.660725059798811e+01 1.665504757970698e-03
2.738419634264362e+01 1.614878957931222e-03
2.818382931264454e+01 1.565675674995996e-03
2.900681198693154e+01 1.517855885119048e-03
2.985382618917960e+01 1.471381612541104e-03
3.072557365267446e+01 1.426215903493692e-03
3.162277660168379e+01 1.382322800474725e-03
3.254617834980458e+01 1.339667317088271e-03
3.349654391578275e+01 1.298215413440880e-03
3.447466065731492e+01 1.257933972086768e-03
3.548133892335752e+01 1.218790774513902e-03
3.651741272548374e+01 1.180754478162932e-03
3.758374042884439e+01 1.143794593970765e-03
3.868120546330525e+01 1.107881464430475e-03
3.981071705534976e+01 1.072986242159177e-03
4.097321098135418e+01 1.039080868965360e-03
4.216965034285825e+01 1.006138055407195e-03
4.340102636447440e+01 9.741312608332298e-04
4.466835921509633e+01 9.430346738968875e-04
4.597269885308723e+01 9.128231935361509e-04
4.731512589614805e+01 8.834724104098297e-04
4.869675251658632e+01 8.549585887818052e-04
5.011872336272722e+01 8.272586488446640e-04
5.158221650723056e+01 8.003501494741647e-04
5.308844442309882e+01 7.742112714060217e-04
5.463865498818540e+01 7.488208008265206e-04
5.623413251903488e+01 7.241581133685599e-04
5.787619883491202e+01 7.002031585047364e-04
5.956621435290101e+01 6.769364443291948e-04
6.130557921498202e+01 6.543390227200058e-04
6.309573444801939e+01 6.323924748739278e-04
6.493816315762118e+01 6.110788972054904e-04
6.683439175686151e+01 5.903808876024029e-04
6.878599123088080e+01 5.702815320294154e-04
7.079457843841382e+01 5.507643914728207e-04
7.286181745132281e+01 5.318134892178932e-04
7.498942093324560e+01 5.134132984516616e-04
7.717915155850126e+01 4.955487301835037e-04
7.943282347242817e+01 4.782051214761612e-04
8.175230379436499e+01 4.613682239798658e-04
8.413951416451950e+01 4.450241927623801e-04
8.659643233600652e+01 4.291595754278511e-04
8.912509381337452e+01 4.137613015174892e-04
9.172759353897791e+01 3.988166721851774e-04
9.440608762859229e+01 3.843133501412318e-04
9.716279515771056e+01 3.702393498576248e-04
9.999999999999993e+01 3.565830280280962e-04
1.029200527194427e+02 3.433330742766700e-04
1.059253725177290e+02 3.304785021081965e-04
1.090184492385129e+02 3.180086400946469e-04
1.122018454301964e+02 3.059131232909575e-04
1.154781984689459e+02 2.941818848743510e-04
1.188502227437019e+02 2.828051480011229e-04
1.223207119049932e+02 2.717734178749834e-04
1.258925411794168e+02 2.610774740211308e-04
1.295686697517020e+02 2.507083627603110e-04
1.333521432163324e+02 2.406573898771987e-04
1.372460961007562e+02 2.309161134775094e-04
1.412537544622754e+02 2.214763370283254e-04
1.453784385607661e+02 2.123301025761804e-04
1.496235656094433e+02 2.034696841375125e-04
1.539926526059491e+02 1.948875812561509e-04
1.584893192461113e+02 1.865765127225493e-04
1.631172909227837e+02 1.785294104495293e-04
1.678804018122559e+02 1.707394134993272e-04
1.727825980507865e+02 1.631998622567741e-04
1.778279410038924e+02 1.559042927434612e-04
1.830206106311057e+02 1.488464310677506e-04
1.883649089489802e+02 1.420201880055070e-04
1.938652635952208e+02 1.354196537064115e-04
1.995262314968880e+02 1.290390925207075e-04
2.053525026457147e+02 1.228729379412001e-04
2.113489039836647e+02 1.169157876552862e-04
2.175204034019523e+02 1.111623987017410e-04
2.238721138568339e+02 1.056076827269111e-04
2.304092976055845e+02 1.002467013348742e-04
2.371373705661655e+02 9.507466152601817e-05
2.440619068041979e+02 9.008691121835705e-05
2.511886431509579e+02 8.527893484574551e-05
2.585234839562190e+02 8.064634902696918e-05
2.660725059798808e+02 7.618489829947071e-05
2.738419634264359e+02 7.189045091121978e-05
2.818382931264451e+02 6.775899466394513e-05
2.900681198693156e+02 6.378663280060673e-05
2.985382618917962e+02 5.996957992960094e-05
3.072557365267449e+02 5.630415797773619e-05
3.162277660168381e+02 5.278679216351044e-05
3.254617834980460e+02 4.941400698161664e-05
3.349654391578277e+02 4.618242218892291e-05
3.447466065731495e+02 4.308874878138196e-05
3.548133892335755e+02 4.012978495041075e-05
3.651741272548377e+02 3.730241200622605e-05
3.758374042884441e+02 3.460359025439724e-05
3.868120546330521e+02 3.203035481045518e-05
3.981071705534972e+02 2.957981133574011e-05
4.097321098135413e+02 2.724913167573473e-05
4.216965034285820e+02 2.503554937986005e-05
4.340102636447435e+02 2.293635507904116e-05
4.466835921509629e+02 2.094889169419492e-05
4.597269885308718e+02 1.907054944505007e-05
4.731512589614809e+02 1.729876062424714e-05
4.869675251658635e+02 1.563099409632196e-05
5.011872336272726e+02 1.406474947473458e-05
5.158221650723060e+02 1.259755092230599e-05
5.308844442309886e+02 1.122694051090663e-05
5.463865498818544e+02 9.950471064559677e-06
5.623413251903493e+02 8.765698395672460e-06
5.787619883491208e+02 7.670172826094501e-06
5.956621435290105e+02 6.661429862049091e-06
6.130557921498207e+02 5.736979863234879e-06
6.309573444801931e+02 4.894296509532959e-06
6.493816315762112e+02 4.130803820970753e-06
6.683439175686144e+02 3.443861423898981e-06
6.878599123088073e+02 2.830747672980860e-06
7.079457843841375e+02 2.288640126136029e-06
7.286181745132272e+02 1.814592715387321e-06
7.498942093324553e+02 1.405508741288837e-06
7.717915155850118e+02 1.058108511926929e-06
7.943282347242822e+02 7.688900004485373e-07
8.175230379436506e+02 5.340802262347295e-07
8.413951416451955e+02 3.495740336597495e-07
8.659643233600658e+02 2.108552960154593e-07
8.912509381337459e+02 1.128928329240712e-07
9.172759353897799e+02 4.999854058633648e-08
9.440608762859237e+02 1.562633807082871e-08
9.716279515771064e+02 2.072695718442203e-09
1.000000000000000e+03 0.000000000000000e+00
