# alpha = 3
# Lmin  = 0.01
# Lmax  = 1
# tau   = 1
# V1    = 0.1
# V2    = 1
# c     = 1
# u_min_requested = 0.0001
# u_max_requested = 10000000
# u_max_used      = 1
# u_physical_max  = 1
# points_per_decade = 80
# DeltaFss = 2.902948307364514e-03
# columns: u=t/tau, R(u)
1.000000000000000e-04 9.947099664478497e-01
1.029200527194428e-04 9.945558970149666e-01
1.059253725177289e-04 9.943973525189470e-01
1.090184492385128e-04 9.942342036990349e-01
1.122018454301963e-04 9.940663176037874e-01
1.154781984689458e-04 9.938935574882778e-01
1.188502227437018e-04 9.937157827085862e-01
1.223207119049932e-04 9.935328486135263e-01
1.258925411794167e-04 9.933446064335341e-01
1.295686697517020e-04 9.931509031666707e-01
1.333521432163324e-04 9.929515814616650e-01
1.372460961007562e-04 9.927464794979278e-01
1.412537544622754e-04 9.925354308624934e-01
1.453784385607662e-04 9.923182644237936e-01
1.496235656094434e-04 9.920948042022247e-01
1.539926526059492e-04 9.918648692374242e-01
1.584893192461114e-04 9.916282734522026e-01
1.631172909227838e-04 9.913848255130510e-01
1.678804018122560e-04 9.911343286871709e-01
1.727825980507863e-04 9.908765806959494e-01
1.778279410038923e-04 9.906113735648194e-01
1.830206106311056e-04 9.903384934694343e-01
1.883649089489801e-04 9.900577205780962e-01
1.938652635952207e-04 9.897688288903647e-01
1.995262314968880e-04 9.894715860717878e-01
2.053525026457146e-04 9.891657532846944e-01
2.113489039836647e-04 9.888510850149730e-01
2.175204034019523e-04 9.885273288947860e-01
2.238721138568339e-04 9.881942255211601e-01
2.304092976055846e-04 9.878515082703873e-01
2.371373705661655e-04 9.874989031081837e-01
2.440619068041980e-04 9.871361283955568e-01
2.511886431509580e-04 9.867628946903250e-01
2.585234839562191e-04 9.863789045442406e-01
2.660725059798810e-04 9.859838522956756e-01
2.738419634264362e-04 9.855774238578247e-01
2.818382931264454e-04 9.851592965023916e-01
2.900681198693154e-04 9.847291386387236e-01
2.985382618917959e-04 9.842866095883687e-01
3.072557365267447e-04 9.838313593550299e-01
3.162277660168380e-04 9.833630283899034e-01
3.254617834980459e-04 9.828812473523911e-01
3.349654391578277e-04 9.823856368661794e-01
3.447466065731493e-04 9.818758072706987e-01
3.548133892335755e-04 9.813513583679697e-01
3.651741272548378e-04 9.808118791648620e-01
3.758374042884442e-04 9.802569476108003e-01
3.868120546330522e-04 9.796861303309599e-01
3.981071705534972e-04 9.790989823550091e-01
4.097321098135416e-04 9.784950468414637e-01
4.216965034285822e-04 9.778738547977466e-01
4.340102636447438e-04 9.772349247960338e-01
4.466835921509632e-04 9.765777626850201e-01
4.597269885308722e-04 9.759018612977203e-01
4.731512589614806e-04 9.752067001554650e-01
4.869675251658631e-04 9.744917451682608e-01
5.011872336272722e-04 9.737564483317056e-01
5.158221650723057e-04 9.730002474206774e-01
5.308844442309884e-04 9.722225656800370e-01
5.463865498818543e-04 9.714228115126144e-01
5.623413251903491e-04 9.706003781647768e-01
5.787619883491207e-04 9.697546434099088e-01
5.956621435290105e-04 9.688849692301680e-01
6.130557921498207e-04 9.679907014969092e-01
6.309573444801934e-04 9.670711696502284e-01
6.493816315762113e-04 9.661256863780942e-01
6.683439175686146e-04 9.651535472955945e-01
6.878599123088077e-04 9.641540306248707e-01
7.079457843841379e-04 9.631263968763651e-01
7.286181745132278e-04 9.620698885320504e-01
7.498942093324559e-04 9.609837297313838e-01
7.717915155850124e-04 9.598671259607786e-01
7.943282347242816e-04 9.587192637474645e-01
8.175230379436500e-04 9.575393103586606e-01
8.413951416451951e-04 9.563264135070829e-01
8.659643233600655e-04 9.550797010638774e-01
8.912509381337455e-04 9.537982807801523e-01
9.172759353897796e-04 9.524812400183897e-01
9.440608762859233e-04 9.511276454951020e-01
9.716279515771064e-04 9.497365430362177e-01
1.000000000000000e-03 9.483069573467749e-01
1.029200527194428e-03 9.468378917966466e-01
1.059253725177289e-03 9.453283282241267e-01
1.090184492385128e-03 9.437772267593569e-01
1.122018454301964e-03 9.421835256697145e-01
1.154781984689458e-03 9.405461412294426e-01
1.188502227437018e-03 9.388639676159609e-01
1.223207119049931e-03 9.371358768354849e-01
1.258925411794167e-03 9.353607186807615e-01
1.295686697517020e-03 9.335373207239287e-01
1.333521432163324e-03 9.316644883477326e-01
1.372460961007562e-03 9.297410048185543e-01
1.412537544622754e-03 9.277656314049452e-01
1.453784385607662e-03 9.257371075456307e-01
1.496235656094434e-03 9.236541510712184e-01
1.539926526059492e-03 9.215154584841465e-01
1.584893192461113e-03 9.193197053017103e-01
1.631172909227838e-03 9.170655464673567e-01
1.678804018122561e-03 9.147516168357783e-01
1.727825980507864e-03 9.123765317377358e-01
1.778279410038923e-03 9.099388876309166e-01
1.830206106311056e-03 9.074372628436053e-01
1.883649089489800e-03 9.048702184183660e-01
1.938652635952208e-03 9.022362990634559e-01
1.995262314968880e-03 8.995340342201874e-01
2.053525026457146e-03 8.967619392550306e-01
2.113489039836647e-03 8.939185167858340e-01
2.175204034019522e-03 8.910022581521698e-01
2.238721138568340e-03 8.880116450404856e-01
2.304092976055846e-03 8.849451512754661e-01
2.371373705661655e-03 8.818012447897573e-01
2.440619068041980e-03 8.785783897850443e-01
2.511886431509579e-03 8.752750490983124e-01
2.585234839562192e-03 8.718896867880637e-01
2.660725059798810e-03 8.684207709562465e-01
2.738419634264361e-03 8.648667768226923e-01
2.818382931264453e-03 8.612261900699845e-01
2.900681198693153e-03 8.574975104778702e-01
2.985382618917961e-03 8.536792558675997e-01
3.072557365267447e-03 8.497699663779326e-01
3.162277660168379e-03 8.457682090959928e-01
3.254617834980458e-03 8.416725830676979e-01
3.349654391578276e-03 8.374817247141250e-01
3.447466065731494e-03 8.331943136819423e-01
3.548133892335755e-03 8.288090791578794e-01
3.651741272548378e-03 8.243248066792278e-01
3.758374042884442e-03 8.197403454744742e-01
3.868120546330521e-03 8.150546163704480e-01
3.981071705534973e-03 8.102666203047770e-01
4.097321098135416e-03 8.053754474850412e-01
4.216965034285823e-03 8.003802872387648e-01
4.340102636447437e-03 7.952804386013451e-01
4.466835921509630e-03 7.900753216921480e-01
4.597269885308723e-03 7.847644899323769e-01
4.731512589614806e-03 7.793476431619063e-01
4.869675251658631e-03 7.738246417161037e-01
5.011872336272723e-03 7.681955215277796e-01
5.158221650723055e-03 7.624605103237705e-01
5.308844442309885e-03 7.566200449903575e-01
5.463865498818543e-03 7.506747901867508e-01
5.623413251903491e-03 7.446256582911962e-01
5.787619883491206e-03 7.384738307700426e-01
5.956621435290104e-03 7.322207810662203e-01
6.130557921498208e-03 7.258682991101758e-01
6.309573444801933e-03 7.194185175633337e-01
6.493816315762114e-03 7.128739399117229e-01
6.683439175686146e-03 7.062374705354765e-01
6.878599123088074e-03 6.995124468885765e-01
7.079457843841381e-03 6.927026739325306e-01
7.286181745132278e-03 6.858124609776075e-01
7.498942093324559e-03 6.788466610959870e-01
7.717915155850123e-03 6.718107132826384e-01
7.943282347242814e-03 6.647106875520943e-01
8.175230379436502e-03 6.575533331725228e-01
8.413951416451952e-03 6.503461302527567e-01
8.659643233600653e-03 6.430973449132354e-01
8.912509381337455e-03 6.358160882883099e-01
9.172759353897794e-03 6.285123796250724e-01
9.440608762859237e-03 6.211972137629832e-01
9.716279515771064e-03 6.138826332991255e-01
1.000000000000000e-02 6.065818057660992e-01
1.029200527194429e-02 5.993066115656217e-01
1.059253725177289e-02 5.920597985807485e-01
1.090184492385128e-02 5.848417292339119e-01
1.122018454301963e-02 5.776527672185882e-01
1.154781984689458e-02 5.704932774129897e-01
1.188502227437019e-02 5.633636257918458e-01
1.223207119049931e-02 5.562641793363001e-01
1.258925411794168e-02 5.491953059419766e-01
1.295686697517019e-02 5.421573743252528e-01
1.333521432163324e-02 5.351507539277864e-01
1.372460961007563e-02 5.281758148193503e-01
1.412537544622754e-02 5.212329275990251e-01
1.453784385607662e-02 5.143224632948102e-01
1.496235656094433e-02 5.074447932617123e-01
1.539926526059492e-02 5.006002890783746e-01
1.584893192461114e-02 4.937893224423148e-01
1.631172909227838e-02 4.870122650638427e-01
1.678804018122560e-02 4.802694885587276e-01
1.727825980507863e-02 4.735613643396980e-01
1.778279410038923e-02 4.668882635068484e-01
1.830206106311057e-02 4.602505567370402e-01
1.883649089489800e-02 4.536486141723801e-01
1.938652635952208e-02 4.470828053078661e-01
1.995262314968879e-02 4.405534988782975e-01
2.053525026457146e-02 4.340610627445363e-01
2.113489039836648e-02 4.276058637792253e-01
2.175204034019522e-02 4.211882677520615e-01
2.238721138568340e-02 4.148086392147253e-01
2.304092976055845e-02 4.084673413855771e-01
2.371373705661655e-02 4.021647360342256e-01
2.440619068041982e-02 3.959011833660804e-01
2.511886431509580e-02 3.896770419070013e-01
2.585234839562191e-02 3.834926683881591e-01
2.660725059798809e-02 3.773484176312275e-01
2.738419634264361e-02 3.712446424340181e-01
2.818382931264455e-02 3.651816934566883e-01
2.900681198693153e-02 3.591599191086349e-01
2.985382618917960e-02 3.531796654361985e-01
3.072557365267446e-02 3.472412760113077e-01
3.162277660168380e-02 3.413450918211770e-01
3.254617834980460e-02 3.354914511591938e-01
3.349654391578276e-02 3.296806895171123e-01
3.447466065731495e-02 3.239131394786815e-01
3.548133892335753e-02 3.181891306148347e-01
3.651741272548377e-02 3.125089893805587e-01
3.758374042884443e-02 3.068730390135743e-01
3.868120546330521e-02 3.012815994349421e-01
3.981071705534973e-02 2.957349871517198e-01
4.097321098135413e-02 2.902335151617899e-01
4.216965034285823e-02 2.847774928609718e-01
4.340102636447440e-02 2.793672259525367e-01
4.466835921509631e-02 2.740030163592340e-01
4.597269885308723e-02 2.686851621379407e-01
4.731512589614803e-02 2.634139573970374e-01
4.869675251658631e-02 2.581896922166119e-01
5.011872336272725e-02 2.530126525715903e-01
5.158221650723056e-02 2.478831202578838e-01
5.308844442309885e-02 2.428013728216400e-01
5.463865498818540e-02 2.377676834916831e-01
5.623413251903490e-02 2.327823211152115e-01
5.787619883491209e-02 2.278455500968281e-01
5.956621435290103e-02 2.229576303409619e-01
6.130557921498209e-02 2.181188171977324e-01
6.309573444801930e-02 2.133293614123080e-01
6.493816315762115e-02 2.085895090777891e-01
6.683439175686150e-02 2.038995015916480e-01
6.878599123088075e-02 1.992595756157403e-01
7.079457843841380e-02 1.946699630398936e-01
7.286181745132274e-02 1.901308909490748e-01
7.498942093324559e-02 1.856425815941092e-01
7.717915155850127e-02 1.812052523659319e-01
7.943282347242814e-02 1.768191157733222e-01
8.175230379436502e-02 1.724843794240652e-01
8.413951416451948e-02 1.682012460094696e-01
8.659643233600654e-02 1.639699132921484e-01
8.912509381337459e-02 1.597905740969628e-01
9.172759353897794e-02 1.556634163049989e-01
9.440608762859236e-02 1.515886228504379e-01
9.716279515771059e-02 1.475663717201559e-01
1.000000000000000e-01 1.435968359558652e-01
1.029200527194429e-01 1.396801836585940e-01
1.059253725177289e-01 1.358165779952683e-01
1.090184492385128e-01 1.320061772071397e-01
1.122018454301963e-01 1.282491346197774e-01
1.154781984689458e-01 1.245455986543039e-01
1.188502227437019e-01 1.208957128395390e-01
1.223207119049931e-01 1.172996158246685e-01
1.258925411794168e-01 1.137574413920289e-01
1.295686697517019e-01 1.102693184695619e-01
1.333521432163324e-01 1.068353711424484e-01
1.372460961007562e-01 1.034557186633953e-01
1.412537544622754e-01 1.001304754610003e-01
1.453784385607662e-01 9.685975114557420e-02
1.496235656094433e-01 9.364365051174824e-02
1.539926526059492e-01 9.048227353713861e-02
1.584893192461114e-01 8.737571537628522e-02
1.631172909227838e-01 8.432406634901307e-02
1.678804018122561e-01 8.132741192230240e-02
1.727825980507863e-01 7.838583268467875e-02
1.778279410038923e-01 7.549940431205400e-02
1.830206106311057e-01 7.266819752386840e-02
1.883649089489800e-01 6.989227802828825e-02
1.938652635952208e-01 6.717170645511650e-02
1.995262314968879e-01 6.450653827496708e-02
2.053525026457146e-01 6.189682370313261e-02
2.113489039836648e-01 5.934260758645388e-02
2.175204034019522e-01 5.684392927135494e-02
2.238721138568340e-01 5.440082245105974e-02
2.304092976055845e-01 5.201331498984087e-02
2.371373705661655e-01 4.968142872196574e-02
2.440619068041981e-01 4.740517922281157e-02
2.511886431509580e-01 4.518457554939673e-02
2.585234839562191e-01 4.301961994733676e-02
2.660725059798809e-01 4.091030752096737e-02
2.738419634264361e-01 3.885662586307898e-02
2.818382931264455e-01 3.685855464038327e-02
2.900681198693153e-01 3.491606513046563e-02
2.985382618917961e-01 3.302911970557452e-02
3.072557365267445e-01 3.119767125814624e-02
3.162277660168379e-01 2.942166256245532e-02
3.254617834980460e-01 2.770102556621754e-02
3.349654391578276e-01 2.603568060532870e-02
3.447466065731494e-01 2.442553553420667e-02
3.548133892335753e-01 2.287048476338782e-02
3.651741272548377e-01 2.137040819510497e-02
3.758374042884443e-01 1.992517004652572e-02
3.868120546330521e-01 1.853461754912840e-02
3.981071705534974e-01 1.719857951132329e-02
4.097321098135414e-01 1.591686472984934e-02
4.216965034285822e-01 1.468926023365914e-02
4.340102636447440e-01 1.351552934190462e-02
4.466835921509631e-01 1.239540951519183e-02
4.597269885308723e-01 1.132860997642693e-02
4.731512589614803e-01 1.031480907423935e-02
4.869675251658631e-01 9.353651358042113e-03
5.011872336272726e-01 8.444744329149852e-03
5.158221650723056e-01 7.587654826859067e-03
5.308844442309885e-01 6.781905001807183e-03
5.463865498818540e-01 6.026967821011194e-03
5.623413251903492e-01 5.322262039415378e-03
5.787619883491208e-01 4.667146561136689e-03
5.956621435290104e-01 4.060914099330967e-03
6.130557921498209e-01 3.502784026001238e-03
6.309573444801930e-01 2.991894281171001e-03
6.493816315762113e-01 2.527292183372231e-03
6.683439175686149e-01 2.107923948612433e-03
6.878599123088075e-01 1.732622680497227e-03
7.079457843841381e-01 1.400094536673624e-03
7.286181745132274e-01 1.108902701525721e-03
7.498942093324559e-01 8.574486953587243e-04
7.717915155850128e-01 6.439504163041511e-04
7.943282347242814e-01 4.664161282048437e-04
8.175230379436502e-01 3.226133534929921e-04
8.413951416451948e-01 2.100312698117466e-04
8.659643233600653e-01 1.258346872599471e-04
8.912509381337459e-01 6.680690797785910e-05
9.172759353897795e-01 2.927758482058776e-05
9.440608762859236e-01 9.029823015243007e-06
9.716279515771058e-01 1.177690395093553e-06
1.000000000000000e+00 0.000000000000000e+00
