# alpha = 3
# Lmin  = 0.01
# Lmax  = 100
# tau   = 1
# V1    = 0.1
# V2    = 1
# c     = 1
# u_min_requested = 0.0001
# u_max_requested = 10000000
# u_max_used      = 100
# u_physical_max  = 100
# points_per_decade = 80
# DeltaFss = 3.219714866276606e-03
# columns: u=t/tau, R(u)
1.000000000000000e-04 9.952228835172661e-01
1.029200527194428e-04 9.950837519203268e-01
1.059253725177289e-04 9.949405791051696e-01
1.090184492385128e-04 9.947932483403730e-01
1.122018454301963e-04 9.946416395614450e-01
1.154781984689458e-04 9.944856292779736e-01
1.188502227437018e-04 9.943250904783340e-01
1.223207119049932e-04 9.941598925318980e-01
1.258925411794167e-04 9.939899010886808e-01
1.295686697517020e-04 9.938149779763746e-01
1.333521432163324e-04 9.936349810947160e-01
1.372460961007562e-04 9.934497643071113e-01
1.412537544622754e-04 9.932591773294899e-01
1.453784385607662e-04 9.930630656162928e-01
1.496235656094434e-04 9.928612702435677e-01
1.539926526059492e-04 9.926536277890852e-01
1.584893192461113e-04 9.924399702094402e-01
1.631172909227838e-04 9.922201247140549e-01
1.678804018122560e-04 9.919939136360370e-01
1.727825980507863e-04 9.917611542998365e-01
1.778279410038923e-04 9.915216588856216e-01
1.830206106311056e-04 9.912752342903374e-01
1.883649089489800e-04 9.910216819853712e-01
1.938652635952208e-04 9.907607978707688e-01
1.995262314968880e-04 9.904923721259503e-01
2.053525026457146e-04 9.902161890568576e-01
2.113489039836647e-04 9.899320269394826e-01
2.175204034019523e-04 9.896396578597204e-01
2.238721138568339e-04 9.893388475494964e-01
2.304092976055846e-04 9.890293552190976e-01
2.371373705661655e-04 9.887109333856862e-01
2.440619068041980e-04 9.883833276979193e-01
2.511886431509580e-04 9.880462767566471e-01
2.585234839562192e-04 9.876995119316326e-01
2.660725059798810e-04 9.873427571742605e-01
2.738419634264362e-04 9.869757288261959e-01
2.818382931264454e-04 9.865981354239578e-01
2.900681198693154e-04 9.862096774993757e-01
2.985382618917959e-04 9.858100473759075e-01
3.072557365267447e-04 9.853989289607975e-01
3.162277660168379e-04 9.849759975330591e-01
3.254617834980459e-04 9.845409195272664e-01
3.349654391578276e-04 9.840933523131711e-01
3.447466065731494e-04 9.836329439711190e-01
3.548133892335754e-04 9.831593330633127e-01
3.651741272548378e-04 9.826721484009119e-01
3.758374042884442e-04 9.821710088070145e-01
3.868120546330521e-04 9.816555228755608e-01
3.981071705534973e-04 9.811252887261999e-01
4.097321098135416e-04 9.805798937551914e-01
4.216965034285823e-04 9.800189143824043e-01
4.340102636447438e-04 9.794419157945174e-01
4.466835921509632e-04 9.788484516845064e-01
4.597269885308722e-04 9.782380639875454e-01
4.731512589614806e-04 9.776102826134607e-01
4.869675251658631e-04 9.769646251758782e-01
5.011872336272723e-04 9.763005967182528e-01
5.158221650723056e-04 9.756176894369605e-01
5.308844442309884e-04 9.749153824016854e-01
5.463865498818542e-04 9.741931412733255e-01
5.623413251903491e-04 9.734504180197016e-01
5.787619883491207e-04 9.726866506293584e-01
5.956621435290106e-04 9.719012628237820e-01
6.130557921498207e-04 9.710936637683988e-01
6.309573444801933e-04 9.702632477827530e-01
6.493816315762112e-04 9.694093940502768e-01
6.683439175686148e-04 9.685314663281516e-01
6.878599123088077e-04 9.676288126577474e-01
7.079457843841379e-04 9.667007650762245e-01
7.286181745132276e-04 9.657466393298885e-01
7.498942093324560e-04 9.647657345899731e-01
7.717915155850125e-04 9.637573331715598e-01
7.943282347242814e-04 9.627207002564229e-01
8.175230379436500e-04 9.616550836206278e-01
8.413951416451951e-04 9.605597133678130e-01
8.659643233600655e-04 9.594338016691194e-01
8.912509381337455e-04 9.582765425108410e-01
9.172759353897798e-04 9.570871114509493e-01
9.440608762859235e-04 9.558646653857079e-01
9.716279515771061e-04 9.546083423277257e-01
9.999999999999998e-04 9.533172611968704e-01
1.029200527194428e-03 9.519905216255918e-01
1.059253725177289e-03 9.506272037802979e-01
1.090184492385128e-03 9.492263682005848e-01
1.122018454301963e-03 9.477870556582059e-01
1.154781984689458e-03 9.463082870378580e-01
1.188502227437019e-03 9.447890632419701e-01
1.223207119049932e-03 9.432283651218607e-01
1.258925411794167e-03 9.416251534378018e-01
1.295686697517020e-03 9.399783688506916e-01
1.333521432163324e-03 9.382869319482560e-01
1.372460961007562e-03 9.365497433088850e-01
1.412537544622755e-03 9.347656836064373e-01
1.453784385607662e-03 9.329336137595881e-01
1.496235656094433e-03 9.310523751295208e-01
1.539926526059492e-03 9.291207897700730e-01
1.584893192461114e-03 9.271376607346797e-01
1.631172909227838e-03 9.251017724447919e-01
1.678804018122560e-03 9.230118911247680e-01
1.727825980507863e-03 9.208667653085576e-01
1.778279410038923e-03 9.186651264238967e-01
1.830206106311056e-03 9.164056894600842e-01
1.883649089489800e-03 9.140871537258534e-01
1.938652635952207e-03 9.117082037042842e-01
1.995262314968880e-03 9.092675100121674e-01
2.053525026457146e-03 9.067637304717465e-01
2.113489039836647e-03 9.041955113032738e-01
2.175204034019523e-03 9.015614884474217e-01
2.238721138568340e-03 8.988602890271638e-01
2.304092976055846e-03 8.960905329594000e-01
2.371373705661655e-03 8.932508347272931e-01
2.440619068041981e-03 8.903398053250106e-01
2.511886431509580e-03 8.873560543873491e-01
2.585234839562191e-03 8.842981925175474e-01
2.660725059798809e-03 8.811648338274958e-01
2.738419634264362e-03 8.779545987054777e-01
2.818382931264454e-03 8.746661168276025e-01
2.900681198693154e-03 8.712980304301491e-01
2.985382618917959e-03 8.678489978612010e-01
3.072557365267447e-03 8.643176974311694e-01
3.162277660168379e-03 8.607028315830851e-01
3.254617834980458e-03 8.570031314049733e-01
3.349654391578276e-03 8.532173615080457e-01
3.447466065731493e-03 8.493443252960828e-01
3.548133892335756e-03 8.453828706530214e-01
3.651741272548378e-03 8.413318960775774e-01
3.758374042884442e-03 8.371903572956564e-01
3.868120546330522e-03 8.329572743833347e-01
3.981071705534973e-03 8.286317394353864e-01
4.097321098135415e-03 8.242129248166713e-01
4.216965034285821e-03 8.197000920361593e-01
4.340102636447437e-03 8.150926012860585e-01
4.466835921509632e-03 8.103899216913288e-01
4.597269885308723e-03 8.055916423178867e-01
4.731512589614806e-03 8.006974839910802e-01
4.869675251658631e-03 7.957073119794209e-01
5.011872336272723e-03 7.906211496023082e-01
5.158221650723055e-03 7.854391928243950e-01
5.308844442309882e-03 7.801618259034879e-01
5.463865498818545e-03 7.747896381633997e-01
5.623413251903493e-03 7.693234419679861e-01
5.787619883491208e-03 7.637642919777955e-01
5.956621435290105e-03 7.581135057762850e-01
6.130557921498207e-03 7.523726859584927e-01
6.309573444801932e-03 7.465437437813907e-01
6.493816315762112e-03 7.406289244819649e-01
6.683439175686144e-03 7.346308343763505e-01
6.878599123088079e-03 7.285524698611539e-01
7.079457843841381e-03 7.223972484464812e-01
7.286181745132278e-03 7.161690419591920e-01
7.498942093324559e-03 7.098722120645093e-01
7.717915155850123e-03 7.035116482645078e-01
7.943282347242814e-03 6.970928085430891e-01
8.175230379436498e-03 6.906217628390303e-01
8.413951416451954e-03 6.841052395414891e-01
8.659643233600656e-03 6.775506752162078e-01
8.912509381337457e-03 6.709662677854547e-01
9.172759353897796e-03 6.643610334007769e-01
9.440608762859234e-03 6.577448672648112e-01
9.716279515771061e-03 6.511286086769762e-01
9.999999999999998e-03 6.445241105978345e-01
1.029200527194428e-02 6.379420650935804e-01
1.059253725177289e-02 6.313849304973443e-01
1.090184492385128e-02 6.248530140456695e-01
1.122018454301964e-02 6.183466235651467e-01
1.154781984689458e-02 6.118660673791687e-01
1.188502227437018e-02 6.054116542125580e-01
1.223207119049931e-02 5.989836930940867e-01
1.258925411794167e-02 5.925824932569190e-01
1.295686697517020e-02 5.862083640370096e-01
1.333521432163325e-02 5.798616147694838e-01
1.372460961007562e-02 5.735425546830447e-01
1.412537544622754e-02 5.672514927924377e-01
1.453784385607662e-02 5.609887377890230e-01
1.496235656094433e-02 5.547545979294937e-01
1.539926526059492e-02 5.485493809227900e-01
1.584893192461113e-02 5.423733938152652e-01
1.631172909227839e-02 5.362269428741433e-01
1.678804018122560e-02 5.301103334693459e-01
1.727825980507864e-02 5.240238699537265e-01
1.778279410038923e-02 5.179678555417884e-01
1.830206106311056e-02 5.119425921869484e-01
1.883649089489800e-02 5.059483804574109e-01
1.938652635952207e-02 4.999855194107286e-01
1.995262314968881e-02 4.940543064671197e-01
2.053525026457147e-02 4.881550372816234e-01
2.113489039836647e-02 4.822880056151642e-01
2.175204034019523e-02 4.764535032046168e-01
2.238721138568340e-02 4.706518196319512e-01
2.304092976055845e-02 4.648832421925486e-01
2.371373705661655e-02 4.591480557627685e-01
2.440619068041979e-02 4.534465426668749e-01
2.511886431509581e-02 4.477789825434034e-01
2.585234839562191e-02 4.421456522110694e-01
2.660725059798810e-02 4.365468255343194e-01
2.738419634264361e-02 4.309827732886221e-01
2.818382931264454e-02 4.254537630256086e-01
2.900681198693153e-02 4.199600589381562e-01
2.985382618917959e-02 4.145019217255361e-01
3.072557365267448e-02 4.090796084587184e-01
3.162277660168381e-02 4.036933724459587e-01
3.254617834980459e-02 3.983434630987669e-01
3.349654391578277e-02 3.930301257983734e-01
3.447466065731494e-02 3.877536017628118e-01
3.548133892335754e-02 3.825141279147225e-01
3.651741272548376e-02 3.773119367500041e-01
3.758374042884440e-02 3.721472562074178e-01
3.868120546330523e-02 3.670203095392695e-01
3.981071705534973e-02 3.619313151832843e-01
4.097321098135416e-02 3.568804866357882e-01
4.216965034285823e-02 3.518680323263179e-01
4.340102636447438e-02 3.468941554937744e-01
4.466835921509631e-02 3.419590540642382e-01
4.597269885308721e-02 3.370629205305619e-01
4.731512589614807e-02 3.322059418338568e-01
4.869675251658633e-02 3.273882992469915e-01
5.011872336272723e-02 3.226101682602109e-01
5.158221650723057e-02 3.178717184689986e-01
5.308844442309884e-02 3.131731134642834e-01
5.463865498818541e-02 3.085145107251139e-01
5.623413251903490e-02 3.038960615138981e-01
5.787619883491205e-02 2.993179107743276e-01
5.956621435290107e-02 2.947801970320831e-01
6.130557921498209e-02 2.902830522984309e-01
6.309573444801933e-02 2.858266019768103e-01
6.493816315762115e-02 2.814109647725122e-01
6.683439175686146e-02 2.770362526055464e-01
6.878599123088075e-02 2.727025705267916e-01
7.079457843841377e-02 2.684100166375219e-01
7.286181745132279e-02 2.641586820123974e-01
7.498942093324561e-02 2.599486506260066e-01
7.717915155850126e-02 2.557799992830432e-01
7.943282347242815e-02 2.516527975521991e-01
8.175230379436499e-02 2.475671077038477e-01
8.413951416451949e-02 2.435229846515945e-01
8.659643233600652e-02 2.395204758977649e-01
8.912509381337452e-02 2.355596214828918e-01
9.172759353897800e-02 2.316404539392720e-01
9.440608762859236e-02 2.277629982486472e-01
9.716279515771063e-02 2.239272718040661e-01
1.000000000000000e-01 2.201332843759800e-01
1.029200527194428e-01 2.163810380826185e-01
1.059253725177289e-01 2.126705273646940e-01
1.090184492385127e-01 2.090017389644665e-01
1.122018454301963e-01 2.053746519092148e-01
1.154781984689458e-01 2.017892374991394e-01
1.188502227437018e-01 1.982454592997287e-01
1.223207119049931e-01 1.947432731386109e-01
1.258925411794168e-01 1.912826271069135e-01
1.295686697517020e-01 1.878634615651437e-01
1.333521432163325e-01 1.844857091536052e-01
1.372460961007562e-01 1.811492948073578e-01
1.412537544622755e-01 1.778541357757204e-01
1.453784385607662e-01 1.746001416463262e-01
1.496235656094434e-01 1.713872143737157e-01
1.539926526059492e-01 1.682152483124651e-01
1.584893192461113e-01 1.650841302548405e-01
1.631172909227838e-01 1.619937394729550e-01
1.678804018122560e-01 1.589439477654160e-01
1.727825980507863e-01 1.559346195084337e-01
1.778279410038922e-01 1.529656117113690e-01
1.830206106311055e-01 1.500367740766841e-01
1.883649089489799e-01 1.471479490642647e-01
1.938652635952209e-01 1.442989719600752e-01
1.995262314968881e-01 1.414896709491035e-01
2.053525026457148e-01 1.387198671925489e-01
2.113489039836648e-01 1.359893749092080e-01
2.175204034019524e-01 1.332980014610006e-01
2.238721138568340e-01 1.306455474425836e-01
2.304092976055846e-01 1.280318067749907e-01
2.371373705661655e-01 1.254565668032356e-01
2.440619068041980e-01 1.229196083978132e-01
2.511886431509580e-01 1.204207060600271e-01
2.585234839562190e-01 1.179596280310709e-01
2.660725059798809e-01 1.155361364047885e-01
2.738419634264360e-01 1.131499872440306e-01
2.818382931264452e-01 1.108009307005268e-01
2.900681198693152e-01 1.084887111381851e-01
2.985382618917962e-01 1.062130672597318e-01
3.072557365267449e-01 1.039737322365950e-01
3.162277660168381e-01 1.017704338419400e-01
3.254617834980460e-01 9.960289458675342e-02
3.349654391578278e-01 9.747083185887642e-02
3.447466065731494e-01 9.537395806488007e-02
3.548133892335755e-01 9.331198077467337e-02
3.651741272548377e-01 9.128460286873311e-02
3.758374042884441e-01 8.929152268783962e-02
3.868120546330521e-01 8.733243418519988e-02
3.981071705534971e-01 8.540702708083697e-02
4.097321098135414e-01 8.351498701812060e-02
4.216965034285821e-01 8.165599572231175e-02
4.340102636447436e-01 7.982973116099033e-02
4.466835921509628e-01 7.803586770623179e-02
4.597269885308725e-01 7.627407629839712e-02
4.731512589614807e-01 7.454402461139649e-02
4.869675251658634e-01 7.284537721928284e-02
5.011872336272726e-01 7.117779576403374e-02
5.158221650723059e-01 6.954093912437083e-02
5.308844442309885e-01 6.793446358546959e-02
5.463865498818543e-01 6.635802300940545e-02
5.623413251903492e-01 6.481126900618339e-02
5.787619883491206e-01 6.329385110519380e-02
5.956621435290104e-01 6.180541692693704e-02
6.130557921498205e-01 6.034561235485696e-02
6.309573444801930e-01 5.891408170712205e-02
6.493816315762111e-01 5.751046790819214e-02
6.683439175686142e-01 5.613441266000791e-02
6.878599123088072e-01 5.478555661263827e-02
7.079457843841385e-01 5.346353953422264e-02
7.286181745132282e-01 5.216800048004328e-02
7.498942093324562e-01 5.089857796056296e-02
7.717915155850128e-01 4.965491010826539e-02
7.943282347242817e-01 4.843663484313570e-02
8.175230379436502e-01 4.724339003661820e-02
8.413951416451951e-01 4.607481367389275e-02
8.659643233600653e-01 4.493054401431131e-02
8.912509381337456e-01 4.381021974983841e-02
9.172759353897795e-01 4.271348016134305e-02
9.440608762859231e-01 4.163996527259137e-02
9.716279515771058e-01 4.058931600179341e-02
9.999999999999996e-01 3.956117431056095e-02
1.029200527194428e+00 3.855518335013755e-02
1.059253725177288e+00 3.757098760476594e-02
1.090184492385128e+00 3.660823303206316e-02
1.122018454301964e+00 3.566656720027925e-02
1.154781984689459e+00 3.474563942231935e-02
1.188502227437019e+00 3.384510088641699e-02
1.223207119049932e+00 3.296460478335029e-02
1.258925411794168e+00 3.210380643010060e-02
1.295686697517020e+00 3.126236338985878e-02
1.333521432163324e+00 3.043993558829166e-02
1.372460961007562e+00 2.963618542598803e-02
1.412537544622754e+00 2.885077788701065e-02
1.453784385607661e+00 2.808338064348801e-02
1.496235656094433e+00 2.733366415618778e-02
1.539926526059491e+00 2.660130177102015e-02
1.584893192461112e+00 2.588596981142818e-02
1.631172909227837e+00 2.518734766662920e-02
1.678804018122562e+00 2.450511787567940e-02
1.727825980507864e+00 2.383896620734140e-02
1.778279410038924e+00 2.318858173574149e-02
1.830206106311057e+00 2.255365691181260e-02
1.883649089489801e+00 2.193388763052437e-02
1.938652635952208e+00 2.132897329391072e-02
1.995262314968880e+00 2.073861686991180e-02
2.053525026457146e+00 2.016252494705427e-02
2.113489039836646e+00 1.960040778500090e-02
2.175204034019522e+00 1.905197936100721e-02
2.238721138568339e+00 1.851695741232875e-02
2.304092976055845e+00 1.799506347462957e-02
2.371373705661654e+00 1.748602291644748e-02
2.440619068041979e+00 1.698956496977793e-02
2.511886431509578e+00 1.650542275684323e-02
2.585234839562192e+00 1.603333331311907e-02
2.660725059798811e+00 1.557303760669491e-02
2.738419634264363e+00 1.512428055404875e-02
2.818382931264455e+00 1.468681103232159e-02
2.900681198693154e+00 1.426038188817983e-02
2.985382618917960e+00 1.384474994335757e-02
3.072557365267447e+00 1.343967599697348e-02
3.162277660168380e+00 1.304492482471997e-02
3.254617834980459e+00 1.266026517502430e-02
3.349654391578276e+00 1.228546976228342e-02
3.447466065731493e+00 1.192031525727603e-02
3.548133892335753e+00 1.156458227485670e-02
3.651741272548375e+00 1.121805535903761e-02
3.758374042884439e+00 1.088052296556481e-02
3.868120546330519e+00 1.055177744209559e-02
3.981071705534976e+00 1.023161500608434e-02
4.097321098135418e+00 9.919835720483780e-03
4.216965034285825e+00 9.616243467368148e-03
4.340102636447440e+00 9.320645919584411e-03
4.466835921509633e+00 9.032854510536637e-03
4.597269885308723e+00 8.752684402207530e-03
4.731512589614806e+00 8.479954451519976e-03
4.869675251658632e+00 8.214487175139885e-03
5.011872336272722e+00 7.956108712820034e-03
5.158221650723056e+00 7.704648789382776e-03
5.308844442309882e+00 7.459940675437495e-03
5.463865498818540e+00 7.221821146926625e-03
5.623413251903489e+00 6.990130443591878e-03
5.787619883491203e+00 6.764712226449884e-03
5.956621435290101e+00 6.545413534364111e-03
6.130557921498212e+00 6.332084739797409e-03
6.309573444801937e+00 6.124579503826959e-03
6.493816315762117e+00 5.922754730500582e-03
6.683439175686149e+00 5.726470520611049e-03
6.878599123088079e+00 5.535590124961871e-03
7.079457843841381e+00 5.349979897195584e-03
7.286181745132278e+00 5.169509246252552e-03
7.498942093324558e+00 4.994050588525744e-03
7.717915155850124e+00 4.823479299773805e-03
7.943282347242814e+00 4.657673666852277e-03
8.175230379436497e+00 4.496514839319797e-03
8.413951416451949e+00 4.339886780973404e-03
8.659643233600649e+00 4.187676221364341e-03
8.912509381337451e+00 4.039772607342932e-03
9.172759353897790e+00 3.896068054678547e-03
9.440608762859240e+00 3.756457299797804e-03
9.716279515771067e+00 3.620837651681763e-03
1.000000000000001e+01 3.489108943960014e-03
1.029200527194429e+01 3.361173487237308e-03
1.059253725177289e+01 3.236936021685610e-03
1.090184492385128e+01 3.116303669932196e-03
1.122018454301964e+01 2.999185890271919e-03
1.154781984689458e+01 2.885494430229416e-03
1.188502227437018e+01 2.775143280494793e-03
1.223207119049931e+01 2.668048629253955e-03
1.258925411794167e+01 2.564128816932651e-03
1.295686697517019e+01 2.463304291371057e-03
1.333521432163323e+01 2.365497563443630e-03
1.372460961007561e+01 2.270633163136900e-03
1.412537544622753e+01 2.178637596095793e-03
1.453784385607663e+01 2.089439300647106e-03
1.496235656094434e+01 2.002968605306771e-03
1.539926526059493e+01 1.919157686775543e-03
1.584893192461114e+01 1.837940528425985e-03
1.631172909227839e+01 1.759252879281514e-03
1.678804018122561e+01 1.683032213486525e-03
1.727825980507864e+01 1.609217690264685e-03
1.778279410038923e+01 1.537750114360578e-03
1.830206106311056e+01 1.468571896958015e-03
1.883649089489800e+01 1.401627017066398e-03
1.938652635952207e+01 1.336860983364567e-03
1.995262314968879e+01 1.274220796489611e-03
2.053525026457145e+01 1.213654911756063e-03
2.113489039836645e+01 1.155113202288780e-03
2.175204034019521e+01 1.098546922550701e-03
2.238721138568341e+01 1.043908672244306e-03
2.304092976055847e+01 9.911523605632883e-04
2.371373705661657e+01 9.402331707683310e-04
2.440619068041982e+01 8.911075250582916e-04
2.511886431509581e+01 8.437330497051078e-04
2.585234839562191e+01 7.980685404176861e-04
2.660725059798810e+01 7.540739278966512e-04
2.738419634264361e+01 7.117102435381518e-04
2.818382931264454e+01 6.709395852409187e-04
2.900681198693153e+01 6.317250832663121e-04
2.985382618917959e+01 5.940308660962213e-04
3.072557365267446e+01 5.578220262282273e-04
3.162277660168378e+01 5.230645858413396e-04
3.254617834980457e+01 4.897254622588159e-04
3.349654391578274e+01 4.577724331268685e-04
3.447466065731496e+01 4.271741012193706e-04
3.548133892335757e+01 3.978998587687986e-04
3.651741272548379e+01 3.699198512123382e-04
3.758374042884444e+01 3.432049402292232e-04
3.868120546330523e+01 3.177266659304543e-04
3.981071705534973e+01 2.934572080449185e-04
4.097321098135416e+01 2.703693459259898e-04
4.216965034285823e+01 2.484364171794786e-04
4.340102636447438e+01 2.276322746866104e-04
4.466835921509630e+01 2.079312417637213e-04
4.597269885308721e+01 1.893080651625441e-04
4.731512589614803e+01 1.717378655699790e-04
4.869675251658629e+01 1.551960852125144e-04
5.011872336272720e+01 1.396584321058354e-04
5.158221650723053e+01 1.251008204119843e-04
5.308844442309888e+01 1.114993062712357e-04
5.463865498818546e+01 9.883001835909789e-05
5.623413251903494e+01 8.706908227456887e-05
5.787619883491209e+01 7.619253768608716e-05
5.956621435290106e+01 6.617624693578162e-05
6.130557921498209e+01 5.699579351621294e-05
6.309573444801934e+01 4.862636846679252e-05
6.493816315762113e+01 4.104264226156548e-05
6.683439175686146e+01 3.421861913650728e-05
6.878599123088075e+01 2.812746997590347e-05
7.079457843841378e+01 2.274133876016096e-05
7.286181745132275e+01 1.803111604644009e-05
7.498942093324554e+01 1.396617081746651e-05
7.717915155850119e+01 1.051402899287838e-05
7.943282347242810e+01 7.639982468205167e-06
8.175230379436506e+01 5.306605925516978e-06
8.413951416451957e+01 3.473148462046671e-06
8.659643233600659e+01 2.094750820649450e-06
8.912509381337459e+01 1.121411985828593e-06
9.172759353897798e+01 4.965817500696441e-07
9.440608762859236e+01 1.551684345010940e-07
9.716279515771063e+01 2.057613412676072e-08
1.000000000000000e+02 0.000000000000000e+00
