# alpha = 2
# Lmin  = 0.01
# Lmax  = 10
# tau   = 1
# V1    = 0.1
# V2    = 1
# c     = 1
# u_min_requested = 0.0001
# u_max_requested = 10000000
# u_max_used      = 10
# u_physical_max  = 10
# points_per_decade = 80
# DeltaFss = 5.978667472936663e-02
# columns: u=t/tau, R(u)
1.000000000000000e-04 9.995040965689904e-01
1.029200527194428e-04 9.994896336888121e-01
1.059253725177289e-04 9.994747495375693e-01
1.090184492385128e-04 9.994594318763206e-01
1.122018454301963e-04 9.994436681124382e-01
1.154781984689458e-04 9.994274452895029e-01
1.188502227437018e-04 9.994107500769112e-01
1.223207119049932e-04 9.993935687591962e-01
1.258925411794167e-04 9.993758872250489e-01
1.295686697517020e-04 9.993576909560371e-01
1.333521432163324e-04 9.993389650150096e-01
1.372460961007562e-04 9.993196940341780e-01
1.412537544622754e-04 9.992998622028720e-01
1.453784385607662e-04 9.992794532549530e-01
1.496235656094434e-04 9.992584504558844e-01
1.539926526059492e-04 9.992368365894436e-01
1.584893192461114e-04 9.992145939440711e-01
1.631172909227839e-04 9.991917042988413e-01
1.678804018122560e-04 9.991681489090571e-01
1.727825980507864e-04 9.991439084914444e-01
1.778279410038923e-04 9.991189632089472e-01
1.830206106311056e-04 9.990932926551083e-01
1.883649089489801e-04 9.990668758380252e-01
1.938652635952208e-04 9.990396911638780e-01
1.995262314968880e-04 9.990117164200051e-01
2.053525026457146e-04 9.989829287575295e-01
2.113489039836647e-04 9.989533046735167e-01
2.175204034019523e-04 9.989228199926569e-01
2.238721138568340e-04 9.988914498484527e-01
2.304092976055845e-04 9.988591686639184e-01
2.371373705661655e-04 9.988259501317551e-01
2.440619068041980e-04 9.987917671940101e-01
2.511886431509580e-04 9.987565920211959e-01
2.585234839562191e-04 9.987203959908665e-01
2.660725059798810e-04 9.986831496656265e-01
2.738419634264361e-04 9.986448227705753e-01
2.818382931264454e-04 9.986053841701594e-01
2.900681198693154e-04 9.985648018444327e-01
2.985382618917959e-04 9.985230428646983e-01
3.072557365267447e-04 9.984800733685367e-01
3.162277660168380e-04 9.984358585341881e-01
3.254617834980459e-04 9.983903625542899e-01
3.349654391578277e-04 9.983435486089502e-01
3.447466065731494e-04 9.982953788381442e-01
3.548133892335755e-04 9.982458143134246e-01
3.651741272548378e-04 9.981948150089243e-01
3.758374042884442e-04 9.981423397716483e-01
3.868120546330521e-04 9.980883462910352e-01
3.981071705534972e-04 9.980327910677763e-01
4.097321098135416e-04 9.979756293818807e-01
4.216965034285822e-04 9.979168152599742e-01
4.340102636447439e-04 9.978563014418178e-01
4.466835921509632e-04 9.977940393460321e-01
4.597269885308722e-04 9.977299790350208e-01
4.731512589614806e-04 9.976640691790766e-01
4.869675251658632e-04 9.975962570196594e-01
5.011872336272724e-04 9.975264883318358e-01
5.158221650723056e-04 9.974547073858737e-01
5.308844442309883e-04 9.973808569079697e-01
5.463865498818542e-04 9.973048780401197e-01
5.623413251903491e-04 9.972267102991019e-01
5.787619883491207e-04 9.971462915345821e-01
5.956621435290105e-04 9.970635578863231e-01
6.130557921498207e-04 9.969784437404984e-01
6.309573444801933e-04 9.968908816850988e-01
6.493816315762113e-04 9.968008024644370e-01
6.683439175686147e-04 9.967081349327370e-01
6.878599123088077e-04 9.966128060068113e-01
7.079457843841381e-04 9.965147406178301e-01
7.286181745132276e-04 9.964138616621763e-01
7.498942093324557e-04 9.963100899513941e-01
7.717915155850124e-04 9.962033441612346e-01
7.943282347242814e-04 9.960935407798081e-01
8.175230379436500e-04 9.959805940548477e-01
8.413951416451951e-04 9.958644159401037e-01
8.659643233600655e-04 9.957449160408708e-01
8.912509381337456e-04 9.956220015586842e-01
9.172759353897796e-04 9.954955772351815e-01
9.440608762859235e-04 9.953655452951757e-01
9.716279515771064e-04 9.952318053889539e-01
1.000000000000000e-03 9.950942545338362e-01
1.029200527194428e-03 9.949527870550285e-01
1.059253725177289e-03 9.948072945258143e-01
1.090184492385128e-03 9.946576657071231e-01
1.122018454301963e-03 9.945037864865280e-01
1.154781984689458e-03 9.943455398167310e-01
1.188502227437019e-03 9.941828056535902e-01
1.223207119049932e-03 9.940154608937655e-01
1.258925411794167e-03 9.938433793120471e-01
1.295686697517020e-03 9.936664314984601e-01
1.333521432163324e-03 9.934844847952258e-01
1.372460961007562e-03 9.932974032336807e-01
1.412537544622754e-03 9.931050474712682e-01
1.453784385607662e-03 9.929072747287088e-01
1.496235656094433e-03 9.927039387274833e-01
1.539926526059492e-03 9.924948896277705e-01
1.584893192461113e-03 9.922799739669840e-01
1.631172909227838e-03 9.920590345990770e-01
1.678804018122560e-03 9.918319106347938e-01
1.727825980507863e-03 9.915984373830554e-01
1.778279410038923e-03 9.913584462936949e-01
1.830206106311056e-03 9.911117649017611e-01
1.883649089489801e-03 9.908582167736396e-01
1.938652635952208e-03 9.905976214552528e-01
1.995262314968880e-03 9.903297944226171e-01
2.053525026457146e-03 9.900545470350723e-01
2.113489039836648e-03 9.897716864915040e-01
2.175204034019523e-03 9.894810157899195e-01
2.238721138568340e-03 9.891823336907523e-01
2.304092976055846e-03 9.888754346843128e-01
2.371373705661656e-03 9.885601089628201e-01
2.440619068041981e-03 9.882361423974931e-01
2.511886431509581e-03 9.879033165212062e-01
2.585234839562190e-03 9.875614085172570e-01
2.660725059798809e-03 9.872101912148374e-01
2.738419634264361e-03 9.868494330918286e-01
2.818382931264453e-03 9.864788982856039e-01
2.900681198693153e-03 9.860983466125555e-01
2.985382618917959e-03 9.857075335971291e-01
3.072557365267447e-03 9.853062105111912e-01
3.162277660168379e-03 9.848941244246240e-01
3.254617834980458e-03 9.844710182681008e-01
3.349654391578277e-03 9.840366309090682e-01
3.447466065731494e-03 9.835906972420242e-01
3.548133892335755e-03 9.831329482942681e-01
3.651741272548378e-03 9.826631113483802e-01
3.758374042884442e-03 9.821809100827679e-01
3.868120546330522e-03 9.816860647317230e-01
3.981071705534973e-03 9.811782922665225e-01
4.097321098135416e-03 9.806573065992261e-01
4.216965034285824e-03 9.801228188109251e-01
4.340102636447439e-03 9.795745374063340e-01
4.466835921509632e-03 9.790121685967361e-01
4.597269885308723e-03 9.784354166134401e-01
4.731512589614806e-03 9.778439840540623e-01
4.869675251658633e-03 9.772375722640874e-01
5.011872336272725e-03 9.766158817563650e-01
5.158221650723059e-03 9.759786126713551e-01
5.308844442309882e-03 9.753254652811417e-01
5.463865498818541e-03 9.746561405404540e-01
5.623413251903489e-03 9.739703406881471e-01
5.787619883491205e-03 9.732677699028359e-01
5.956621435290104e-03 9.725481350166448e-01
6.130557921498207e-03 9.718111462913013e-01
6.309573444801932e-03 9.710565182611077e-01
6.493816315762112e-03 9.702839706476252e-01
6.683439175686146e-03 9.694932293512704e-01
6.878599123088075e-03 9.686840275253717e-01
7.079457843841380e-03 9.678561067386177e-01
7.286181745132277e-03 9.670092182322730e-01
7.498942093324559e-03 9.661431242789656e-01
7.717915155850125e-03 9.652575996503464e-01
7.943282347242816e-03 9.643524332014237e-01
8.175230379436502e-03 9.634274295799609e-01
8.413951416451952e-03 9.624824110698914e-01
8.659643233600654e-03 9.615172195783737e-01
8.912509381337457e-03 9.605317187767923e-01
9.172759353897797e-03 9.595257964067526e-01
9.440608762859237e-03 9.584993667629214e-01
9.716279515771064e-03 9.574523733654332e-01
1.000000000000000e-02 9.563847918355057e-01
1.029200527194428e-02 9.552965719346483e-01
1.059253725177289e-02 9.541874431378619e-01
1.090184492385127e-02 9.530570741867244e-01
1.122018454301963e-02 9.519051307064789e-01
1.154781984689458e-02 9.507312752443259e-01
1.188502227437018e-02 9.495351673104490e-01
1.223207119049931e-02 9.483164634218398e-01
1.258925411794167e-02 9.470748171489884e-01
1.295686697517019e-02 9.458098791655012e-01
1.333521432163324e-02 9.445212973007122e-01
1.372460961007562e-02 9.432087165953582e-01
1.412537544622754e-02 9.418717793603726e-01
1.453784385607662e-02 9.405101252388756e-01
1.496235656094434e-02 9.391233912714161e-01
1.539926526059492e-02 9.377112119645354e-01
1.584893192461114e-02 9.362732193627167e-01
1.631172909227838e-02 9.348090431237873e-01
1.678804018122560e-02 9.333183105978328e-01
1.727825980507864e-02 9.318006469096936e-01
1.778279410038923e-02 9.302556750451041e-01
1.830206106311056e-02 9.286830159405387e-01
1.883649089489801e-02 9.270822885768304e-01
1.938652635952208e-02 9.254531100766201e-01
1.995262314968880e-02 9.237950958057023e-01
2.053525026457147e-02 9.221078594783247e-01
2.113489039836648e-02 9.203910132665104e-01
2.175204034019523e-02 9.186441679134484e-01
2.238721138568339e-02 9.168669328510300e-01
2.304092976055845e-02 9.150589163215680e-01
2.371373705661655e-02 9.132197255037783e-01
2.440619068041980e-02 9.113489666430586e-01
2.511886431509580e-02 9.094462451861346e-01
2.585234839562190e-02 9.075111659201230e-01
2.660725059798810e-02 9.055433331160575e-01
2.738419634264361e-02 9.035423506769366e-01
2.818382931264454e-02 9.015078222903417e-01
2.900681198693154e-02 8.994393515856697e-01
2.985382618917960e-02 8.973365422960298e-01
3.072557365267447e-02 8.951989984248488e-01
3.162277660168380e-02 8.930263244172265e-01
3.254617834980457e-02 8.908181253360842e-01
3.349654391578277e-02 8.885740070431436e-01
3.447466065731492e-02 8.862935763847757e-01
3.548133892335755e-02 8.839764413827503e-01
3.651741272548376e-02 8.816222114299255e-01
3.758374042884443e-02 8.792304974908988e-01
3.868120546330520e-02 8.768009123076528e-01
3.981071705534973e-02 8.743330706102275e-01
4.097321098135413e-02 8.718265893324192e-01
4.216965034285824e-02 8.692810878325554e-01
4.340102636447437e-02 8.666961881193391e-01
4.466835921509633e-02 8.640715150827851e-01
4.597269885308721e-02 8.614066967302607e-01
4.731512589614807e-02 8.587013644276320e-01
4.869675251658630e-02 8.559551531455265e-01
5.011872336272725e-02 8.531677017107016e-01
5.158221650723056e-02 8.503386530625286e-01
5.308844442309886e-02 8.474676545145695e-01
5.463865498818541e-02 8.445543580212527e-01
5.623413251903494e-02 8.415984204496102e-01
5.787619883491206e-02 8.385995038560765e-01
5.956621435290108e-02 8.355572757683110e-01
6.130557921498207e-02 8.324714094720187e-01
6.309573444801937e-02 8.293415843027360e-01
6.493816315762115e-02 8.261674859425415e-01
6.683439175686143e-02 8.229488067216429e-01
6.878599123088078e-02 8.196852459247980e-01
7.079457843841375e-02 8.163765101025084e-01
7.286181745132278e-02 8.130223133869261e-01
7.498942093324555e-02 8.096223778124041e-01
7.717915155850126e-02 8.061764336406231e-01
7.943282347242812e-02 8.026842196902079e-01
8.175230379436502e-02 7.991454836707524e-01
8.413951416451948e-02 7.955599825211577e-01
8.659643233600656e-02 7.919274827521834e-01
8.912509381337452e-02 7.882477607931092e-01
9.172759353897800e-02 7.845206033423884e-01
9.440608762859232e-02 7.807458077221725e-01
9.716279515771066e-02 7.769231822365827e-01
9.999999999999998e-02 7.730525465335850e-01
1.029200527194429e-01 7.691337319703291e-01
1.059253725177289e-01 7.651665819817978e-01
1.090184492385128e-01 7.611509524526001e-01
1.122018454301963e-01 7.570867120917532e-01
1.154781984689459e-01 7.529737428102540e-01
1.188502227437018e-01 7.488119401012782e-01
1.223207119049932e-01 7.446012134227894e-01
1.258925411794167e-01 7.403414865823736e-01
1.295686697517020e-01 7.360326981240676e-01
1.333521432163324e-01 7.316748017169806e-01
1.372460961007561e-01 7.272677665454591e-01
1.412537544622754e-01 7.228115777005667e-01
1.453784385607661e-01 7.183062365726292e-01
1.496235656094434e-01 7.137517612445847e-01
1.539926526059491e-01 7.091481868858749e-01
1.584893192461114e-01 7.044955661466020e-01
1.631172909227838e-01 6.997939695516693e-01
1.678804018122561e-01 6.950434858946118e-01
1.727825980507863e-01 6.902442226308209e-01
1.778279410038923e-01 6.853963062698490e-01
1.830206106311056e-01 6.804998827664885e-01
1.883649089489801e-01 6.755551179102921e-01
1.938652635952207e-01 6.705621977132141e-01
1.995262314968880e-01 6.655213287950326e-01
2.053525026457146e-01 6.604327387662096e-01
2.113489039836648e-01 6.552966766078464e-01
2.175204034019522e-01 6.501134130483784e-01
2.238721138568341e-01 6.448832409366534e-01
2.304092976055845e-01 6.396064756110361e-01
2.371373705661657e-01 6.342834552641708e-01
2.440619068041980e-01 6.289145413030433e-01
2.511886431509582e-01 6.235001187039659e-01
2.585234839562191e-01 6.180405963621337e-01
2.660725059798811e-01 6.125364074353630e-01
2.738419634264361e-01 6.069880096816715e-01
2.818382931264452e-01 6.013958857903117e-01
2.900681198693154e-01 5.957605437059169e-01
2.985382618917958e-01 5.900825169453904e-01
3.072557365267447e-01 5.843623649071928e-01
3.162277660168378e-01 5.786006731726795e-01
3.254617834980459e-01 5.727980537991497e-01
3.349654391578275e-01 5.669551456042818e-01
3.447466065731494e-01 5.610726144416268e-01
3.548133892335753e-01 5.551511534668592e-01
3.651741272548378e-01 5.491914833944762e-01
3.758374042884440e-01 5.431943527446702e-01
3.868120546330523e-01 5.371605380800900e-01
3.981071705534971e-01 5.310908442322443e-01
4.097321098135417e-01 5.249861045172917e-01
4.216965034285822e-01 5.188471809410019e-01
4.340102636447440e-01 5.126749643926665e-01
4.466835921509631e-01 5.064703748277751e-01
4.597269885308724e-01 5.002343614392726e-01
4.731512589614804e-01 4.939679028172488e-01
4.869675251658634e-01 4.876720070969139e-01
5.011872336272722e-01 4.813477120947455e-01
5.158221650723059e-01 4.749960854327007e-01
5.308844442309884e-01 4.686182246504162e-01
5.463865498818545e-01 4.622152573053235e-01
5.623413251903492e-01 4.557883410606409e-01
5.787619883491203e-01 4.493386637612047e-01
5.956621435290106e-01 4.428674434971284e-01
6.130557921498204e-01 4.363759286552924e-01
6.309573444801934e-01 4.298653979586710e-01
6.493816315762111e-01 4.233371604935317e-01
6.683439175686147e-01 4.167925557245326e-01
6.878599123088073e-01 4.102329534977701e-01
7.079457843841381e-01 4.036597540318169e-01
7.286181745132274e-01 3.970743878968079e-01
7.498942093324561e-01 3.904783159816191e-01
7.717915155850122e-01 3.838730294491944e-01
7.943282347242817e-01 3.772600496800458e-01
8.175230379436499e-01 3.706409282039737e-01
8.413951416451954e-01 3.640172466200030e-01
8.659643233600651e-01 3.573906165045410e-01
8.912509381337459e-01 3.507626793077153e-01
9.172759353897795e-01 3.441351062378386e-01
9.440608762859238e-01 3.375095981338938e-01
9.716279515771061e-01 3.308878853259102e-01
1.000000000000001e+00 3.242717274830337e-01
1.029200527194428e+00 3.176629134490585e-01
1.059253725177290e+00 3.110632610651080e-01
1.090184492385128e+00 3.044746169791025e-01
1.122018454301964e+00 2.978988564415540e-01
1.154781984689458e+00 2.913378830871637e-01
1.188502227437018e+00 2.847936287015798e-01
1.223207119049932e+00 2.782680529725955e-01
1.258925411794167e+00 2.717631432249323e-01
1.295686697517020e+00 2.652809141376353e-01
1.333521432163323e+00 2.588234074429817e-01
1.372460961007562e+00 2.523926916056369e-01
1.412537544622754e+00 2.459908614806535e-01
1.453784385607662e+00 2.396200379487116e-01
1.496235656094433e+00 2.332823675268356e-01
1.539926526059493e+00 2.269800219525928e-01
1.584893192461113e+00 2.207151977395804e-01
1.631172909227839e+00 2.144901157017488e-01
1.678804018122560e+00 2.083070204438703e-01
1.727825980507864e+00 2.021681798151608e-01
1.778279410038922e+00 1.960758843227799e-01
1.830206106311057e+00 1.900324465015876e-01
1.883649089489800e+00 1.840402002361977e-01
1.938652635952208e+00 1.781015000309655e-01
1.995262314968879e+00 1.722187202231434e-01
2.053525026457147e+00 1.663942541339691e-01
2.113489039836646e+00 1.606305131519686e-01
2.175204034019524e+00 1.549299257422006e-01
2.238721138568340e+00 1.492949363745973e-01
2.304092976055847e+00 1.437280043638896e-01
2.371373705661656e+00 1.382316026129189e-01
2.440619068041979e+00 1.328082162503458e-01
2.511886431509580e+00 1.274603411529199e-01
2.585234839562189e+00 1.221904823415344e-01
2.660725059798810e+00 1.170011522392440e-01
2.738419634264360e+00 1.118948687782833e-01
2.818382931264454e+00 1.068741533418369e-01
2.900681198693153e+00 1.019415285249013e-01
2.985382618917960e+00 9.709951569698815e-02
3.072557365267446e+00 9.235063234765552e-02
3.162277660168380e+00 8.769738919386015e-02
3.254617834980458e+00 8.314228702590636e-02
3.349654391578278e+00 7.868781326623699e-02
3.447466065731493e+00 7.433643821248367e-02
3.548133892335756e+00 7.009061093295295e-02
3.651741272548376e+00 6.595275477906835e-02
3.758374042884443e+00 6.192526247508225e-02
3.868120546330521e+00 5.801049074058062e-02
3.981071705534974e+00 5.421075439576649e-02
4.097321098135414e+00 5.052831989313789e-02
4.216965034285825e+00 4.696539821176908e-02
4.340102636447439e+00 4.352413704180009e-02
4.466835921509634e+00 4.020661217665521e-02
4.597269885308722e+00 3.701481801868110e-02
4.731512589614808e+00 3.395065708990211e-02
4.869675251658632e+00 3.101592842299199e-02
5.011872336272720e+00 2.821231468772466e-02
5.158221650723058e+00 2.554136788434854e-02
5.308844442309881e+00 2.300449340652076e-02
5.463865498818543e+00 2.060293224136900e-02
5.623413251903489e+00 1.833774103124895e-02
5.787619883491208e+00 1.620976966860184e-02
5.956621435290103e+00 1.421963602906231e-02
6.130557921498209e+00 1.236769736460384e-02
6.309573444801930e+00 1.065401777260929e-02
6.493816315762116e+00 9.078331020741287e-03
6.683439175686145e+00 7.639997830763675e-03
6.878599123088079e+00 6.337956491849776e-03
7.079457843841377e+00 5.170665363398790e-03
7.286181745132280e+00 4.136035406321537e-03
7.498942093324557e+00 3.231350300815554e-03
7.717915155850127e+00 2.453170891351446e-03
7.943282347242814e+00 1.797219524322899e-03
8.175230379436504e+00 1.258238111154535e-03
8.413951416451949e+00 8.298111213001888e-04
8.659643233600658e+00 5.041405882588089e-04
8.912509381337454e+00 2.717534933271297e-04
9.172759353897801e+00 1.211104198705154e-04
9.440608762859233e+00 3.806364588587097e-05
9.716279515771067e+00 5.072675956967580e-06
1.000000000000000e+01 0.000000000000000e+00
