# alpha = 3
# Lmin  = 0.01
# Lmax  = 10000
# tau   = 1
# V1    = 0.1
# V2    = 1
# c     = 1
# u_min_requested = 0.0001
# u_max_requested = 10000000
# u_max_used      = 10000
# u_physical_max  = 10000
# points_per_decade = 80
# DeltaFss = 3.224221285112228e-03
# columns: u=t/tau, R(u)
1.000000000000000e-04 9.952295583615580e-01
1.029200527194428e-04 9.950906211666183e-01
1.059253725177289e-04 9.949476484000543e-01
1.090184492385128e-04 9.948005234935473e-01
1.122018454301963e-04 9.946491265503656e-01
1.154781984689458e-04 9.944933342526413e-01
1.188502227437018e-04 9.943330197662180e-01
1.223207119049932e-04 9.941680526429904e-01
1.258925411794167e-04 9.939982987206923e-01
1.295686697517020e-04 9.938236200200770e-01
1.333521432163324e-04 9.936438746394282e-01
1.372460961007562e-04 9.934589166463434e-01
1.412537544622754e-04 9.932685959667330e-01
1.453784385607662e-04 9.930727582709764e-01
1.496235656094434e-04 9.928712448571768e-01
1.539926526059492e-04 9.926638925314448e-01
1.584893192461114e-04 9.924505334851733e-01
1.631172909227838e-04 9.922309951692135e-01
1.678804018122560e-04 9.920051001649171e-01
1.727825980507863e-04 9.917726660519749e-01
1.778279410038923e-04 9.915335052729849e-01
1.830206106311056e-04 9.912874249947045e-01
1.883649089489801e-04 9.910342269659108e-01
1.938652635952207e-04 9.907737073718269e-01
1.995262314968880e-04 9.905056566850426e-01
2.053525026457146e-04 9.902298595128745e-01
2.113489039836647e-04 9.899460944411166e-01
2.175204034019523e-04 9.896541338741128e-01
2.238721138568339e-04 9.893537438711152e-01
2.304092976055846e-04 9.890446839788529e-01
2.371373705661655e-04 9.887267070602774e-01
2.440619068041980e-04 9.883995591194358e-01
2.511886431509580e-04 9.880629791224134e-01
2.585234839562191e-04 9.877166988143113e-01
2.660725059798810e-04 9.873604425322193e-01
2.738419634264362e-04 9.869939270141360e-01
2.818382931264454e-04 9.866168612038262e-01
2.900681198693154e-04 9.862289460515408e-01
2.985382618917959e-04 9.858298743106354e-01
3.072557365267447e-04 9.854193303300058e-01
3.162277660168380e-04 9.849969898423746e-01
3.254617834980459e-04 9.845625197483830e-01
3.349654391578277e-04 9.841155778965135e-01
3.447466065731493e-04 9.836558128588230e-01
3.548133892335755e-04 9.831828637025242e-01
3.651741272548378e-04 9.826963597574071e-01
3.758374042884442e-04 9.821959203791619e-01
3.868120546330522e-04 9.816811547086068e-01
3.981071705534972e-04 9.811516614269058e-01
4.097321098135416e-04 9.806070285068167e-01
4.216965034285822e-04 9.800468329600414e-01
4.340102636447438e-04 9.794706405807859e-01
4.466835921509632e-04 9.788780056856135e-01
4.597269885308722e-04 9.782684708497129e-01
4.731512589614806e-04 9.776415666397241e-01
4.869675251658631e-04 9.769968113432680e-01
5.011872336272722e-04 9.763337106953575e-01
5.158221650723057e-04 9.756517576018765e-01
5.308844442309884e-04 9.749504318603546e-01
5.463865498818543e-04 9.742291998782712e-01
5.623413251903491e-04 9.734875143891599e-01
5.787619883491207e-04 9.727248141668055e-01
5.956621435290105e-04 9.719405237378704e-01
6.130557921498207e-04 9.711340530932945e-01
6.309573444801934e-04 9.703047973988739e-01
6.493816315762113e-04 9.694521367054427e-01
6.683439175686146e-04 9.685754356591345e-01
6.878599123088077e-04 9.676740432122292e-01
7.079457843841379e-04 9.667472923351546e-01
7.286181745132278e-04 9.657944997302447e-01
7.498942093324559e-04 9.648149655479171e-01
7.717915155850124e-04 9.638079731059911e-01
7.943282347242816e-04 9.627727886129076e-01
8.175230379436500e-04 9.617086608957232e-01
8.413951416451951e-04 9.606148211337509e-01
8.659643233600655e-04 9.594904825988593e-01
8.912509381337455e-04 9.583348404034794e-01
9.172759353897796e-04 9.571470712574608e-01
9.440608762859233e-04 9.559263332350142e-01
9.716279515771064e-04 9.546717655530804e-01
1.000000000000000e-03 9.533824883625287e-01
1.029200527194428e-03 9.520576025537539e-01
1.059253725177289e-03 9.506961895783039e-01
1.090184492385128e-03 9.492973112883301e-01
1.122018454301964e-03 9.478600097957602e-01
1.154781984689458e-03 9.463833073532398e-01
1.188502227437018e-03 9.448662062590618e-01
1.223207119049931e-03 9.433076887884208e-01
1.258925411794167e-03 9.417067171535223e-01
1.295686697517020e-03 9.400622334952804e-01
1.333521432163324e-03 9.383731599094706e-01
1.372460961007562e-03 9.366383985104824e-01
1.412537544622754e-03 9.348568315359758e-01
1.453784385607662e-03 9.330273214960152e-01
1.496235656094434e-03 9.311487113704967e-01
1.539926526059492e-03 9.292198248589306e-01
1.584893192461113e-03 9.272394666869573e-01
1.631172909227838e-03 9.252064229742569e-01
1.678804018122561e-03 9.231194616688282e-01
1.727825980507864e-03 9.209773330529637e-01
1.778279410038923e-03 9.187787703266260e-01
1.830206106311056e-03 9.165224902742933e-01
1.883649089489800e-03 9.142071940217680e-01
1.938652635952208e-03 9.118315678898962e-01
1.995262314968880e-03 9.093942843525912e-01
2.053525026457146e-03 9.068940031070666e-01
2.113489039836647e-03 9.043293722647429e-01
2.175204034019522e-03 9.016990296717913e-01
2.238721138568340e-03 8.990016043689824e-01
2.304092976055846e-03 8.962357182010515e-01
2.371373705661655e-03 8.933999875865626e-01
2.440619068041980e-03 8.904930254599279e-01
2.511886431509579e-03 8.875134433980520e-01
2.585234839562192e-03 8.844598539448963e-01
2.660725059798810e-03 8.813308731481351e-01
2.738419634264361e-03 8.781251233230245e-01
2.818382931264453e-03 8.748412360596286e-01
2.900681198693153e-03 8.714778554905862e-01
2.985382618917961e-03 8.680336418377831e-01
3.072557365267447e-03 8.645072752574889e-01
3.162277660168379e-03 8.608974600048229e-01
3.254617834980458e-03 8.572029289398160e-01
3.349654391578276e-03 8.534224483987883e-01
3.447466065731494e-03 8.495548234563615e-01
3.548133892335755e-03 8.455989036050954e-01
3.651741272548378e-03 8.415535888815405e-01
3.758374042884442e-03 8.374178364693997e-01
3.868120546330521e-03 8.331906678125504e-01
3.981071705534973e-03 8.288711762728593e-01
4.097321098135416e-03 8.244585353700297e-01
4.216965034285823e-03 8.199520076432232e-01
4.340102636447437e-03 8.153509541768553e-01
4.466835921509630e-03 8.106548448357761e-01
4.597269885308723e-03 8.058632692580955e-01
4.731512589614806e-03 8.009759486571300e-01
4.869675251658631e-03 7.959927484874092e-01
5.011872336272723e-03 7.909136920333818e-01
5.158221650723055e-03 7.857389749833711e-01
5.308844442309885e-03 7.804689810556142e-01
5.463865498818543e-03 7.751042987476577e-01
5.623413251903491e-03 7.696457392852820e-01
5.787619883491206e-03 7.640943558522240e-01
5.956621435290104e-03 7.584514641875708e-01
6.130557921498208e-03 7.527186646435462e-01
6.309573444801933e-03 7.468978658028145e-01
6.493816315762114e-03 7.409913097611680e-01
6.683439175686146e-03 7.350015991887845e-01
6.878599123088074e-03 7.289317262910080e-01
7.079457843841381e-03 7.227851037980079e-01
7.286181745132278e-03 7.165655981216142e-01
7.498942093324559e-03 7.102775648272811e-01
7.717915155850123e-03 7.039258865794614e-01
7.943282347242814e-03 6.975160137297703e-01
8.175230379436502e-03 6.910540077292682e-01
8.413951416451952e-03 6.845465875589780e-01
8.659643233600653e-03 6.780011793865806e-01
8.912509381337455e-03 6.714259696720303e-01
9.172759353897794e-03 6.648299619608062e-01
9.440608762859237e-03 6.582230376207193e-01
9.716279515771064e-03 6.516160207966764e-01
1.000000000000000e-02 6.450207478778170e-01
1.029200527194429e-02 6.384478959813462e-01
1.059253725177289e-02 6.318999199994371e-01
1.090184492385128e-02 6.253771267340954e-01
1.122018454301963e-02 6.188798235763973e-01
1.154781984689458e-02 6.124083184133772e-01
1.188502227437019e-02 6.059629195327770e-01
1.223207119049931e-02 5.995439355257045e-01
1.258925411794168e-02 5.931516751872061e-01
1.295686697517019e-02 5.867864474148039e-01
1.333521432163324e-02 5.804485611050161e-01
1.372460961007563e-02 5.741383250479047e-01
1.412537544622754e-02 5.678560478196885e-01
1.453784385607662e-02 5.616020376734581e-01
1.496235656094433e-02 5.553766024280514e-01
1.539926526059492e-02 5.491800493551121e-01
1.584893192461114e-02 5.430126850644142e-01
1.631172909227838e-02 5.368748153874798e-01
1.678804018122560e-02 5.307667452595576e-01
1.727825980507863e-02 5.246887786000263e-01
1.778279410038923e-02 5.186412181912666e-01
1.830206106311057e-02 5.126243655560986e-01
1.883649089489800e-02 5.066385208338173e-01
1.938652635952208e-02 5.006839826549215e-01
1.995262314968879e-02 4.947610480146038e-01
2.053525026457146e-02 4.888700121450738e-01
2.113489039836648e-02 4.830111683867968e-01
2.175204034019522e-02 4.771848080587340e-01
2.238721138568340e-02 4.713912203276589e-01
2.304092976055845e-02 4.656306920766499e-01
2.371373705661655e-02 4.599035077728348e-01
2.440619068041982e-02 4.542099493344963e-01
2.511886431509580e-02 4.485502959976110e-01
2.585234839562191e-02 4.429248241819404e-01
2.660725059798809e-02 4.373338073567586e-01
2.738419634264361e-02 4.317775159063237e-01
2.818382931264455e-02 4.262562169951931e-01
2.900681198693153e-02 4.207701744334893e-01
2.985382618917960e-02 4.153196485422200e-01
3.072557365267446e-02 4.099048960187683e-01
3.162277660168380e-02 4.045261698026482e-01
3.254617834980460e-02 3.991837189416524e-01
3.349654391578276e-02 3.938777884584951e-01
3.447466065731495e-02 3.886086192180627e-01
3.548133892335753e-02 3.833764477953976e-01
3.651741272548377e-02 3.781815063445108e-01
3.758374042884443e-02 3.730240224681636e-01
3.868120546330521e-02 3.679042190887121e-01
3.981071705534973e-02 3.628223143201479e-01
4.097321098135413e-02 3.577785213414426e-01
4.216965034285823e-02 3.527730482713187e-01
4.340102636447440e-02 3.478060980445605e-01
4.466835921509631e-02 3.428778682899852e-01
4.597269885308723e-02 3.379885512101848e-01
4.731512589614803e-02 3.331383334631678e-01
4.869675251658631e-02 3.283273960459974e-01
5.011872336272725e-02 3.235559141805573e-01
5.158221650723056e-02 3.188240572015516e-01
5.308844442309885e-02 3.141319884468457e-01
5.463865498818540e-02 3.094798651502734e-01
5.623413251903490e-02 3.048678383370040e-01
5.787619883491209e-02 3.002960527215878e-01
5.956621435290103e-02 2.957646466087818e-01
6.130557921498209e-02 2.912737517972587e-01
6.309573444801930e-02 2.868234934863047e-01
6.493816315762115e-02 2.824139901856017e-01
6.683439175686150e-02 2.780453536281948e-01
6.878599123088075e-02 2.737176886867353e-01
7.079457843841380e-02 2.694310932930974e-01
7.286181745132274e-02 2.651856583614507e-01
7.498942093324559e-02 2.609814677148817e-01
7.717915155850127e-02 2.568185980156421e-01
7.943282347242814e-02 2.526971186991082e-01
8.175230379436502e-02 2.486170919115243e-01
8.413951416451948e-02 2.445785724516092e-01
8.659643233600654e-02 2.405816077160883e-01
8.912509381337459e-02 2.366262376492266e-01
9.172759353897794e-02 2.327124946964194e-01
9.440608762859236e-02 2.288404037619012e-01
9.716279515771059e-02 2.250099821706310e-01
1.000000000000000e-01 2.212212396344021e-01
1.029200527194429e-01 2.174741782222300e-01
1.059253725177289e-01 2.137687923350543e-01
1.090184492385128e-01 2.101050686848015e-01
1.122018454301963e-01 2.064829862778437e-01
1.154781984689458e-01 2.029025164028823e-01
1.188502227437019e-01 1.993636226232879e-01
1.223207119049931e-01 1.958662607739195e-01
1.258925411794168e-01 1.924103789624428e-01
1.295686697517019e-01 1.889959175751638e-01
1.333521432163324e-01 1.856228092873904e-01
1.372460961007562e-01 1.822909790783286e-01
1.412537544622754e-01 1.790003442505189e-01
1.453784385607662e-01 1.757508144538107e-01
1.496235656094433e-01 1.725422917138739e-01
1.539926526059492e-01 1.693746704652349e-01
1.584893192461114e-01 1.662478375888315e-01
1.631172909227838e-01 1.631616724540638e-01
1.678804018122561e-01 1.601160469653277e-01
1.727825980507863e-01 1.571108256130034e-01
1.778279410038923e-01 1.541458655288726e-01
1.830206106311057e-01 1.512210165459363e-01
1.883649089489800e-01 1.483361212625922e-01
1.938652635952208e-01 1.454910151111404e-01
1.995262314968879e-01 1.426855264305703e-01
2.053525026457146e-01 1.399194765435850e-01
2.113489039836648e-01 1.371926798378147e-01
2.175204034019522e-01 1.345049438511646e-01
2.238721138568340e-01 1.318560693612424e-01
2.304092976055845e-01 1.292458504788062e-01
2.371373705661655e-01 1.266740747451678e-01
2.440619068041981e-01 1.241405232334873e-01
2.511886431509580e-01 1.216449706538887e-01
2.585234839562191e-01 1.191871854623206e-01
2.660725059798809e-01 1.167669299730909e-01
2.738419634264361e-01 1.143839604749897e-01
2.818382931264455e-01 1.120380273509239e-01
2.900681198693153e-01 1.097288752009703e-01
2.985382618917961e-01 1.074562429687636e-01
3.072557365267445e-01 1.052198640711239e-01
3.162277660168379e-01 1.030194665308269e-01
3.254617834980460e-01 1.008547731124190e-01
3.349654391578276e-01 9.872550146097664e-02
3.447466065731494e-01 9.663136424369884e-02
3.548133892335753e-01 9.457206929423015e-02
3.651741272548377e-01 9.254731975959871e-02
3.758374042884443e-01 9.055681424965463e-02
3.868120546330521e-01 8.860024698889199e-02
3.981071705534974e-01 8.667730797052958e-02
4.097321098135414e-01 8.478768311273158e-02
4.216965034285822e-01 8.293105441683418e-02
4.340102636447440e-01 8.110710012745308e-02
4.466835921509631e-01 7.931549489433429e-02
4.597269885308723e-01 7.755590993581422e-02
4.731512589614803e-01 7.582801320375009e-02
4.869675251658631e-01 7.413146954977551e-02
5.011872336272726e-01 7.246594089274123e-02
5.158221650723056e-01 7.083108638718962e-02
5.308844442309885e-01 6.922656259271551e-02
5.463865498818540e-01 6.765202364406171e-02
5.623413251903492e-01 6.610712142179297e-02
5.787619883491208e-01 6.459150572339503e-02
5.956621435290104e-01 6.310482443463872e-02
6.130557921498209e-01 6.164672370105038e-02
6.309573444801930e-01 6.021684809932862e-02
6.493816315762113e-01 5.881484080854307e-02
6.683439175686149e-01 5.744034378095500e-02
6.878599123088075e-01 5.609299791229384e-02
7.079457843841381e-01 5.477244321132628e-02
7.286181745132274e-01 5.347831896855489e-02
7.498942093324559e-01 5.221026392388018e-02
7.717915155850128e-01 5.096791643306513e-02
7.943282347242814e-01 4.975091463283753e-02
8.175230379436502e-01 4.855889660447021e-02
8.413951416451948e-01 4.739150053567869e-02
8.659643233600653e-01 4.624836488067846e-02
8.912509381337459e-01 4.512912851824660e-02
9.172759353897795e-01 4.403343090763381e-02
9.440608762859236e-01 4.296091224217830e-02
9.716279515771058e-01 4.191121360047341e-02
1.000000000000000e+00 4.088397709494666e-02
1.029200527194429e+00 3.987884601771188e-02
1.059253725177290e+00 3.889546498355907e-02
1.090184492385127e+00 3.793348006995304e-02
1.122018454301963e+00 3.699253895391564e-02
1.154781984689458e+00 3.607229104567428e-02
1.188502227437019e+00 3.517238761896060e-02
1.223207119049933e+00 3.429248193785473e-02
1.258925411794166e+00 3.343222938007269e-02
1.295686697517019e+00 3.259128755660278e-02
1.333521432163324e+00 3.176931642760419e-02
1.372460961007563e+00 3.096597841448595e-02
1.412537544622755e+00 3.018093850809375e-02
1.453784385607661e+00 2.941386437293856e-02
1.496235656094433e+00 2.866442644740761e-02
1.539926526059492e+00 2.793229803990815e-02
1.584893192461114e+00 2.721715542089904e-02
1.631172909227840e+00 2.651867791077550e-02
1.678804018122559e+00 2.583654796357891e-02
1.727825980507863e+00 2.517045124651063e-02
1.778279410038923e+00 2.452007671523844e-02
1.830206106311057e+00 2.388511668498914e-02
1.883649089489802e+00 2.326526689743076e-02
1.938652635952206e+00 2.266022658335365e-02
1.995262314968879e+00 2.206969852116732e-02
2.053525026457146e+00 2.149338909123781e-02
2.113489039836648e+00 2.093100832609533e-02
2.175204034019525e+00 2.038226995655058e-02
2.238721138568338e+00 1.984689145376341e-02
2.304092976055845e+00 1.932459406731342e-02
2.371373705661656e+00 1.881510285932944e-02
2.440619068041981e+00 1.831814673473829e-02
2.511886431509582e+00 1.783345846770030e-02
2.585234839562189e+00 1.736077472430333e-02
2.660725059798808e+00 1.689983608159137e-02
2.738419634264361e+00 1.645038704300915e-02
2.818382931264455e+00 1.601217605034696e-02
2.900681198693156e+00 1.558495549227445e-02
2.985382618917957e+00 1.516848170955525e-02
3.072557365267446e+00 1.476251499703699e-02
3.162277660168380e+00 1.436681960251454e-02
3.254617834980460e+00 1.398116372256597e-02
3.349654391578279e+00 1.360531949546294e-02
3.447466065731491e+00 1.323906299125946e-02
3.548133892335753e+00 1.288217419916306e-02
3.651741272548378e+00 1.253443701229513e-02
3.758374042884443e+00 1.219563920994614e-02
3.868120546330525e+00 1.186557243743331e-02
3.981071705534969e+00 1.154403218366788e-02
4.097321098135414e+00 1.123081775653871e-02
4.216965034285822e+00 1.092573225621972e-02
4.340102636447440e+00 1.062858254650638e-02
4.466835921509634e+00 1.033917922428733e-02
4.597269885308719e+00 1.005733658725508e-02
4.731512589614803e+00 9.782872599958845e-03
4.869675251658632e+00 9.515608858301260e-03
5.011872336272726e+00 9.255370552578787e-03
5.158221650723061e+00 9.001986429164137e-03
5.308844442309880e+00 8.755288750927013e-03
5.463865498818540e+00 8.515113256487315e-03
5.623413251903491e+00 8.281299118393140e-03
5.787619883491209e+00 8.053688900313029e-03
5.956621435290110e+00 7.832128513330157e-03
6.130557921498202e+00 7.616467171423303e-03
6.309573444801930e+00 7.406557346217046e-03
6.493816315762113e+00 7.202254721081203e-03
6.683439175686149e+00 7.003418144656455e-03
6.878599123088081e+00 6.809909583881011e-03
7.079457843841374e+00 6.621594076590021e-03
7.286181745132275e+00 6.438339683756851e-03
7.498942093324558e+00 6.260017441442926e-03
7.717915155850127e+00 6.086501312519502e-03
7.943282347242821e+00 5.917668138222709e-03
8.175230379436494e+00 5.753397589599965e-03
8.413951416451949e+00 5.593572118903483e-03
8.659643233600654e+00 5.438076910984002e-03
8.912509381337459e+00 5.286799834734884e-03
9.172759353897805e+00 5.139631394634637e-03
9.440608762859226e+00 4.996464682433118e-03
9.716279515771058e+00 4.857195329024012e-03
1.000000000000000e+01 4.721721456544503e-03
1.029200527194429e+01 4.589943630739565e-03
1.059253725177290e+01 4.461764813627061e-03
1.090184492385127e+01 4.337090316496877e-03
1.122018454301963e+01 4.215827753275440e-03
1.154781984689458e+01 4.097886994284866e-03
1.188502227437019e+01 3.983180120423698e-03
1.223207119049933e+01 3.871621377794427e-03
1.258925411794166e+01 3.763127132801033e-03
1.295686697517019e+01 3.657615827737745e-03
1.333521432163324e+01 3.555007936888785e-03
1.372460961007563e+01 3.455225923156698e-03
1.412537544622755e+01 3.358194195235639e-03
1.453784385607661e+01 3.263839065344104e-03
1.496235656094433e+01 3.172088707530263e-03
1.539926526059492e+01 3.082873116561543e-03
1.584893192461114e+01 2.996124067408651e-03
1.631172909227840e+01 2.911775075333043e-03
1.678804018122559e+01 2.829761356585515e-03
1.727825980507863e+01 2.750019789722361e-03
1.778279410038923e+01 2.672488877544572e-03
1.830206106311057e+01 2.597108709664196e-03
1.883649089489802e+01 2.523820925701286e-03
1.938652635952206e+01 2.452568679113646e-03
1.995262314968879e+01 2.383296601660788e-03
2.053525026457146e+01 2.315950768502728e-03
2.113489039836648e+01 2.250478663933241e-03
2.175204034019524e+01 2.186829147746658e-03
2.238721138568338e+01 2.124952422236461e-03
2.304092976055845e+01 2.064799999823281e-03
2.371373705661656e+01 2.006324671309351e-03
2.440619068041982e+01 1.949480474755810e-03
2.511886431509582e+01 1.894222664978749e-03
2.585234839562189e+01 1.840507683659463e-03
2.660725059798809e+01 1.788293130063773e-03
2.738419634264361e+01 1.737537732365050e-03
2.818382931264455e+01 1.688201319564961e-03
2.900681198693156e+01 1.640244794005838e-03
2.985382618917957e+01 1.593630104468046e-03
3.072557365267446e+01 1.548320219845554e-03
3.162277660168379e+01 1.504279103392642e-03
3.254617834980460e+01 1.461471687534348e-03
3.349654391578279e+01 1.419863849233140e-03
3.447466065731491e+01 1.379422385904086e-03
3.548133892335753e+01 1.340114991870579e-03
3.651741272548377e+01 1.301910235352612e-03
3.758374042884444e+01 1.264777535979400e-03
3.868120546330525e+01 1.228687142818059e-03
3.981071705534969e+01 1.193610112910017e-03
4.097321098135414e+01 1.159518290306655e-03
4.216965034285823e+01 1.126384285595774e-03
4.340102636447440e+01 1.094181455910245e-03
4.466835921509635e+01 1.062883885410382e-03
4.597269885308718e+01 1.032466366231410e-03
4.731512589614803e+01 1.002904379887469e-03
4.869675251658632e+01 9.741740791236153e-04
5.011872336272725e+01 9.462522702072494e-04
5.158221650723061e+01 9.191163956504812e-04
5.308844442309879e+01 8.927445173549714e-04
5.463865498818540e+01 8.671153001708105e-04
5.623413251903492e+01 8.422079958611104e-04
5.787619883491209e+01 8.180024274639733e-04
5.956621435290110e+01 7.944789740436403e-04
6.130557921498202e+01 7.716185558226611e-04
6.309573444801930e+01 7.494026196870161e-04
6.493816315762113e+01 7.278131250562225e-04
6.683439175686149e+01 7.068325301105279e-04
6.878599123088082e+01 6.864437783673963e-04
7.079457843841374e+01 6.666302855996089e-04
7.286181745132275e+01 6.473759270873758e-04
7.498942093324560e+01 6.286650251969862e-04
7.717915155850127e+01 6.104823372786138e-04
7.943282347242823e+01 5.928130438760140e-04
8.175230379436493e+01 5.756427372409647e-04
8.413951416451948e+01 5.589574101453993e-04
8.659643233600654e+01 5.427434449843283e-04
8.912509381337459e+01 5.269876031627179e-04
9.172759353897804e+01 5.116770147596504e-04
9.440608762859226e+01 4.967991684631898e-04
9.716279515771059e+01 4.823419017694869e-04
1.000000000000000e+02 4.682933914398092e-04
1.029200527194429e+02 4.546421442092489e-04
1.059253725177290e+02 4.413769877410263e-04
1.090184492385127e+02 4.284870618204010e-04
1.122018454301963e+02 4.159618097823166e-04
1.154781984689458e+02 4.037909701670453e-04
1.188502227437019e+02 3.919645685981817e-04
1.223207119049933e+02 3.804729098774740e-04
1.258925411794166e+02 3.693065702910944e-04
1.295686697517019e+02 3.584563901220439e-04
1.333521432163324e+02 3.479134663635287e-04
1.372460961007563e+02 3.376691456282233e-04
1.412537544622755e+02 3.277150172484745e-04
1.453784385607661e+02 3.180429065625899e-04
1.496235656094433e+02 3.086448683824680e-04
1.539926526059492e+02 2.995131806379372e-04
1.584893192461114e+02 2.906403381932629e-04
1.631172909227840e+02 2.820190468313973e-04
1.678804018122559e+02 2.736422174016413e-04
1.727825980507863e+02 2.655029601264846e-04
1.778279410038923e+02 2.575945790635011e-04
1.830206106311057e+02 2.499105667182515e-04
1.883649089489802e+02 2.424445988042621e-04
1.938652635952206e+02 2.351905291462280e-04
1.995262314968879e+02 2.281423847226820e-04
2.053525026457146e+02 2.212943608444701e-04
2.113489039836648e+02 2.146408164654472e-04
2.175204034019524e+02 2.081762696219034e-04
2.238721138568338e+02 2.018953929973196e-04
2.304092976055845e+02 1.957930096091182e-04
2.371373705661655e+02 1.898640886141783e-04
2.440619068041981e+02 1.841037412299443e-04
2.511886431509583e+02 1.785072167680478e-04
2.585234839562189e+02 1.730698987774353e-04
2.660725059798809e+02 1.677873012940698e-04
2.738419634264361e+02 1.626550651943476e-04
2.818382931264455e+02 1.576689546494428e-04
2.900681198693156e+02 1.528248536778651e-04
2.985382618917957e+02 1.481187627935816e-04
3.072557365267446e+02 1.435467957471229e-04
3.162277660168380e+02 1.391051763571625e-04
3.254617834980460e+02 1.347902354301144e-04
3.349654391578280e+02 1.305984077653648e-04
3.447466065731491e+02 1.265262292438142e-04
3.548133892335753e+02 1.225703339974580e-04
3.651741272548377e+02 1.187274516578083e-04
3.758374042884444e+02 1.149944046809969e-04
3.868120546330525e+02 1.113681057474732e-04
3.981071705534970e+02 1.078455552342540e-04
4.097321098135413e+02 1.044238387577398e-04
4.216965034285823e+02 1.011001247851650e-04
4.340102636447440e+02 9.787166231279643e-05
4.466835921509635e+02 9.473577860904628e-05
4.597269885308718e+02 9.168987702071615e-05
4.731512589614803e+02 8.873143484062907e-05
4.869675251658632e+02 8.585800123496164e-05
5.011872336272725e+02 8.306719522862271e-05
5.158221650723061e+02 8.035670374707739e-05
5.308844442309879e+02 7.772427971305260e-05
5.463865498818541e+02 7.516774019660207e-05
5.623413251903492e+02 7.268496461705271e-05
5.787619883491209e+02 7.027389299538719e-05
5.956621435290110e+02 6.793252425566136e-05
6.130557921498203e+02 6.565891457408991e-05
6.309573444801931e+02 6.345117577446822e-05
6.493816315762114e+02 6.130747376863885e-05
6.683439175686149e+02 5.922602704073752e-05
6.878599123088081e+02 5.720510517399402e-05
7.079457843841374e+02 5.524302741889192e-05
7.286181745132275e+02 5.333816130152229e-05
7.498942093324558e+02 5.148892127100052e-05
7.717915155850128e+02 4.969376738483988e-05
7.943282347242822e+02 4.795120403120940e-05
8.175230379436493e+02 4.625977868702815e-05
8.413951416451948e+02 4.461808071087633e-05
8.659643233600655e+02 4.302474016973132e-05
8.912509381337459e+02 4.147842669855920e-05
9.172759353897803e+02 3.997784839181991e-05
9.440608762859225e+02 3.852175072596718e-05
9.716279515771058e+02 3.710891551204655e-05
1.000000000000000e+03 3.573815987751989e-05
1.029200527194429e+03 3.440833527646273e-05
1.059253725177290e+03 3.311832652730518e-05
1.090184492385127e+03 3.186705087730534e-05
1.122018454301963e+03 3.065345709296378e-05
1.154781984689458e+03 2.947652457560791e-05
1.188502227437019e+03 2.833526250139012e-05
1.223207119049933e+03 2.722870898496354e-05
1.258925411794166e+03 2.615593026611454e-05
1.295686697517019e+03 2.511601991864629e-05
1.333521432163324e+03 2.410809808082458e-05
1.372460961007562e+03 2.313131070670844e-05
1.412537544622756e+03 2.218482883770435e-05
1.453784385607661e+03 2.126784789369384e-05
1.496235656094433e+03 2.037958698309601e-05
1.539926526059492e+03 1.951928823123941e-05
1.584893192461114e+03 1.868621612642467e-05
1.631172909227840e+03 1.787965688307166e-05
1.678804018122559e+03 1.709891782135141e-05
1.727825980507863e+03 1.634332676271081e-05
1.778279410038923e+03 1.561223144070521e-05
1.830206106311057e+03 1.490499892655783e-05
1.883649089489802e+03 1.422101506887062e-05
1.938652635952206e+03 1.355968394691307e-05
1.995262314968879e+03 1.292042733691759e-05
2.053525026457146e+03 1.230268419081068e-05
2.113489039836648e+03 1.170591012680676e-05
2.175204034019525e+03 1.112957693129002e-05
2.238721138568338e+03 1.057317207140434e-05
2.304092976055845e+03 1.003619821776460e-05
2.371373705661656e+03 9.518172776694952e-06
2.440619068041981e+03 9.018627431387311e-06
2.511886431509583e+03 8.537107691360744e-06
2.585234839562188e+03 8.073172449585609e-06
2.660725059798809e+03 7.626393546616124e-06
2.738419634264361e+03 7.196355341052519e-06
2.818382931264455e+03 6.782654285625289e-06
2.900681198693156e+03 6.384898508162859e-06
2.985382618917958e+03 6.002707396666165e-06
3.072557365267446e+03 5.635711187669968e-06
3.162277660168379e+03 5.283550557021111e-06
3.254617834980460e+03 4.945876212144700e-06
3.349654391578280e+03 4.622348484802721e-06
3.447466065731491e+03 4.312636923271152e-06
3.548133892335753e+03 4.016419882771386e-06
3.651741272548377e+03 3.733384112887626e-06
3.758374042884443e+03 3.463224340579614e-06
3.868120546330525e+03 3.205642847259522e-06
3.981071705534970e+03 2.960349038236518e-06
4.097321098135413e+03 2.727059002639699e-06
4.216965034285823e+03 2.505495061704266e-06
4.340102636447440e+03 2.295385303038757e-06
4.466835921509635e+03 2.096463098176948e-06
4.597269885308719e+03 1.908466600343942e-06
4.731512589614803e+03 1.731138218920280e-06
4.869675251658631e+03 1.564224066554093e-06
5.011872336272725e+03 1.407473374227190e-06
5.158221650723061e+03 1.260637868801433e-06
5.308844442309880e+03 1.123471106620105e-06
5.463865498818540e+03 9.957277555707253e-07
5.623413251903491e+03 8.771628165708773e-07
5.787619883491209e+03 7.675307736364846e-07
5.956621435290110e+03 6.665846594264422e-07
6.130557921498202e+03 5.740750202812856e-07
6.309573444801930e+03 4.897487610859515e-07
6.493816315762113e+03 4.133478455060840e-07
6.683439175686149e+03 3.446078208742189e-07
6.878599123088082e+03 2.832561286617881e-07
7.079457843841375e+03 2.290101502196646e-07
7.286181745132274e+03 1.815749220396536e-07
7.498942093324559e+03 1.406404332456465e-07
7.717915155850128e+03 1.058783873284402e-07
7.943282347242822e+03 7.693826539326263e-08
8.175230379436493e+03 5.344246123762687e-08
8.413951416451948e+03 3.498015534457314e-08
8.659643233600655e+03 2.109943003752748e-08
8.912509381337461e+03 1.129685374153142e-08
9.172759353897805e+03 5.003282659783979e-09
9.440608762859227e+03 1.563737001481405e-09
9.716279515771059e+03 2.074215777643231e-10
1.000000000000000e+04 0.000000000000000e+00
