# alpha = 2
# Lmin  = 0.01
# Lmax  = 100
# tau   = 1
# V1    = 0.1
# V2    = 1
# c     = 1
# u_min_requested = 0.0001
# u_max_requested = 10000000
# u_max_used      = 100
# u_physical_max  = 100
# points_per_decade = 80
# DeltaFss = 1.096622388381691e-01
# columns: u=t/tau, R(u)
1.000000000000000e-04 9.997259265371711e-01
1.029200527194428e-04 9.997179331233638e-01
1.059253725177289e-04 9.997097068711117e-01
1.090184492385128e-04 9.997012410153997e-01
1.122018454301963e-04 9.996925285956868e-01
1.154781984689458e-04 9.996835624503130e-01
1.188502227437018e-04 9.996743352107575e-01
1.223207119049932e-04 9.996648392957295e-01
1.258925411794167e-04 9.996550669050964e-01
1.295686697517020e-04 9.996450100136470e-01
1.333521432163324e-04 9.996346603646760e-01
1.372460961007562e-04 9.996240094633950e-01
1.412537544622754e-04 9.996130485701563e-01
1.453784385607662e-04 9.996017686934963e-01
1.496235656094434e-04 9.995901605829800e-01
1.539926526059492e-04 9.995782147218533e-01
1.584893192461113e-04 9.995659213194902e-01
1.631172909227838e-04 9.995532703036351e-01
1.678804018122560e-04 9.995402513124324e-01
1.727825980507863e-04 9.995268536862359e-01
1.778279410038923e-04 9.995130664591996e-01
1.830206106311056e-04 9.994988783506356e-01
1.883649089489800e-04 9.994842777561365e-01
1.938652635952208e-04 9.994692527384661e-01
1.995262314968880e-04 9.994537910181913e-01
2.053525026457146e-04 9.994378799640724e-01
2.113489039836647e-04 9.994215065831903e-01
2.175204034019523e-04 9.994046575108074e-01
2.238721138568339e-04 9.993873189999672e-01
2.304092976055846e-04 9.993694769108012e-01
2.371373705661655e-04 9.993511166995671e-01
2.440619068041980e-04 9.993322234073894e-01
2.511886431509580e-04 9.993127816487012e-01
2.585234839562192e-04 9.992927755993894e-01
2.660725059798810e-04 9.992721889846220e-01
2.738419634264362e-04 9.992510050663627e-01
2.818382931264454e-04 9.992292066305589e-01
2.900681198693154e-04 9.992067759739957e-01
2.985382618917959e-04 9.991836948908173e-01
3.072557365267447e-04 9.991599446586990e-01
3.162277660168379e-04 9.991355060246604e-01
3.254617834980459e-04 9.991103591905284e-01
3.349654391578276e-04 9.990844837980249e-01
3.447466065731494e-04 9.990578589134813e-01
3.548133892335754e-04 9.990304630121706e-01
3.651741272548378e-04 9.990022739622481e-01
3.758374042884442e-04 9.989732690082958e-01
3.868120546330521e-04 9.989434247544621e-01
3.981071705534973e-04 9.989127171471881e-01
4.097321098135416e-04 9.988811214575175e-01
4.216965034285823e-04 9.988486122629721e-01
4.340102636447438e-04 9.988151634290059e-01
4.466835921509632e-04 9.987807480900068e-01
4.597269885308722e-04 9.987453386298579e-01
4.731512589614806e-04 9.987089066620427e-01
4.869675251658631e-04 9.986714230092880e-01
5.011872336272723e-04 9.986328576827422e-01
5.158221650723056e-04 9.985931798606792e-01
5.308844442309884e-04 9.985523578667255e-01
5.463865498818542e-04 9.985103591476004e-01
5.623413251903491e-04 9.984671502503675e-01
5.787619883491207e-04 9.984226967991947e-01
5.956621435290106e-04 9.983769634716158e-01
6.130557921498207e-04 9.983299139742848e-01
6.309573444801933e-04 9.982815110182331e-01
6.493816315762112e-04 9.982317162936133e-01
6.683439175686148e-04 9.981804904439351e-01
6.878599123088077e-04 9.981277930397922e-01
7.079457843841379e-04 9.980735825520721e-01
7.286181745132276e-04 9.980178163246622e-01
7.498942093324560e-04 9.979604505466423e-01
7.717915155850125e-04 9.979014402239680e-01
7.943282347242814e-04 9.978407391506537e-01
8.175230379436500e-04 9.977782998794564e-01
8.413951416451951e-04 9.977140736920620e-01
8.659643233600655e-04 9.976480105687903e-01
8.912509381337455e-04 9.975800591578210e-01
9.172759353897798e-04 9.975101667439528e-01
9.440608762859235e-04 9.974382792169086e-01
9.716279515771061e-04 9.973643410392034e-01
9.999999999999998e-04 9.972882952135832e-01
1.029200527194428e-03 9.972100832500652e-01
1.059253725177289e-03 9.971296451325893e-01
1.090184492385128e-03 9.970469192853121e-01
1.122018454301963e-03 9.969618425385660e-01
1.154781984689458e-03 9.968743500945144e-01
1.188502227437019e-03 9.967843754925352e-01
1.223207119049932e-03 9.966918505743674e-01
1.258925411794167e-03 9.965967054490655e-01
1.295686697517020e-03 9.964988684577998e-01
1.333521432163324e-03 9.963982661385515e-01
1.372460961007562e-03 9.962948231907641e-01
1.412537544622755e-03 9.961884624399920e-01
1.453784385607662e-03 9.960791048026316e-01
1.496235656094433e-03 9.959666692507825e-01
1.539926526059492e-03 9.958510727773240e-01
1.584893192461114e-03 9.957322303612944e-01
1.631172909227838e-03 9.956100549336475e-01
1.678804018122560e-03 9.954844573434912e-01
1.727825980507863e-03 9.953553463249132e-01
1.778279410038923e-03 9.952226284644999e-01
1.830206106311056e-03 9.950862081696760e-01
1.883649089489800e-03 9.949459876379941e-01
1.938652635952207e-03 9.948018668275186e-01
1.995262314968880e-03 9.946537434284483e-01
2.053525026457146e-03 9.945015128361614e-01
2.113489039836647e-03 9.943450681258359e-01
2.175204034019523e-03 9.941843000288659e-01
2.238721138568340e-03 9.940190969112490e-01
2.304092976055846e-03 9.938493447541975e-01
2.371373705661655e-03 9.936749271371907e-01
2.440619068041981e-03 9.934957252237316e-01
2.511886431509580e-03 9.933116177500881e-01
2.585234839562191e-03 9.931224810173098e-01
2.660725059798809e-03 9.929281888868376e-01
2.738419634264362e-03 9.927286127800552e-01
2.818382931264454e-03 9.925236216821358e-01
2.900681198693154e-03 9.923130821505903e-01
2.985382618917959e-03 9.920968583289288e-01
3.072557365267447e-03 9.918748119658886e-01
3.162277660168379e-03 9.916468024407147e-01
3.254617834980458e-03 9.914126867950107e-01
3.349654391578276e-03 9.911723197717128e-01
3.447466065731493e-03 9.909255538617802e-01
3.548133892335756e-03 9.906722393592479e-01
3.651741272548378e-03 9.904122244253071e-01
3.758374042884442e-03 9.901453551621627e-01
3.868120546330522e-03 9.898714756974323e-01
3.981071705534973e-03 9.895904282799310e-01
4.097321098135415e-03 9.893020533877324e-01
4.216965034285821e-03 9.890061898494684e-01
4.340102636447437e-03 9.887026749798904e-01
4.466835921509632e-03 9.883913447307766e-01
4.597269885308723e-03 9.880720338583796e-01
4.731512589614806e-03 9.877445761086465e-01
4.869675251658631e-03 9.874088044215666e-01
5.011872336272723e-03 9.870645511560763e-01
5.158221650723055e-03 9.867116483370587e-01
5.308844442309882e-03 9.863499279260791e-01
5.463865498818545e-03 9.859792221176142e-01
5.623413251903493e-03 9.855993636626543e-01
5.787619883491208e-03 9.852101862216853e-01
5.956621435290105e-03 9.848115247492136e-01
6.130557921498207e-03 9.844032159121210e-01
6.309573444801932e-03 9.839850985443248e-01
6.493816315762112e-03 9.835570141403708e-01
6.683439175686144e-03 9.831188073907910e-01
6.878599123088079e-03 9.826703267622312e-01
7.079457843841381e-03 9.822114251255954e-01
7.286181745132278e-03 9.817419604356609e-01
7.498942093324559e-03 9.812617964658705e-01
7.717915155850123e-03 9.807708036022780e-01
7.943282347242814e-03 9.802688597008867e-01
8.175230379436498e-03 9.797558510129496e-01
8.413951416451954e-03 9.792316731831036e-01
8.659643233600656e-03 9.786962323255763e-01
8.912509381337457e-03 9.781494461840666e-01
9.172759353897796e-03 9.775912453813234e-01
9.440608762859234e-03 9.770215747648640e-01
9.716279515771061e-03 9.764403948557592e-01
9.999999999999998e-03 9.758476834079165e-01
1.029200527194428e-02 9.752434038296497e-01
1.059253725177289e-02 9.746273992722213e-01
1.090184492385128e-02 9.739994795304889e-01
1.122018454301964e-02 9.733594524189502e-01
1.154781984689458e-02 9.727071237844827e-01
1.188502227437018e-02 9.720422975203326e-01
1.223207119049931e-02 9.713647755814075e-01
1.258925411794167e-02 9.706743580008748e-01
1.295686697517020e-02 9.699708429081138e-01
1.333521432163325e-02 9.692540265480414e-01
1.372460961007562e-02 9.685237033018477e-01
1.412537544622754e-02 9.677796657091559e-01
1.453784385607662e-02 9.670217044916521e-01
1.496235656094433e-02 9.662496085782010e-01
1.539926526059492e-02 9.654631651314799e-01
1.584893192461113e-02 9.646621595761575e-01
1.631172909227839e-02 9.638463756286508e-01
1.678804018122560e-02 9.630155953284742e-01
1.727825980507864e-02 9.621695990712213e-01
1.778279410038923e-02 9.613081656431993e-01
1.830206106311056e-02 9.604310722577392e-01
1.883649089489800e-02 9.595380945932139e-01
1.938652635952207e-02 9.586290068327858e-01
1.995262314968881e-02 9.577035817059084e-01
2.053525026457147e-02 9.567615905316040e-01
2.113489039836647e-02 9.558028032635448e-01
2.175204034019523e-02 9.548269885369602e-01
2.238721138568340e-02 9.538339137173845e-01
2.304092976055845e-02 9.528233449512781e-01
2.371373705661655e-02 9.517950472185335e-01
2.440619068041979e-02 9.507487843868899e-01
2.511886431509581e-02 9.496843192682748e-01
2.585234839562191e-02 9.486014136770886e-01
2.660725059798810e-02 9.474998284904552e-01
2.738419634264361e-02 9.463793237104462e-01
2.818382931264454e-02 9.452396585283004e-01
2.900681198693153e-02 9.440805913906509e-01
2.985382618917959e-02 9.429018800677708e-01
3.072557365267448e-02 9.417032817238532e-01
3.162277660168381e-02 9.404845529893340e-01
3.254617834980459e-02 9.392454500352601e-01
3.349654391578277e-02 9.379857286497306e-01
3.447466065731494e-02 9.367051443163922e-01
3.548133892335754e-02 9.354034522950126e-01
3.651741272548376e-02 9.340804077041308e-01
3.758374042884440e-02 9.327357656057835e-01
3.868120546330523e-02 9.313692810923098e-01
3.981071705534973e-02 9.299807093752368e-01
4.097321098135416e-02 9.285698058762393e-01
4.216965034285823e-02 9.271363263201704e-01
4.340102636447438e-02 9.256800268301573e-01
4.466835921509631e-02 9.242006640247549e-01
4.597269885308721e-02 9.226979951171476e-01
4.731512589614807e-02 9.211717780163817e-01
4.869675251658633e-02 9.196217714306262e-01
5.011872336272723e-02 9.180477349724311e-01
5.158221650723057e-02 9.164494292659781e-01
5.308844442309884e-02 9.148266160562949e-01
5.463865498818541e-02 9.131790583204116e-01
5.623413251903490e-02 9.115065203804353e-01
5.787619883491205e-02 9.098087680185186e-01
5.956621435290107e-02 9.080855685936773e-01
6.130557921498209e-02 9.063366911604450e-01
6.309573444801933e-02 9.045619065893109e-01
6.493816315762115e-02 9.027609876889101e-01
6.683439175686146e-02 9.009337093299262e-01
6.878599123088075e-02 8.990798485706569e-01
7.079457843841377e-02 8.971991847841952e-01
7.286181745132279e-02 8.952914997871843e-01
7.498942093324561e-02 8.933565779700744e-01
7.717915155850126e-02 8.913942064288488e-01
7.943282347242815e-02 8.894041750981327e-01
8.175230379436499e-02 8.873862768856386e-01
8.413951416451949e-02 8.853403078078760e-01
8.659643233600652e-02 8.832660671270489e-01
8.912509381337452e-02 8.811633574890737e-01
9.172759353897800e-02 8.790319850626361e-01
9.440608762859236e-02 8.768717596791993e-01
9.716279515771063e-02 8.746824949738852e-01
1.000000000000000e-01 8.724640085271376e-01
1.029200527194428e-01 8.702161220070614e-01
1.059253725177289e-01 8.679386613123566e-01
1.090184492385127e-01 8.656314567157318e-01
1.122018454301963e-01 8.632943430076946e-01
1.154781984689458e-01 8.609271596406090e-01
1.188502227437018e-01 8.585297508729028e-01
1.223207119049931e-01 8.561019659133077e-01
1.258925411794168e-01 8.536436590650046e-01
1.295686697517020e-01 8.511546898695508e-01
1.333521432163325e-01 8.486349232504546e-01
1.372460961007562e-01 8.460842296562600e-01
1.412537544622755e-01 8.435024852030022e-01
1.453784385607662e-01 8.408895718158932e-01
1.496235656094434e-01 8.382453773700776e-01
1.539926526059492e-01 8.355697958303215e-01
1.584893192461113e-01 8.328627273894639e-01
1.631172909227838e-01 8.301240786054811e-01
1.678804018122560e-01 8.273537625369908e-01
1.727825980507863e-01 8.245516988770397e-01
1.778279410038922e-01 8.217178140849951e-01
1.830206106311055e-01 8.188520415163716e-01
1.883649089489799e-01 8.159543215504155e-01
1.938652635952209e-01 8.130246017152691e-01
1.995262314968881e-01 8.100628368105336e-01
2.053525026457148e-01 8.070689890270490e-01
2.113489039836648e-01 8.040430280637049e-01
2.175204034019524e-01 8.009849312410956e-01
2.238721138568340e-01 7.978946836118410e-01
2.304092976055846e-01 7.947722780673725e-01
2.371373705661655e-01 7.916177154410132e-01
2.440619068041980e-01 7.884310046071539e-01
2.511886431509580e-01 7.852121625763440e-01
2.585234839562190e-01 7.819612145861170e-01
2.660725059798809e-01 7.786781941873621e-01
2.738419634264360e-01 7.753631433260691e-01
2.818382931264452e-01 7.720161124202708e-01
2.900681198693152e-01 7.686371604319995e-01
2.985382618917962e-01 7.652263549341137e-01
3.072557365267449e-01 7.617837721718053e-01
3.162277660168381e-01 7.583094971186535e-01
3.254617834980460e-01 7.548036235270629e-01
3.349654391578278e-01 7.512662539729478e-01
3.447466065731494e-01 7.476974998945268e-01
3.548133892335755e-01 7.440974816251043e-01
3.651741272548377e-01 7.404663284197163e-01
3.758374042884441e-01 7.368041784755427e-01
3.868120546330521e-01 7.331111789459818e-01
3.981071705534971e-01 7.293874859483089e-01
4.097321098135414e-01 7.256332645648412e-01
4.216965034285821e-01 7.218486888375573e-01
4.340102636447436e-01 7.180339417561148e-01
4.466835921509628e-01 7.141892152392467e-01
4.597269885308725e-01 7.103147101095042e-01
4.731512589614807e-01 7.064106360613603e-01
4.869675251658634e-01 7.024772116226695e-01
5.011872336272726e-01 6.985146641095327e-01
5.158221650723059e-01 6.945232295745932e-01
5.308844442309885e-01 6.905031527488417e-01
5.463865498818543e-01 6.864546869770021e-01
5.623413251903492e-01 6.823780941465971e-01
5.787619883491206e-01 6.782736446108081e-01
5.956621435290104e-01 6.741416171052598e-01
6.130557921498205e-01 6.699822986588806e-01
6.309573444801930e-01 6.657959844990047e-01
6.493816315762111e-01 6.615829779508999e-01
6.683439175686142e-01 6.573435903319197e-01
6.878599123088072e-01 6.530781408405022e-01
7.079457843841385e-01 6.487869564402462e-01
7.286181745132282e-01 6.444703717393154e-01
7.498942093324562e-01 6.401287288654336e-01
7.717915155850128e-01 6.357623773367577e-01
7.943282347242817e-01 6.313716739289119e-01
8.175230379436502e-01 6.269569825384999e-01
8.413951416451951e-01 6.225186740434101e-01
8.659643233600653e-01 6.180571261602438e-01
8.912509381337456e-01 6.135727232992091e-01
9.172759353897795e-01 6.090658564168338e-01
9.440608762859231e-01 6.045369228668521e-01
9.716279515771058e-01 5.999863262496380e-01
9.999999999999996e-01 5.954144762605480e-01
1.029200527194428e+00 5.908217885375641e-01
1.059253725177288e+00 5.862086845086073e-01
1.090184492385128e+00 5.815755912389118e-01
1.122018454301964e+00 5.769229412788462e-01
1.154781984689459e+00 5.722511725125576e-01
1.188502227437019e+00 5.675607280078355e-01
1.223207119049932e+00 5.628520558675694e-01
1.258925411794168e+00 5.581256090831773e-01
1.295686697517020e+00 5.533818453903852e-01
1.333521432163324e+00 5.486212271277140e-01
1.372460961007562e+00 5.438442210980444e-01
1.412537544622754e+00 5.390512984336029e-01
1.453784385607661e+00 5.342429344647179e-01
1.496235656094433e+00 5.294196085926715e-01
1.539926526059491e+00 5.245818041669734e-01
1.584893192461112e+00 5.197300083673615e-01
1.631172909227837e+00 5.148647120908281e-01
1.678804018122562e+00 5.099864098439518e-01
1.727825980507864e+00 5.050955996408061e-01
1.778279410038924e+00 5.001927829066910e-01
1.830206106311057e+00 4.952784643879370e-01
1.883649089489801e+00 4.903531520679925e-01
1.938652635952208e+00 4.854173570900062e-01
1.995262314968880e+00 4.804715936860950e-01
2.053525026457146e+00 4.755163791134665e-01
2.113489039836646e+00 4.705522335975549e-01
2.175204034019522e+00 4.655796802823099e-01
2.238721138568339e+00 4.605992451877596e-01
2.304092976055845e+00 4.556114571749544e-01
2.371373705661654e+00 4.506168479183805e-01
2.440619068041979e+00 4.456159518859146e-01
2.511886431509578e+00 4.406093063263781e-01
2.585234839562192e+00 4.355974512647285e-01
2.660725059798811e+00 4.305809295049159e-01
2.738419634264363e+00 4.255602866404075e-01
2.818382931264455e+00 4.205360710723823e-01
2.900681198693154e+00 4.155088340355687e-01
2.985382618917960e+00 4.104791296316938e-01
3.072557365267447e+00 4.054475148704952e-01
3.162277660168380e+00 4.004145497182328e-01
3.254617834980459e+00 3.953807971536283e-01
3.349654391578276e+00 3.903468232311421e-01
3.447466065731493e+00 3.853131971514939e-01
3.548133892335753e+00 3.802804913393119e-01
3.651741272548375e+00 3.752492815277940e-01
3.758374042884439e+00 3.702201468502455e-01
3.868120546330519e+00 3.651936699383573e-01
3.981071705534976e+00 3.601704370270670e-01
4.097321098135418e+00 3.551510380658487e-01
4.216965034285825e+00 3.501360668362560e-01
4.340102636447440e+00 3.451261210755457e-01
4.466835921509633e+00 3.401218026061930e-01
4.597269885308723e+00 3.351237174711024e-01
4.731512589614806e+00 3.301324760743143e-01
4.869675251658632e+00 3.251486933269944e-01
5.011872336272722e+00 3.201729887984887e-01
5.158221650723056e+00 3.152059868722190e-01
5.308844442309882e+00 3.102483169061799e-01
5.463865498818540e+00 3.053006133978035e-01
5.623413251903489e+00 3.003635161529333e-01
5.787619883491203e+00 2.954376704586560e-01
5.956621435290101e+00 2.905237272597186e-01
6.130557921498212e+00 2.856223433382599e-01
6.309573444801937e+00 2.807341814965690e-01
6.493816315762117e+00 2.758599107425736e-01
6.683439175686149e+00 2.710002064777583e-01
6.878599123088079e+00 2.661557506871916e-01
7.079457843841381e+00 2.613272321313357e-01
7.286181745132278e+00 2.565153465392967e-01
7.498942093324558e+00 2.517207968031626e-01
7.717915155850124e+00 2.469442931730579e-01
7.943282347242814e+00 2.421865534525317e-01
8.175230379436497e+00 2.374483031938755e-01
8.413951416451949e+00 2.327302758929518e-01
8.659643233600649e+00 2.280332131830930e-01
8.912509381337451e+00 2.233578650276078e-01
9.172759353897790e+00 2.187049899104128e-01
9.440608762859240e+00 2.140753550242745e-01
9.716279515771067e+00 2.094697364561314e-01
1.000000000000001e+01 2.048889193689197e-01
1.029200527194429e+01 2.003336981793141e-01
1.059253725177289e+01 1.958048767307422e-01
1.090184492385128e+01 1.913032684610065e-01
1.122018454301964e+01 1.868296965637997e-01
1.154781984689458e+01 1.823849941433597e-01
1.188502227437018e+01 1.779700043614608e-01
1.223207119049931e+01 1.735855805758867e-01
1.258925411794167e+01 1.692325864694762e-01
1.295686697517019e+01 1.649118961687689e-01
1.333521432163323e+01 1.606243943512181e-01
1.372460961007561e+01 1.563709763398614e-01
1.412537544622753e+01 1.521525481842669e-01
1.453784385607663e+01 1.479700267264867e-01
1.496235656094434e+01 1.438243396506622e-01
1.539926526059493e+01 1.397164255148220e-01
1.584893192461114e+01 1.356472337633131e-01
1.631172909227839e+01 1.316177247181856e-01
1.678804018122561e+01 1.276288695477255e-01
1.727825980507864e+01 1.236816502101951e-01
1.778279410038923e+01 1.197770593706884e-01
1.830206106311056e+01 1.159161002888473e-01
1.883649089489800e+01 1.120997866750060e-01
1.938652635952207e+01 1.083291425121368e-01
1.995262314968879e+01 1.046052018407578e-01
2.053525026457145e+01 1.009290085037299e-01
2.113489039836645e+01 9.730161584761589e-02
2.175204034019521e+01 9.372408637699522e-02
2.238721138568341e+01 9.019749135781802e-02
2.304092976055847e+01 8.672291036554636e-02
2.371373705661657e+01 8.330143077345378e-02
2.440619068041982e+01 7.993414717604734e-02
2.511886431509581e+01 7.662216074211510e-02
2.585234839562191e+01 7.336657849140157e-02
2.660725059798810e+01 7.016851248835174e-02
2.738419634264361e+01 6.702907894574164e-02
2.818382931264454e+01 6.394939723032121e-02
2.900681198693153e+01 6.093058876181853e-02
2.985382618917959e+01 5.797377579578984e-02
3.072557365267446e+01 5.508008007982722e-02
3.162277660168378e+01 5.225062137154293e-02
3.254617834980457e+01 4.948651580551806e-02
3.349654391578274e+01 4.678887409501141e-02
3.447466065731496e+01 4.415879955264677e-02
3.548133892335757e+01 4.159738591250399e-02
3.651741272548379e+01 3.910571493399235e-02
3.758374042884444e+01 3.668485376554892e-02
3.868120546330523e+01 3.433585204351554e-02
3.981071705534973e+01 3.205973869845527e-02
4.097321098135416e+01 2.985751843758997e-02
4.216965034285823e+01 2.773016786788447e-02
4.340102636447438e+01 2.567863121945549e-02
4.466835921509630e+01 2.370381562330463e-02
4.597269885308721e+01 2.180658589069043e-02
4.731512589614803e+01 1.998775873354485e-02
4.869675251658629e+01 1.824809635593194e-02
5.011872336272720e+01 1.658829933529048e-02
5.158221650723053e+01 1.500899869865438e-02
5.308844442309888e+01 1.351074708262930e-02
5.463865498818546e+01 1.209400884587782e-02
5.623413251903494e+01 1.075914897824672e-02
5.787619883491209e+01 9.506420620168377e-03
5.956621435290106e+01 8.335950967839205e-03
6.130557921498209e+01 7.247725291576077e-03
6.309573444801934e+01 6.241568733442509e-03
6.493816315762113e+01 5.317125471228656e-03
6.683439175686146e+01 4.473834732818128e-03
6.878599123088075e+01 3.710903008773149e-03
7.079457843841378e+01 3.027271628311206e-03
7.286181745132275e+01 2.421578614898004e-03
7.498942093324554e+01 1.892113392227566e-03
7.717915155850119e+01 1.436762422226006e-03
7.943282347242810e+01 1.052943148181183e-03
8.175230379436506e+01 7.375225627711150e-04
8.413951416451957e+01 4.867151073918159e-04
8.659643233600659e+01 2.959520506302408e-04
8.912509381337459e+01 1.597102664925199e-04
9.172759353897798e+01 7.128099681102914e-05
9.440608762859236e+01 2.244566063730597e-05
9.716279515771063e+01 2.998891501584661e-06
1.000000000000000e+02 0.000000000000000e+00
