# alpha = 2
# Lmin  = 0.01
# Lmax  = 1000
# tau   = 1
# V1    = 0.1
# V2    = 1
# c     = 1
# u_min_requested = 0.0001
# u_max_requested = 10000000
# u_max_used      = 1000
# u_physical_max  = 1000
# points_per_decade = 80
# DeltaFss = 1.621780587736379e-01
# columns: u=t/tau, R(u)
1.000000000000000e-04 9.998143103333311e-01
1.029200527194428e-04 9.998088946392780e-01
1.059253725177289e-04 9.998033211918324e-01
1.090184492385128e-04 9.997975854074932e-01
1.122018454301963e-04 9.997916825702837e-01
1.154781984689458e-04 9.997856078279588e-01
1.188502227437018e-04 9.997793561881153e-01
1.223207119049932e-04 9.997729225141883e-01
1.258925411794167e-04 9.997663015213388e-01
1.295686697517020e-04 9.997594877722239e-01
1.333521432163324e-04 9.997524756726535e-01
1.372460961007562e-04 9.997452594671221e-01
1.412537544622754e-04 9.997378332342223e-01
1.453784385607662e-04 9.997301908819256e-01
1.496235656094434e-04 9.997223261427375e-01
1.539926526059492e-04 9.997142325687166e-01
1.584893192461113e-04 9.997059035263595e-01
1.631172909227838e-04 9.996973321913416e-01
1.678804018122560e-04 9.996885115431168e-01
1.727825980507863e-04 9.996794343593693e-01
1.778279410038923e-04 9.996700932103131e-01
1.830206106311056e-04 9.996604804528368e-01
1.883649089489801e-04 9.996505882244896e-01
1.938652635952208e-04 9.996404084373052e-01
1.995262314968880e-04 9.996299327714590e-01
2.053525026457146e-04 9.996191526687498e-01
2.113489039836647e-04 9.996080593259162e-01
2.175204034019523e-04 9.995966436877622e-01
2.238721138568340e-04 9.995848964401078e-01
2.304092976055846e-04 9.995728080025492e-01
2.371373705661655e-04 9.995603685210253e-01
2.440619068041980e-04 9.995475678601896e-01
2.511886431509580e-04 9.995343955955776e-01
2.585234839562191e-04 9.995208410055725e-01
2.660725059798810e-04 9.995068930631593e-01
2.738419634264362e-04 9.994925404274594e-01
2.818382931264454e-04 9.994777714350513e-01
2.900681198693154e-04 9.994625740910636e-01
2.985382618917959e-04 9.994469360600350e-01
3.072557365267447e-04 9.994308446565490e-01
3.162277660168379e-04 9.994142868356172e-01
3.254617834980459e-04 9.993972491828265e-01
3.349654391578277e-04 9.993797179042360e-01
3.447466065731494e-04 9.993616788160169e-01
3.548133892335755e-04 9.993431173338306e-01
3.651741272548378e-04 9.993240184619511e-01
3.758374042884442e-04 9.993043667821077e-01
3.868120546330521e-04 9.992841464420625e-01
3.981071705534973e-04 9.992633411438968e-01
4.097321098135415e-04 9.992419341320276e-01
4.216965034285822e-04 9.992199081809231e-01
4.340102636447438e-04 9.991972455825295e-01
4.466835921509632e-04 9.991739281333960e-01
4.597269885308722e-04 9.991499371215024e-01
4.731512589614806e-04 9.991252533127679e-01
4.869675251658631e-04 9.990998569372631e-01
5.011872336272723e-04 9.990737276750854e-01
5.158221650723057e-04 9.990468446419329e-01
5.308844442309885e-04 9.990191863743400e-01
5.463865498818543e-04 9.989907308145936e-01
5.623413251903491e-04 9.989614552953082e-01
5.787619883491207e-04 9.989313365236774e-01
5.956621435290105e-04 9.989003505653755e-01
6.130557921498207e-04 9.988684728281279e-01
6.309573444801933e-04 9.988356780449331e-01
6.493816315762113e-04 9.988019402569421e-01
6.683439175686146e-04 9.987672327959932e-01
6.878599123088077e-04 9.987315282667977e-01
7.079457843841379e-04 9.986947985287787e-01
7.286181745132278e-04 9.986570146775650e-01
7.498942093324559e-04 9.986181470261360e-01
7.717915155850124e-04 9.985781650856249e-01
7.943282347242813e-04 9.985370375457773e-01
8.175230379436501e-04 9.984947322550700e-01
8.413951416451951e-04 9.984512162004999e-01
8.659643233600653e-04 9.984064554870373e-01
8.912509381337455e-04 9.983604153167538e-01
9.172759353897798e-04 9.983130599676378e-01
9.440608762859235e-04 9.982643527721017e-01
9.716279515771061e-04 9.982142560951806e-01
9.999999999999998e-04 9.981627313124566e-01
1.029200527194428e-03 9.981097387876910e-01
1.059253725177289e-03 9.980552378502142e-01
1.090184492385128e-03 9.979991867720481e-01
1.122018454301963e-03 9.979415427448216e-01
1.154781984689458e-03 9.978822618564602e-01
1.188502227437019e-03 9.978212990677030e-01
1.223207119049932e-03 9.977586081884522e-01
1.258925411794167e-03 9.976941418539825e-01
1.295686697517019e-03 9.976278515010606e-01
1.333521432163324e-03 9.975596873439749e-01
1.372460961007562e-03 9.974895983505405e-01
1.412537544622754e-03 9.974175322181001e-01
1.453784385607662e-03 9.973434353495754e-01
1.496235656094433e-03 9.972672528296007e-01
1.539926526059492e-03 9.971889284008080e-01
1.584893192461114e-03 9.971084044403042e-01
1.631172909227838e-03 9.970256219364070e-01
1.678804018122560e-03 9.969405204656937e-01
1.727825980507864e-03 9.968530381704622e-01
1.778279410038923e-03 9.967631117366329e-01
1.830206106311056e-03 9.966706763722217e-01
1.883649089489800e-03 9.965756657864426e-01
1.938652635952208e-03 9.964780121695439e-01
1.995262314968880e-03 9.963776461734912e-01
2.053525026457146e-03 9.962744968935863e-01
2.113489039836647e-03 9.961684918511721e-01
2.175204034019522e-03 9.960595569775226e-01
2.238721138568340e-03 9.959476165990865e-01
2.304092976055846e-03 9.958325934242064e-01
2.371373705661655e-03 9.957144085314962e-01
2.440619068041980e-03 9.955929813600479e-01
2.511886431509581e-03 9.954682297016312e-01
2.585234839562191e-03 9.953400696951240e-01
2.660725059798810e-03 9.952084158233577e-01
2.738419634264361e-03 9.950731809126179e-01
2.818382931264454e-03 9.949342761350515e-01
2.900681198693154e-03 9.947916110142431e-01
2.985382618917960e-03 9.946450934342428e-01
3.072557365267447e-03 9.944946296523514e-01
3.162277660168379e-03 9.943401243159961e-01
3.254617834980459e-03 9.941814804840351e-01
3.349654391578277e-03 9.940185996528713e-01
3.447466065731494e-03 9.938513817877896e-01
3.548133892335754e-03 9.936797253599231e-01
3.651741272548378e-03 9.935035273893310e-01
3.758374042884442e-03 9.933226834946680e-01
3.868120546330522e-03 9.931370879499808e-01
3.981071705534973e-03 9.929466337491942e-01
4.097321098135415e-03 9.927512126788867e-01
4.216965034285824e-03 9.925507154000095e-01
4.340102636447438e-03 9.923450315392407e-01
4.466835921509631e-03 9.921340497907083e-01
4.597269885308721e-03 9.919176580288819e-01
4.731512589614806e-03 9.916957434334760e-01
4.869675251658632e-03 9.914681926272771e-01
5.011872336272723e-03 9.912348918278548e-01
5.158221650723056e-03 9.909957270142100e-01
5.308844442309885e-03 9.907505841094527e-01
5.463865498818543e-03 9.904993491807085e-01
5.623413251903491e-03 9.902419086575288e-01
5.787619883491206e-03 9.899781495701380e-01
5.956621435290104e-03 9.897079598090180e-01
6.130557921498206e-03 9.894312284073326e-01
6.309573444801930e-03 9.891478458478995e-01
6.493816315762116e-03 9.888577043964721e-01
6.683439175686148e-03 9.885606984632352e-01
6.878599123088077e-03 9.882567249945774e-01
7.079457843841380e-03 9.879456838972935e-01
7.286181745132277e-03 9.876274784975897e-01
7.498942093324557e-03 9.873020160373717e-01
7.717915155850122e-03 9.869692082105151e-01
7.943282347242814e-03 9.866289717419831e-01
8.175230379436496e-03 9.862812290128797e-01
8.413951416451954e-03 9.859259087347272e-01
8.659643233600656e-03 9.855629466765178e-01
8.912509381337457e-03 9.851922864483202e-01
9.172759353897796e-03 9.848138803455146e-01
9.440608762859234e-03 9.844276902580147e-01
9.716279515771061e-03 9.840336886491539e-01
9.999999999999998e-03 9.836318596092654e-01
1.029200527194428e-02 9.832221775040559e-01
1.059253725177289e-02 9.828045353646738e-01
1.090184492385128e-02 9.823788036425103e-01
1.122018454301964e-02 9.819448514225031e-01
1.154781984689458e-02 9.815025464309620e-01
1.188502227437018e-02 9.810517550442048e-01
1.223207119049931e-02 9.805923422980578e-01
1.258925411794167e-02 9.801241718982197e-01
1.295686697517019e-02 9.796471062315059e-01
1.333521432163324e-02 9.791610063780088e-01
1.372460961007563e-02 9.786657321241695e-01
1.412537544622755e-02 9.781611419767997e-01
1.453784385607662e-02 9.776470931780654e-01
1.496235656094434e-02 9.771234417214456e-01
1.539926526059492e-02 9.765900423686871e-01
1.584893192461113e-02 9.760467486677821e-01
1.631172909227838e-02 9.754934129719698e-01
1.678804018122560e-02 9.749298864597943e-01
1.727825980507863e-02 9.743560191562316e-01
1.778279410038923e-02 9.737716599548907e-01
1.830206106311057e-02 9.731766566413315e-01
1.883649089489801e-02 9.725708559174846e-01
1.938652635952208e-02 9.719541034272221e-01
1.995262314968880e-02 9.713262437830574e-01
2.053525026457146e-02 9.706871205940248e-01
2.113489039836646e-02 9.700365764947344e-01
2.175204034019522e-02 9.693744531756171e-01
2.238721138568339e-02 9.687005914143766e-01
2.304092976055847e-02 9.680148311086696e-01
2.371373705661656e-02 9.673170113100071e-01
2.440619068041981e-02 9.666069702589151e-01
2.511886431509580e-02 9.658845454213385e-01
2.585234839562191e-02 9.651495735263240e-01
2.660725059798810e-02 9.644018906049737e-01
2.738419634264361e-02 9.636413320306939e-01
2.818382931264453e-02 9.628677325607354e-01
2.900681198693155e-02 9.620809263790397e-01
2.985382618917961e-02 9.612807471403999e-01
3.072557365267447e-02 9.604670280159410e-01
3.162277660168380e-02 9.596396017399225e-01
3.254617834980459e-02 9.587983006578731e-01
3.349654391578277e-02 9.579429567760571e-01
3.447466065731494e-02 9.570734018122812e-01
3.548133892335754e-02 9.561894672480369e-01
3.651741272548376e-02 9.552909843819831e-01
3.758374042884443e-02 9.543777843847717e-01
3.868120546330523e-02 9.534496983552058e-01
3.981071705534973e-02 9.525065573777417e-01
4.097321098135416e-02 9.515481925813193e-01
4.216965034285823e-02 9.505744351995185e-01
4.340102636447438e-02 9.495851166320445e-01
4.466835921509631e-02 9.485800685075247e-01
4.597269885308721e-02 9.475591227476069e-01
4.731512589614803e-02 9.465221116323661e-01
4.869675251658633e-02 9.454688678669831e-01
5.011872336272724e-02 9.443992246497050e-01
5.158221650723058e-02 9.433130157410580e-01
5.308844442309884e-02 9.422100755343014e-01
5.463865498818542e-02 9.410902391271110e-01
5.623413251903490e-02 9.399533423944616e-01
5.787619883491206e-02 9.387992220626946e-01
5.956621435290103e-02 9.376277157847480e-01
6.130557921498205e-02 9.364386622165184e-01
6.309573444801934e-02 9.352319010943360e-01
6.493816315762115e-02 9.340072733135215e-01
6.683439175686148e-02 9.327646210079884e-01
6.878599123088078e-02 9.315037876308658e-01
7.079457843841379e-02 9.302246180361061e-01
7.286181745132277e-02 9.289269585610368e-01
7.498942093324557e-02 9.276106571098170e-01
7.717915155850122e-02 9.262755632377695e-01
7.943282347242819e-02 9.249215282365205e-01
8.175230379436503e-02 9.235484052199296e-01
8.413951416451954e-02 9.221560492107373e-01
8.659643233600656e-02 9.207443172278987e-01
8.912509381337456e-02 9.193130683745295e-01
9.172759353897796e-02 9.178621639264305e-01
9.440608762859233e-02 9.163914674211129e-01
9.716279515771060e-02 9.149008447472764e-01
9.999999999999996e-02 9.133901642346650e-01
1.029200527194429e-01 9.118592967442445e-01
1.059253725177289e-01 9.103081157586236e-01
1.090184492385128e-01 9.087364974726515e-01
1.122018454301964e-01 9.071443208841110e-01
1.154781984689458e-01 9.055314678844381e-01
1.188502227437018e-01 9.038978233493736e-01
1.223207119049931e-01 9.022432752294796e-01
1.258925411794167e-01 9.005677146404180e-01
1.295686697517019e-01 8.988710359529081e-01
1.333521432163325e-01 8.971531368822756e-01
1.372460961007562e-01 8.954139185774873e-01
1.412537544622754e-01 8.936532857095804e-01
1.453784385607662e-01 8.918711465593832e-01
1.496235656094433e-01 8.900674131044186e-01
1.539926526059492e-01 8.882420011048945e-01
1.584893192461113e-01 8.863948301886573e-01
1.631172909227838e-01 8.845258239350117e-01
1.678804018122560e-01 8.826349099572776e-01
1.727825980507864e-01 8.807220199839811e-01
1.778279410038923e-01 8.787870899385488e-01
1.830206106311056e-01 8.768300600173942e-01
1.883649089489801e-01 8.748508747662632e-01
1.938652635952207e-01 8.728494831547261e-01
1.995262314968879e-01 8.708258386486770e-01
2.053525026457146e-01 8.687798992807233e-01
2.113489039836646e-01 8.667116277183290e-01
2.175204034019524e-01 8.646209913295904e-01
2.238721138568341e-01 8.625079622465008e-01
2.304092976055846e-01 8.603725174255906e-01
2.371373705661656e-01 8.582146387057986e-01
2.440619068041981e-01 8.560343128634482e-01
2.511886431509580e-01 8.538315316642014e-01
2.585234839562190e-01 8.516062919118578e-01
2.660725059798809e-01 8.493585954938765e-01
2.738419634264361e-01 8.470884494234858e-01
2.818382931264455e-01 8.447958658782663e-01
2.900681198693155e-01 8.424808622350843e-01
2.985382618917961e-01 8.401434611012498e-01
3.072557365267447e-01 8.377836903417979e-01
3.162277660168379e-01 8.354015831027652e-01
3.254617834980459e-01 8.329971778303736e-01
3.349654391578276e-01 8.305705182860033e-01
3.447466065731493e-01 8.281216535568680e-01
3.548133892335753e-01 8.256506380622980e-01
3.651741272548375e-01 8.231575315555441e-01
3.758374042884440e-01 8.206423991210318e-01
3.868120546330519e-01 8.181053111669871e-01
3.981071705534969e-01 8.155463434133696e-01
4.097321098135419e-01 8.129655768750682e-01
4.216965034285826e-01 8.103630978403001e-01
4.340102636447441e-01 8.077389978441821e-01
4.466835921509634e-01 8.050933736374435e-01
4.597269885308724e-01 8.024263271502647e-01
4.731512589614807e-01 7.997379654512231e-01
4.869675251658632e-01 7.970284007013627e-01
5.011872336272724e-01 7.942977501033839e-01
5.158221650723057e-01 7.915461358459887e-01
5.308844442309884e-01 7.887736850434093e-01
5.463865498818542e-01 7.859805296701635e-01
5.623413251903490e-01 7.831668064911024e-01
5.787619883491205e-01 7.803326569868090e-01
5.956621435290101e-01 7.774782272744366e-01
6.130557921498204e-01 7.746036680240699e-01
6.309573444801929e-01 7.717091343707206e-01
6.493816315762109e-01 7.687947858220670e-01
6.683439175686141e-01 7.658607861620647e-01
6.878599123088082e-01 7.629073033505669e-01
7.079457843841385e-01 7.599345094191019e-01
7.286181745132282e-01 7.569425803629615e-01
7.498942093324562e-01 7.539316960297813e-01
7.717915155850128e-01 7.509020400047776e-01
7.943282347242817e-01 7.478537994928334e-01
8.175230379436502e-01 7.447871651976377e-01
8.413951416451951e-01 7.417023311980698e-01
8.659643233600653e-01 7.385994948220511e-01
8.912509381337456e-01 7.354788565180773e-01
9.172759353897795e-01 7.323406197246631e-01
9.440608762859231e-01 7.291849907379219e-01
9.716279515771058e-01 7.260121785775252e-01
9.999999999999996e-01 7.228223948512759e-01
1.029200527194428e+00 7.196158536185409e-01
1.059253725177288e+00 7.163927712527874e-01
1.090184492385127e+00 7.131533663034755e-01
1.122018454301964e+00 7.098978593575428e-01
1.154781984689459e+00 7.066264729007475e-01
1.188502227437019e+00 7.033394311790995e-01
1.223207119049932e+00 7.000369600606369e-01
1.258925411794168e+00 6.967192868977840e-01
1.295686697517020e+00 6.933866403905395e-01
1.333521432163324e+00 6.900392504507182e-01
1.372460961007562e+00 6.866773480674900e-01
1.412537544622754e+00 6.833011651744348e-01
1.453784385607662e+00 6.799109345183333e-01
1.496235656094433e+00 6.765068895299110e-01
1.539926526059492e+00 6.730892641967353e-01
1.584893192461113e+00 6.696582929384675e-01
1.631172909227838e+00 6.662142104846585e-01
1.678804018122560e+00 6.627572517552642e-01
1.727825980507862e+00 6.592876517440586e-01
1.778279410038922e+00 6.558056454051026e-01
1.830206106311055e+00 6.523114675424165e-01
1.883649089489802e+00 6.488053527030052e-01
1.938652635952209e+00 6.452875350733597e-01
1.995262314968881e+00 6.417582483795621e-01
2.053525026457147e+00 6.382177257910945e-01
2.113489039836648e+00 6.346661998284644e-01
2.175204034019523e+00 6.311039022747189e-01
2.238721138568340e+00 6.275310640909398e-01
2.304092976055846e+00 6.239479153357776e-01
2.371373705661656e+00 6.203546850890846e-01
2.440619068041980e+00 6.167516013796922e-01
2.511886431509580e+00 6.131388911173715e-01
2.585234839562190e+00 6.095167800290004e-01
2.660725059798808e+00 6.058854925989574e-01
2.738419634264360e+00 6.022452520137440e-01
2.818382931264452e+00 5.985962801108483e-01
2.900681198693152e+00 5.949387973318226e-01
2.985382618917957e+00 5.912730226795709e-01
3.072557365267450e+00 5.875991736798168e-01
3.162277660168382e+00 5.839174663467191e-01
3.254617834980461e+00 5.802281151525946e-01
3.349654391578279e+00 5.765313330017070e-01
3.447466065731496e+00 5.728273312080632e-01
3.548133892335756e+00 5.691163194771698e-01
3.651741272548378e+00 5.653985058916750e-01
3.758374042884443e+00 5.616740969008428e-01
3.868120546330522e+00 5.579432973137766e-01
3.981071705534972e+00 5.542063102963242e-01
4.097321098135414e+00 5.504633373715863e-01
4.216965034285821e+00 5.467145784239451e-01
4.340102636447437e+00 5.429602317065284e-01
4.466835921509630e+00 5.392004938520298e-01
4.597269885308719e+00 5.354355598867924e-01
4.731512589614802e+00 5.316656232480693e-01
4.869675251658628e+00 5.278908758043744e-01
5.011872336272718e+00 5.241115078788261e-01
5.158221650723061e+00 5.203277082754058e-01
5.308844442309888e+00 5.165396643080283e-01
5.463865498818546e+00 5.127475618323433e-01
5.623413251903494e+00 5.089515852801749e-01
5.787619883491209e+00 5.051519176965110e-01
5.956621435290106e+00 5.013487407789587e-01
6.130557921498209e+00 4.975422349195723e-01
6.309573444801933e+00 4.937325792489789e-01
6.493816315762113e+00 4.899199516827105e-01
6.683439175686146e+00 4.861045289696685e-01
6.878599123088074e+00 4.822864867426345e-01
7.079457843841377e+00 4.784659995707585e-01
7.286181745132275e+00 4.746432410139436e-01
7.498942093324556e+00 4.708183836790567e-01
7.717915155850120e+00 4.669915992778997e-01
7.943282347242810e+00 4.631630586868652e-01
8.175230379436494e+00 4.593329320082216e-01
8.413951416451958e+00 4.555013886329582e-01
8.659643233600661e+00 4.516685973051350e-01
8.912509381337461e+00 4.478347261876791e-01
9.172759353897801e+00 4.439999429295718e-01
9.440608762859240e+00 4.401644147343804e-01
9.716279515771067e+00 4.363283084300796e-01
1.000000000000000e+01 4.324917905401203e-01
1.029200527194428e+01 4.286550273557014e-01
1.059253725177289e+01 4.248181850092047e-01
1.090184492385128e+01 4.209814295487534e-01
1.122018454301963e+01 4.171449270138607e-01
1.154781984689458e+01 4.133088435121309e-01
1.188502227437018e+01 4.094733452969884e-01
1.223207119049931e+01 4.056385988464032e-01
1.258925411794167e+01 4.018047709425852e-01
1.295686697517019e+01 3.979720287526262e-01
1.333521432163323e+01 3.941405399100697e-01
1.372460961007561e+01 3.903104725973836e-01
1.412537544622755e+01 3.864819956293216e-01
1.453784385607663e+01 3.826552785371621e-01
1.496235656094434e+01 3.788304916537998e-01
1.539926526059493e+01 3.750078061996918e-01
1.584893192461114e+01 3.711873943696362e-01
1.631172909227839e+01 3.673694294203835e-01
1.678804018122561e+01 3.635540857590675e-01
1.727825980507864e+01 3.597415390324534e-01
1.778279410038923e+01 3.559319662169988e-01
1.830206106311056e+01 3.521255457097233e-01
1.883649089489800e+01 3.483224574198850e-01
1.938652635952207e+01 3.445228828614629e-01
1.995262314968879e+01 3.407270052464469e-01
2.053525026457145e+01 3.369350095789332e-01
2.113489039836645e+01 3.331470827500303e-01
2.175204034019521e+01 3.293634136335732e-01
2.238721138568338e+01 3.255841931826545e-01
2.304092976055848e+01 3.218096145269683e-01
2.371373705661657e+01 3.180398730709782e-01
2.440619068041982e+01 3.142751665929057e-01
2.511886431509582e+01 3.105156953445469e-01
2.585234839562192e+01 3.067616621519210e-01
2.660725059798811e+01 3.030132725167519e-01
2.738419634264362e+01 2.992707347187878e-01
2.818382931264454e+01 2.955342599189608e-01
2.900681198693154e+01 2.918040622633886e-01
2.985382618917960e+01 2.880803589882209e-01
3.072557365267446e+01 2.843633705253292e-01
3.162277660168379e+01 2.806533206088409e-01
3.254617834980458e+01 2.769504363825172e-01
3.349654391578275e+01 2.732549485079696e-01
3.447466065731492e+01 2.695670912737135e-01
3.548133892335752e+01 2.658871027050513e-01
3.651741272548374e+01 2.622152246747786e-01
3.758374042884439e+01 2.585517030147041e-01
3.868120546330525e+01 2.548967876279696e-01
3.981071705534976e+01 2.512507326021602e-01
4.097321098135418e+01 2.476137963231837e-01
4.216965034285825e+01 2.439862415899026e-01
4.340102636447440e+01 2.403683357294971e-01
4.466835921509633e+01 2.367603507135302e-01
4.597269885308723e+01 2.331625632746896e-01
4.731512589614805e+01 2.295752550241708e-01
4.869675251658632e+01 2.259987125696663e-01
5.011872336272722e+01 2.224332276339191e-01
5.158221650723056e+01 2.188790971737921e-01
5.308844442309882e+01 2.153366234998078e-01
5.463865498818540e+01 2.118061143960952e-01
5.623413251903488e+01 2.082878832406869e-01
5.787619883491202e+01 2.047822491260945e-01
5.956621435290101e+01 2.012895369800890e-01
6.130557921498202e+01 1.978100776866026e-01
6.309573444801939e+01 1.943442082066625e-01
6.493816315762118e+01 1.908922716992595e-01
6.683439175686151e+01 1.874546176420410e-01
6.878599123088080e+01 1.840316019517173e-01
7.079457843841382e+01 1.806235871040502e-01
7.286181745132281e+01 1.772309422532906e-01
7.498942093324560e+01 1.738540433509135e-01
7.717915155850126e+01 1.704932732634927e-01
7.943282347242817e+01 1.671490218895393e-01
8.175230379436499e+01 1.638216862751182e-01
8.413951416451950e+01 1.605116707280378e-01
8.659643233600652e+01 1.572193869303966e-01
8.912509381337452e+01 1.539452540492487e-01
9.172759353897791e+01 1.506896988451353e-01
9.440608762859229e+01 1.474531557782079e-01
9.716279515771056e+01 1.442360671116485e-01
9.999999999999993e+01 1.410388830120684e-01
1.029200527194427e+02 1.378620616465438e-01
1.059253725177290e+02 1.347060692759221e-01
1.090184492385129e+02 1.315713803440005e-01
1.122018454301964e+02 1.284584775621522e-01
1.154781984689459e+02 1.253678519889427e-01
1.188502227437019e+02 1.223000031042425e-01
1.223207119049932e+02 1.192554388773073e-01
1.258925411794168e+02 1.162346758282540e-01
1.295686697517020e+02 1.132382390823208e-01
1.333521432163324e+02 1.102666624162509e-01
1.372460961007562e+02 1.073204882960888e-01
1.412537544622754e+02 1.044002679056272e-01
1.453784385607661e+02 1.015065611646790e-01
1.496235656094433e+02 9.863993673628993e-02
1.539926526059491e+02 9.580097202193706e-02
1.584893192461113e+02 9.299025314368368e-02
1.631172909227837e+02 9.020837491218262e-02
1.678804018122559e+02 8.745594077933069e-02
1.727825980507865e+02 8.473356277428390e-02
1.778279410038924e+02 8.204186142144061e-02
1.830206106311057e+02 7.938146563888382e-02
1.883649089489802e+02 7.675301261565896e-02
1.938652635952208e+02 7.415714766612350e-02
1.995262314968880e+02 7.159452405946268e-02
2.053525026457147e+02 6.906580282230777e-02
2.113489039836647e+02 6.657165251221585e-02
2.175204034019523e+02 6.411274895958258e-02
2.238721138568339e+02 6.168977497534858e-02
2.304092976055845e+02 5.930342002162891e-02
2.371373705661655e+02 5.695437984214290e-02
2.440619068041979e+02 5.464335604904050e-02
2.511886431509579e+02 5.237105566241172e-02
2.585234839562190e+02 5.013819059842405e-02
2.660725059798808e+02 4.794547710165138e-02
2.738419634264359e+02 4.579363511673573e-02
2.818382931264451e+02 4.368338759405334e-02
2.900681198693156e+02 4.161545972352931e-02
2.985382618917962e+02 3.959057809015978e-02
3.072557365267449e+02 3.760946974413770e-02
3.162277660168381e+02 3.567286117774238e-02
3.254617834980460e+02 3.378147720031261e-02
3.349654391578277e+02 3.193603970168275e-02
3.447466065731495e+02 3.013726629338963e-02
3.548133892335755e+02 2.838586881574307e-02
3.651741272548377e+02 2.668255169746482e-02
3.758374042884441e+02 2.502801015301577e-02
3.868120546330521e+02 2.342292820090785e-02
3.981071705534972e+02 2.186797648420029e-02
4.097321098135413e+02 2.036380987195004e-02
4.216965034285820e+02 1.891106481756839e-02
4.340102636447435e+02 1.751035644674590e-02
4.466835921509629e+02 1.616227534375500e-02
4.597269885308718e+02 1.486738400040278e-02
4.731512589614809e+02 1.362621288653814e-02
4.869675251658635e+02 1.243925609463147e-02
5.011872336272726e+02 1.130696650330105e-02
5.158221650723060e+02 1.022975039546217e-02
5.308844442309886e+02 9.207961455623486e-03
5.463865498818544e+02 8.241894057250024e-03
5.623413251903493e+02 7.331775734384233e-03
5.787619883491208e+02 6.477758710982411e-03
5.956621435290105e+02 5.679910335501937e-03
6.130557921498207e+02 4.938202235560205e-03
6.309573444801931e+02 4.252497965777080e-03
6.493816315762112e+02 3.622538868143899e-03
6.683439175686144e+02 3.047927794103878e-03
6.878599123088073e+02 2.528110244761266e-03
7.079457843841375e+02 2.062352361169547e-03
7.286181745132272e+02 1.649715026920381e-03
7.498942093324553e+02 1.289023109593993e-03
7.717915155850118e+02 9.788285337330555e-04
7.943282347242822e+02 7.173653939719481e-04
8.175230379436506e+02 5.024945967587974e-04
8.413951416451955e+02 3.316344148940325e-04
8.659643233600658e+02 2.016715859528906e-04
8.912509381337459e+02 1.088446850657956e-04
9.172759353897799e+02 4.858646017973037e-05
9.440608762859237e+02 1.530250470043788e-05
9.716279515771064e+02 2.045077476372050e-06
1.000000000000000e+03 0.000000000000000e+00
