# alpha = 3
# Lmin  = 0.01
# Lmax  = 10
# tau   = 1
# V1    = 0.1
# V2    = 1
# c     = 1
# u_min_requested = 0.0001
# u_max_requested = 10000000
# u_max_used      = 10
# u_physical_max  = 10
# points_per_decade = 80
# DeltaFss = 3.181443074312377e-03
# columns: u=t/tau, R(u)
1.000000000000000e-04 9.951655539847608e-01
1.029200527194428e-04 9.950247526990120e-01
1.059253725177289e-04 9.948798616978827e-01
1.090184492385128e-04 9.947307628491389e-01
1.122018454301963e-04 9.945773346474800e-01
1.154781984689458e-04 9.944194521205768e-01
1.188502227437018e-04 9.942569867326339e-01
1.223207119049932e-04 9.940898062854269e-01
1.258925411794167e-04 9.939177748167431e-01
1.295686697517020e-04 9.937407524961839e-01
1.333521432163324e-04 9.935585955182581e-01
1.372460961007562e-04 9.933711559927154e-01
1.412537544622754e-04 9.931782818320591e-01
1.453784385607662e-04 9.929798166361721e-01
1.496235656094434e-04 9.927755995740023e-01
1.539926526059492e-04 9.925654652622525e-01
1.584893192461114e-04 9.923492436409932e-01
1.631172909227839e-04 9.921267598461637e-01
1.678804018122560e-04 9.918978340788808e-01
1.727825980507864e-04 9.916622814715005e-01
1.778279410038923e-04 9.914199119503764e-01
1.830206106311056e-04 9.911705300952451e-01
1.883649089489801e-04 9.909139349951858e-01
1.938652635952208e-04 9.906499201010885e-01
1.995262314968880e-04 9.903782730745788e-01
2.053525026457146e-04 9.900987756333298e-01
2.113489039836647e-04 9.898112033927188e-01
2.175204034019523e-04 9.895153257037539e-01
2.238721138568340e-04 9.892109054872353e-01
2.304092976055845e-04 9.888976990640810e-01
2.371373705661655e-04 9.885754559817798e-01
2.440619068041980e-04 9.882439188369060e-01
2.511886431509580e-04 9.879028230936703e-01
2.585234839562191e-04 9.875518968984376e-01
2.660725059798810e-04 9.871908608901953e-01
2.738419634264361e-04 9.868194280069121e-01
2.818382931264454e-04 9.864373032877679e-01
2.900681198693154e-04 9.860441836712219e-01
2.985382618917959e-04 9.856397577888809e-01
3.072557365267447e-04 9.852237057551730e-01
3.162277660168380e-04 9.847956989527802e-01
3.254617834980459e-04 9.843553998138435e-01
3.349654391578277e-04 9.839024615969313e-01
3.447466065731494e-04 9.834365281597705e-01
3.548133892335755e-04 9.829572337277597e-01
3.651741272548378e-04 9.824642026582783e-01
3.758374042884442e-04 9.819570492008316e-01
3.868120546330521e-04 9.814353772530566e-01
3.981071705534972e-04 9.808987801126559e-01
4.097321098135416e-04 9.803468402253080e-01
4.216965034285822e-04 9.797791289286409e-01
4.340102636447439e-04 9.791952061923455e-01
4.466835921509632e-04 9.785946203545463e-01
4.597269885308722e-04 9.779769078545373e-01
4.731512589614806e-04 9.773415929620243e-01
4.869675251658632e-04 9.766881875030331e-01
5.011872336272724e-04 9.760161905826522e-01
5.158221650723056e-04 9.753250883048091e-01
5.308844442309883e-04 9.746143534893030e-01
5.463865498818542e-04 9.738834453863363e-01
5.623413251903491e-04 9.731318093888165e-01
5.787619883491207e-04 9.723588767427265e-01
5.956621435290105e-04 9.715640642558967e-01
6.130557921498207e-04 9.707467740055492e-01
6.309573444801933e-04 9.699063930449923e-01
6.493816315762113e-04 9.690422931099293e-01
6.683439175686147e-04 9.681538303248366e-01
6.878599123088077e-04 9.672403449099446e-01
7.079457843841381e-04 9.663011608893832e-01
7.286181745132276e-04 9.653355858011119e-01
7.498942093324557e-04 9.643429104092964e-01
7.717915155850124e-04 9.633224084198736e-01
7.943282347242814e-04 9.622733362000796e-01
8.175230379436500e-04 9.611949325027930e-01
8.413951416451951e-04 9.600864181966279e-01
8.659643233600655e-04 9.589469960027611e-01
8.912509381337456e-04 9.577758502395685e-01
9.172759353897796e-04 9.565721465762425e-01
9.440608762859235e-04 9.553350317966229e-01
9.716279515771064e-04 9.540636335746111e-01
1.000000000000000e-03 9.527570602625870e-01
1.029200527194428e-03 9.514144006944230e-01
1.059253725177289e-03 9.500347240047341e-01
1.090184492385128e-03 9.486170794662045e-01
1.122018454301963e-03 9.471604963468910e-01
1.154781984689458e-03 9.456639837896010e-01
1.188502227437019e-03 9.441265307155685e-01
1.223207119049932e-03 9.425471057548186e-01
1.258925411794167e-03 9.409246572057769e-01
1.295686697517020e-03 9.392581130268819e-01
1.333521432163324e-03 9.375463808631365e-01
1.372460961007562e-03 9.357883481107423e-01
1.412537544622754e-03 9.339828820232089e-01
1.453784385607662e-03 9.321288298625280e-01
1.496235656094433e-03 9.302250190992949e-01
1.539926526059492e-03 9.282702576658920e-01
1.584893192461113e-03 9.262633342671727e-01
1.631172909227838e-03 9.242030187533520e-01
1.678804018122560e-03 9.220880625601748e-01
1.727825980507863e-03 9.199171992217436e-01
1.778279410038923e-03 9.176891449617804e-01
1.830206106311056e-03 9.154025993694931e-01
1.883649089489801e-03 9.130562461666076e-01
1.938652635952208e-03 9.106487540726205e-01
1.995262314968880e-03 9.081787777757544e-01
2.053525026457146e-03 9.056449590176454e-01
2.113489039836648e-03 9.030459278003078e-01
2.175204034019523e-03 9.003803037245027e-01
2.238721138568340e-03 8.976466974692722e-01
2.304092976055846e-03 8.948437124230104e-01
2.371373705661656e-03 8.919699464771829e-01
2.440619068041981e-03 8.890239939945334e-01
2.511886431509581e-03 8.860044479643865e-01
2.585234839562190e-03 8.829099023585404e-01
2.660725059798809e-03 8.797389547021032e-01
2.738419634264361e-03 8.764902088746036e-01
2.818382931264453e-03 8.731622781577250e-01
2.900681198693153e-03 8.697537885470953e-01
2.985382618917959e-03 8.662633823467275e-01
3.072557365267447e-03 8.626897220659457e-01
3.162277660168379e-03 8.590314946399337e-01
3.254617834980458e-03 8.552874159964765e-01
3.349654391578277e-03 8.514562359929319e-01
3.447466065731494e-03 8.475367437490939e-01
3.548133892335755e-03 8.435277734032967e-01
3.651741272548378e-03 8.394282103209416e-01
3.758374042884442e-03 8.352369977865499e-01
3.868120546330522e-03 8.309531442125413e-01
3.981071705534973e-03 8.265757309001257e-01
4.097321098135416e-03 8.221039203900559e-01
4.216965034285824e-03 8.175369654435360e-01
4.340102636447439e-03 8.128742186962165e-01
4.466835921509632e-03 8.081151430311279e-01
4.597269885308723e-03 8.032593227194508e-01
4.731512589614806e-03 7.983064753812897e-01
4.869675251658633e-03 7.932564648221280e-01
5.011872336272725e-03 7.881093148043905e-01
5.158221650723059e-03 7.828652238175247e-01
5.308844442309882e-03 7.775245809142917e-01
5.463865498818541e-03 7.720879826855467e-01
5.623413251903489e-03 7.665562514506628e-01
5.787619883491205e-03 7.609304547460028e-01
5.956621435290104e-03 7.552119261994322e-01
6.130557921498207e-03 7.494022878848918e-01
6.309573444801932e-03 7.435034742574448e-01
6.493816315762112e-03 7.375177577761178e-01
6.683439175686146e-03 7.314477763292276e-01
6.878599123088075e-03 7.252965625847855e-01
7.079457843841380e-03 7.190675753970586e-01
7.286181745132277e-03 7.127647334094667e-01
7.498942093324559e-03 7.063924510037336e-01
7.717915155850125e-03 6.999556767557213e-01
7.943282347242816e-03 6.934599345696005e-01
8.175230379436502e-03 6.869113676741085e-01
8.413951416451952e-03 6.803167856776543e-01
8.659643233600654e-03 6.736837148929755e-01
8.912509381337457e-03 6.670204521571044e-01
9.172759353897797e-03 6.603361223885698e-01
9.440608762859237e-03 6.536407401411790e-01
9.716279515771064e-03 6.469452754325015e-01
1.000000000000000e-02 6.402617241453911e-01
1.029200527194428e-02 6.336009073113191e-01
1.059253725177289e-02 6.269653131807595e-01
1.090184492385127e-02 6.203552530383070e-01
1.122018454301963e-02 6.137710387758806e-01
1.154781984689458e-02 6.072129827986537e-01
1.188502227437018e-02 6.006813979288308e-01
1.223207119049931e-02 5.941765973073065e-01
1.258925411794167e-02 5.876988942932259e-01
1.295686697517019e-02 5.812486023614858e-01
1.333521432163324e-02 5.748260349982057e-01
1.372460961007562e-02 5.684315055942076e-01
1.412537544622754e-02 5.620653273365421e-01
1.453784385607662e-02 5.557278130981100e-01
1.496235656094434e-02 5.494192753254112e-01
1.539926526059492e-02 5.431400259244906e-01
1.584893192461114e-02 5.368903761451087e-01
1.631172909227838e-02 5.306706364632146e-01
1.678804018122560e-02 5.244811164617595e-01
1.727825980507864e-02 5.183221247099241e-01
1.778279410038923e-02 5.121939686408179e-01
1.830206106311056e-02 5.060969544277191e-01
1.883649089489801e-02 5.000313868589219e-01
1.938652635952208e-02 4.939975692112657e-01
1.995262314968880e-02 4.879958031224220e-01
2.053525026457147e-02 4.820263884620132e-01
2.113489039836648e-02 4.760896232016499e-01
2.175204034019523e-02 4.701858032839611e-01
2.238721138568339e-02 4.643152224907172e-01
2.304092976055845e-02 4.584781723101189e-01
2.371373705661655e-02 4.526749418033541e-01
2.440619068041980e-02 4.469058174705143e-01
2.511886431509580e-02 4.411710831159628e-01
2.585234839562190e-02 4.354710197132564e-01
2.660725059798810e-02 4.298059052697232e-01
2.738419634264361e-02 4.241760146907926e-01
2.818382931264454e-02 4.185816196441867e-01
2.900681198693154e-02 4.130229884240837e-01
2.985382618917960e-02 4.075003858153521e-01
3.072557365267447e-02 4.020140729579704e-01
3.162277660168380e-02 3.965643072117491e-01
3.254617834980457e-02 3.911513420214590e-01
3.349654391578277e-02 3.857754267824840e-01
3.447466065731492e-02 3.804368067071185e-01
3.548133892335755e-02 3.751357226916145e-01
3.651741272548376e-02 3.698724111841099e-01
3.758374042884443e-02 3.646471040535424e-01
3.868120546330520e-02 3.594600284596789e-01
3.981071705534973e-02 3.543114067243706e-01
4.097321098135413e-02 3.492014562041598e-01
4.216965034285824e-02 3.441303891643526e-01
4.340102636447437e-02 3.390984126546809e-01
4.466835921509633e-02 3.341057283866687e-01
4.597269885308721e-02 3.291525326128283e-01
4.731512589614807e-02 3.242390160077921e-01
4.869675251658630e-02 3.193653635515143e-01
5.011872336272725e-02 3.145317544146422e-01
5.158221650723056e-02 3.097383618461877e-01
5.308844442309886e-02 3.049853530635983e-01
5.463865498818541e-02 3.002728891453561e-01
5.623413251903494e-02 2.956011249262027e-01
5.787619883491206e-02 2.909702088951098e-01
5.956621435290108e-02 2.863802830960966e-01
6.130557921498207e-02 2.818314830320041e-01
6.309573444801937e-02 2.773239375713281e-01
6.493816315762115e-02 2.728577688582136e-01
6.683439175686143e-02 2.684330922257090e-01
6.878599123088078e-02 2.640500161123767e-01
7.079457843841375e-02 2.597086419823540e-01
7.286181745132278e-02 2.554090642489553e-01
7.498942093324555e-02 2.511513702019056e-01
7.717915155850126e-02 2.469356399382854e-01
7.943282347242812e-02 2.427619462972744e-01
8.175230379436502e-02 2.386303547987685e-01
8.413951416451948e-02 2.345409235859490e-01
8.659643233600656e-02 2.304937033718698e-01
8.912509381337452e-02 2.264887373901390e-01
9.172759353897800e-02 2.225260613497493e-01
9.440608762859232e-02 2.186057033941288e-01
9.716279515771066e-02 2.147276840644580e-01
9.999999999999998e-02 2.108920162673161e-01
1.029200527194429e-01 2.070987052466978e-01
1.059253725177289e-01 2.033477485604513e-01
1.090184492385128e-01 1.996391360611740e-01
1.122018454301963e-01 1.959728498816074e-01
1.154781984689459e-01 1.923488644245610e-01
1.188502227437018e-01 1.887671463573953e-01
1.223207119049932e-01 1.852276546110877e-01
1.258925411794167e-01 1.817303403839046e-01
1.295686697517020e-01 1.782751471496930e-01
1.333521432163324e-01 1.748620106708059e-01
1.372460961007561e-01 1.714908590156691e-01
1.412537544622754e-01 1.681616125809939e-01
1.453784385607661e-01 1.648741841186362e-01
1.496235656094434e-01 1.616284787670970e-01
1.539926526059491e-01 1.584243940876570e-01
1.584893192461114e-01 1.552618201051325e-01
1.631172909227838e-01 1.521406393532390e-01
1.678804018122561e-01 1.490607269245380e-01
1.727825980507863e-01 1.460219505249481e-01
1.778279410038923e-01 1.430241705327890e-01
1.830206106311056e-01 1.400672400623281e-01
1.883649089489801e-01 1.371510050317948e-01
1.938652635952207e-01 1.342753042358219e-01
1.995262314968880e-01 1.314399694222718e-01
2.053525026457146e-01 1.286448253734017e-01
2.113489039836648e-01 1.258896899913151e-01
2.175204034019522e-01 1.231743743876490e-01
2.238721138568341e-01 1.204986829774348e-01
2.304092976055845e-01 1.178624135770774e-01
2.371373705661657e-01 1.152653575063808e-01
2.440619068041980e-01 1.127072996945601e-01
2.511886431509582e-01 1.101880187901600e-01
2.585234839562191e-01 1.077072872748116e-01
2.660725059798811e-01 1.052648715807433e-01
2.738419634264361e-01 1.028605322119687e-01
2.818382931264452e-01 1.004940238690618e-01
2.900681198693154e-01 9.816509557743272e-02
2.985382618917958e-01 9.587349081901243e-02
3.072557365267447e-01 9.361894766724765e-02
3.162277660168378e-01 9.140119892531119e-02
3.254617834980459e-01 8.921997226742044e-02
3.349654391578275e-01 8.707499038316277e-02
3.447466065731494e-01 8.496597112471466e-02
3.548133892335753e-01 8.289262765684505e-02
3.651741272548378e-01 8.085466860958404e-02
3.758374042884440e-01 7.885179823344078e-02
3.868120546330523e-01 7.688371655704403e-02
3.981071705534971e-01 7.495011954708346e-02
4.097321098135417e-01 7.305069927041798e-02
4.216965034285822e-01 7.118514405822271e-02
4.340102636447440e-01 6.935313867203473e-02
4.466835921509631e-01 6.755436447156134e-02
4.597269885308724e-01 6.578849958410660e-02
4.731512589614804e-01 6.405521907547185e-02
4.869675251658634e-01 6.235419512218036e-02
5.011872336272722e-01 6.068509718487639e-02
5.158221650723059e-01 5.904759218274182e-02
5.308844442309884e-01 5.744134466877544e-02
5.463865498818545e-01 5.586601700577317e-02
5.623413251903492e-01 5.432126954284802e-02
5.787619883491203e-01 5.280676079232361e-02
5.956621435290106e-01 5.132214760683521e-02
6.130557921498204e-01 4.986708535646864e-02
6.309573444801934e-01 4.844122810576512e-02
6.493816315762111e-01 4.704422879042063e-02
6.683439175686147e-01 4.567573939350365e-02
6.878599123088073e-01 4.433541112101728e-02
7.079457843841381e-01 4.302289457662749e-02
7.286181745132274e-01 4.173783993538126e-02
7.498942093324561e-01 4.047989711623531e-02
7.717915155850122e-01 3.924871595321828e-02
7.943282347242817e-01 3.804394636504656e-02
8.175230379436499e-01 3.686523852301745e-02
8.413951416451954e-01 3.571224301700012e-02
8.659643233600651e-01 3.458461101934950e-02
8.912509381337459e-01 3.348199444656601e-02
9.172759353897795e-01 3.240404611852829e-02
9.440608762859238e-01 3.135041991512508e-02
9.716279515771061e-01 3.032077093011718e-02
1.000000000000001e+00 2.931475562205968e-02
1.029200527194428e+00 2.833203196212005e-02
1.059253725177290e+00 2.737225957862752e-02
1.090184492385128e+00 2.643509989819488e-02
1.122018454301964e+00 2.552021628325410e-02
1.154781984689458e+00 2.462727416585316e-02
1.188502227437018e+00 2.375594117756243e-02
1.223207119049932e+00 2.290588727534424e-02
1.258925411794167e+00 2.207678486324205e-02
1.295686697517020e+00 2.126830890974856e-02
1.333521432163323e+00 2.048013706071759e-02
1.372460961007562e+00 1.971194974768556e-02
1.412537544622754e+00 1.896343029147416e-02
1.453784385607662e+00 1.823426500094699e-02
1.496235656094433e+00 1.752414326679774e-02
1.539926526059493e+00 1.683275765024851e-02
1.584893192461113e+00 1.615980396654082e-02
1.631172909227839e+00 1.550498136310242e-02
1.678804018122560e+00 1.486799239227562e-02
1.727825980507864e+00 1.424854307849270e-02
1.778279410038922e+00 1.364634297978523e-02
1.830206106311057e+00 1.306110524351251e-02
1.883649089489800e+00 1.249254665619398e-02
1.938652635952208e+00 1.194038768732708e-02
1.995262314968879e+00 1.140435252706990e-02
2.053525026457147e+00 1.088416911766151e-02
2.113489039836646e+00 1.037956917844900e-02
2.175204034019524e+00 9.890288224380830e-03
2.238721138568340e+00 9.416065577818402e-03
2.304092976055847e+00 8.956644373505537e-03
2.371373705661656e+00 8.511771556523599e-03
2.440619068041979e+00 8.081197873043355e-03
2.511886431509580e+00 7.664677853667762e-03
2.585234839562189e+00 7.261969789138136e-03
2.660725059798810e+00 6.872835698152235e-03
2.738419634264360e+00 6.497041287015270e-03
2.818382931264454e+00 6.134355900812181e-03
2.900681198693153e+00 5.784552465753766e-03
2.985382618917960e+00 5.447407422306494e-03
3.072557365267446e+00 5.122700648668714e-03
3.162277660168380e+00 4.810215374100420e-03
3.254617834980458e+00 4.509738081551907e-03
3.349654391578278e+00 4.221058398964098e-03
3.447466065731493e+00 3.943968978532067e-03
3.548133892335756e+00 3.678265363128113e-03
3.651741272548376e+00 3.423745838973266e-03
3.758374042884443e+00 3.180211273520290e-03
3.868120546330521e+00 2.947464937367800e-03
3.981071705534974e+00 2.725312308857061e-03
4.097321098135414e+00 2.513560859809356e-03
4.216965034285825e+00 2.312019820634263e-03
4.340102636447439e+00 2.120499922774171e-03
4.466835921509634e+00 1.938813116137192e-03
4.597269885308722e+00 1.766772258802016e-03
4.731512589614808e+00 1.604190775839336e-03
4.869675251658632e+00 1.450882283571734e-03
5.011872336272720e+00 1.306660174965606e-03
5.158221650723058e+00 1.171337161090947e-03
5.308844442309881e+00 1.044724762663454e-03
5.463865498818543e+00 9.266327445564364e-04
5.623413251903489e+00 8.168684847812991e-04
5.787619883491208e+00 7.152362677096835e-04
5.956621435290103e+00 6.215364891490685e-04
6.130557921498209e+00 5.355647581502147e-04
6.309573444801930e+00 4.571108769348490e-04
6.493816315762116e+00 3.859576758261613e-04
6.683439175686145e+00 3.218796741798256e-04
6.878599123088079e+00 2.646415305262318e-04
7.079457843841377e+00 2.139962346847952e-04
7.286181745132280e+00 1.696829803652290e-04
7.498942093324557e+00 1.314246370095258e-04
7.717915155850127e+00 9.892471167640794e-05
7.943282347242814e+00 7.186365135565701e-05
8.175230379436504e+00 4.989427619031600e-05
8.413951416451949e+00 3.263604270126416e-05
8.659643233600658e+00 1.966769201766747e-05
8.912509381337454e+00 1.051760190137812e-05
9.172759353897801e+00 4.650755711840923e-06
9.440608762859233e+00 1.450504415261928e-06
9.716279515771067e+00 1.918609541273917e-07
1.000000000000000e+01 0.000000000000000e+00
