# alpha = 2
# Lmin  = 0.01
# Lmax  = 1
# tau   = 1
# V1    = 0.1
# V2    = 1
# c     = 1
# u_min_requested = 0.0001
# u_max_requested = 10000000
# u_max_used      = 1
# u_physical_max  = 1
# points_per_decade = 80
# DeltaFss = 2.101231163044477e-02
# columns: u=t/tau, R(u)
1.000000000000000e-04 9.986968753579248e-01
1.029200527194428e-04 9.986588743420736e-01
1.059253725177289e-04 9.986197666938355e-01
1.090184492385128e-04 9.985795202778073e-01
1.122018454301963e-04 9.985381020308176e-01
1.154781984689458e-04 9.984954779354659e-01
1.188502227437018e-04 9.984516129929225e-01
1.223207119049932e-04 9.984064711949757e-01
1.258925411794167e-04 9.983600154953063e-01
1.295686697517020e-04 9.983122077799652e-01
1.333521432163324e-04 9.982630088370360e-01
1.372460961007562e-04 9.982123783254641e-01
1.412537544622754e-04 9.981602747430244e-01
1.453784385607662e-04 9.981066553934130e-01
1.496235656094434e-04 9.980514763524357e-01
1.539926526059492e-04 9.979946924332715e-01
1.584893192461114e-04 9.979362571507877e-01
1.631172909227838e-04 9.978761226848852e-01
1.678804018122560e-04 9.978142398428470e-01
1.727825980507863e-04 9.977505580206656e-01
1.778279410038923e-04 9.976850251633271e-01
1.830206106311056e-04 9.976175877240180e-01
1.883649089489801e-04 9.975481906222452e-01
1.938652635952207e-04 9.974767772008215e-01
1.995262314968880e-04 9.974032891817083e-01
2.053525026457146e-04 9.973276666206760e-01
2.113489039836647e-04 9.972498478607603e-01
2.175204034019523e-04 9.971697694844881e-01
2.238721138568339e-04 9.970873662648321e-01
2.304092976055846e-04 9.970025711148839e-01
2.371373705661655e-04 9.969153150362006e-01
2.440619068041980e-04 9.968255270658012e-01
2.511886431509580e-04 9.967331342217881e-01
2.585234839562191e-04 9.966380614475483e-01
2.660725059798810e-04 9.965402315545211e-01
2.738419634264362e-04 9.964395651634917e-01
2.818382931264454e-04 9.963359806443775e-01
2.900681198693154e-04 9.962293940544849e-01
2.985382618917959e-04 9.961197190751936e-01
3.072557365267447e-04 9.960068669470512e-01
3.162277660168380e-04 9.958907464032274e-01
3.254617834980459e-04 9.957712636013157e-01
3.349654391578277e-04 9.956483220534380e-01
3.447466065731493e-04 9.955218225546204e-01
3.548133892335755e-04 9.953916631094227e-01
3.651741272548378e-04 9.952577388567666e-01
3.758374042884442e-04 9.951199419929557e-01
3.868120546330522e-04 9.949781616928406e-01
3.981071705534972e-04 9.948322840291034e-01
4.097321098135416e-04 9.946821918896359e-01
4.216965034285822e-04 9.945277648929751e-01
4.340102636447438e-04 9.943688793017739e-01
4.466835921509632e-04 9.942054079342754e-01
4.597269885308722e-04 9.940372200737665e-01
4.731512589614806e-04 9.938641813759858e-01
4.869675251658631e-04 9.936861537744577e-01
5.011872336272722e-04 9.935029953837352e-01
5.158221650723057e-04 9.933145604005285e-01
5.308844442309884e-04 9.931206990026978e-01
5.463865498818543e-04 9.929212572460965e-01
5.623413251903491e-04 9.927160769592449e-01
5.787619883491207e-04 9.925049956358299e-01
5.956621435290105e-04 9.922878463250097e-01
6.130557921498207e-04 9.920644575195270e-01
6.309573444801934e-04 9.918346530416189e-01
6.493816315762113e-04 9.915982519267273e-01
6.683439175686146e-04 9.913550683050119e-01
6.878599123088077e-04 9.911049112806725e-01
7.079457843841379e-04 9.908475848090956e-01
7.286181745132278e-04 9.905828875718399e-01
7.498942093324559e-04 9.903106128494795e-01
7.717915155850124e-04 9.900305483923461e-01
7.943282347242816e-04 9.897424762891859e-01
8.175230379436500e-04 9.894461728337881e-01
8.413951416451951e-04 9.891414083896265e-01
8.659643233600655e-04 9.888279472525734e-01
8.912509381337455e-04 9.885055475117438e-01
9.172759353897796e-04 9.881739609085604e-01
9.440608762859233e-04 9.878329326941026e-01
9.716279515771064e-04 9.874822014848542e-01
1.000000000000000e-03 9.871214991169432e-01
1.029200527194428e-03 9.867505504989983e-01
1.059253725177289e-03 9.863690734637526e-01
1.090184492385128e-03 9.859767786185459e-01
1.122018454301964e-03 9.855733691948796e-01
1.154781984689458e-03 9.851585408972116e-01
1.188502227437018e-03 9.847319817511795e-01
1.223207119049931e-03 9.842933719514759e-01
1.258925411794167e-03 9.838423837096065e-01
1.295686697517020e-03 9.833786811017872e-01
1.333521432163324e-03 9.829019199172695e-01
1.372460961007562e-03 9.824117475073916e-01
1.412537544622754e-03 9.819078026356972e-01
1.453784385607662e-03 9.813897153294741e-01
1.496235656094434e-03 9.808571067331171e-01
1.539926526059492e-03 9.803095889637324e-01
1.584893192461113e-03 9.797467649694502e-01
1.631172909227838e-03 9.791682283909408e-01
1.678804018122561e-03 9.785735634266788e-01
1.727825980507864e-03 9.779623447025333e-01
1.778279410038923e-03 9.773341371463162e-01
1.830206106311056e-03 9.766884958679648e-01
1.883649089489800e-03 9.760249660460941e-01
1.938652635952208e-03 9.753430828216998e-01
1.995262314968880e-03 9.746423711998649e-01
2.053525026457146e-03 9.739223459603825e-01
2.113489039836647e-03 9.731825115782708e-01
2.175204034019522e-03 9.724223621552356e-01
2.238721138568340e-03 9.716413813632235e-01
2.304092976055846e-03 9.708390424012612e-01
2.371373705661655e-03 9.700148079669078e-01
2.440619068041980e-03 9.691681302437104e-01
2.511886431509579e-03 9.682984509061678e-01
2.585234839562192e-03 9.674052011438118e-01
2.660725059798810e-03 9.664878017061439e-01
2.738419634264361e-03 9.655456629702676e-01
2.818382931264453e-03 9.645781850332088e-01
2.900681198693153e-03 9.635847578310494e-01
2.985382618917961e-03 9.625647612871469e-01
3.072557365267447e-03 9.615175654918867e-01
3.162277660168379e-03 9.604425309165666e-01
3.254617834980458e-03 9.593390086642192e-01
3.349654391578276e-03 9.582063407603525e-01
3.447466065731494e-03 9.570438604868160e-01
3.548133892335755e-03 9.558508927622138e-01
3.651741272548378e-03 9.546267545725219e-01
3.758374042884442e-03 9.533707554558380e-01
3.868120546330521e-03 9.520821980454436e-01
3.981071705534973e-03 9.507603786756677e-01
4.097321098135416e-03 9.494045880553376e-01
4.216965034285823e-03 9.480141120139476e-01
4.340102636447437e-03 9.465882323260225e-01
4.466835921509630e-03 9.451262276195335e-01
4.597269885308723e-03 9.436273743746334e-01
4.731512589614806e-03 9.420909480194095e-01
4.869675251658631e-03 9.405162241298118e-01
5.011872336272723e-03 9.389024797414186e-01
5.158221650723055e-03 9.372489947812261e-01
5.308844442309885e-03 9.355550536282073e-01
5.463865498818543e-03 9.338199468120150e-01
5.623413251903491e-03 9.320429728598218e-01
5.787619883491206e-03 9.302234403020185e-01
5.956621435290104e-03 9.283606698481995e-01
6.130557921498208e-03 9.264539967456970e-01
6.309573444801933e-03 9.245027733337443e-01
6.493816315762114e-03 9.225063718072880e-01
6.683439175686146e-03 9.204641872054409e-01
6.878599123088074e-03 9.183756406405975e-01
7.079457843841381e-03 9.162401827853953e-01
7.286181745132278e-03 9.140572976358824e-01
7.498942093324559e-03 9.118265065705542e-01
7.717915155850123e-03 9.095473727263215e-01
7.943282347242814e-03 9.072195057139550e-01
8.175230379436502e-03 9.048425666971476e-01
8.413951416451952e-03 9.024162738610801e-01
8.659643233600653e-03 8.999404082982022e-01
8.912509381337455e-03 8.974148203409412e-01
9.172759353897794e-03 8.948394363731980e-01
9.440608762859237e-03 8.922142661547775e-01
9.716279515771064e-03 8.895394106954041e-01
1.000000000000000e-02 8.868150707176208e-01
1.029200527194429e-02 8.840413804528078e-01
1.059253725177289e-02 8.812178496240479e-01
1.090184492385128e-02 8.783438217758156e-01
1.122018454301963e-02 8.754186399327748e-01
1.154781984689458e-02 8.724416469454419e-01
1.188502227437019e-02 8.694121858499739e-01
1.223207119049931e-02 8.663296002424165e-01
1.258925411794168e-02 8.631932346677468e-01
1.295686697517019e-02 8.600024350240494e-01
1.333521432163324e-02 8.567565489821645e-01
1.372460961007563e-02 8.534549264211597e-01
1.412537544622754e-02 8.500969198799632e-01
1.453784385607662e-02 8.466818850255059e-01
1.496235656094433e-02 8.432091811377321e-01
1.539926526059492e-02 8.396781716118162e-01
1.584893192461114e-02 8.360882244779465e-01
1.631172909227838e-02 8.324387129390238e-01
1.678804018122560e-02 8.287290159266333e-01
1.727825980507863e-02 8.249585186756349e-01
1.778279410038923e-02 8.211266133177355e-01
1.830206106311057e-02 8.172326994943906e-01
1.883649089489800e-02 8.132761849893850e-01
1.938652635952208e-02 8.092564863814462e-01
1.995262314968879e-02 8.051730297172465e-01
2.053525026457146e-02 8.010252512051219e-01
2.113489039836648e-02 7.968125979298756e-01
2.175204034019522e-02 7.925345285889862e-01
2.238721138568340e-02 7.881905142505724e-01
2.304092976055845e-02 7.837800391334364e-01
2.371373705661655e-02 7.793026014095227e-01
2.440619068041982e-02 7.747577140291088e-01
2.511886431509580e-02 7.701449055690430e-01
2.585234839562191e-02 7.654637211043435e-01
2.660725059798809e-02 7.607137231034522e-01
2.738419634264361e-02 7.558944923474423e-01
2.818382931264455e-02 7.510056288734580e-01
2.900681198693153e-02 7.460467529426544e-01
2.985382618917960e-02 7.410175060329097e-01
3.072557365267446e-02 7.359175518565417e-01
3.162277660168380e-02 7.307465774032766e-01
3.254617834980460e-02 7.255042940086768e-01
3.349654391578276e-02 7.201904384482412e-01
3.447466065731495e-02 7.148047740573508e-01
3.548133892335753e-02 7.093470918772385e-01
3.651741272548377e-02 7.038172118271163e-01
3.758374042884443e-02 6.982149839025936e-01
3.868120546330521e-02 6.925402894004755e-01
3.981071705534973e-02 6.867930421700237e-01
4.097321098135413e-02 6.809731898907226e-01
4.216965034285823e-02 6.750807153765639e-01
4.340102636447440e-02 6.691156379068415e-01
4.466835921509631e-02 6.630780145833995e-01
4.597269885308723e-02 6.569679417142564e-01
4.731512589614803e-02 6.507855562234732e-01
4.869675251658631e-02 6.445310370871029e-01
5.011872336272725e-02 6.382046067950129e-01
5.158221650723056e-02 6.318065328383167e-01
5.308844442309885e-02 6.253371292221100e-01
5.463865498818540e-02 6.187967580031483e-01
5.623413251903490e-02 6.121858308520414e-01
5.787619883491209e-02 6.055048106394885e-01
5.956621435290103e-02 5.987542130459992e-01
6.130557921498209e-02 5.919346081944858e-01
6.309573444801930e-02 5.850466223050377e-01
6.493816315762115e-02 5.780909393710977e-01
6.683439175686150e-02 5.710683028561929e-01
6.878599123088075e-02 5.639795174102711e-01
7.079457843841380e-02 5.568254506045952e-01
7.286181745132274e-02 5.496070346840667e-01
7.498942093324559e-02 5.423252683357087e-01
7.717915155850127e-02 5.349812184719608e-01
7.943282347242814e-02 5.275760220272817e-01
8.175230379436502e-02 5.201108877664514e-01
8.413951416451948e-02 5.125870981028119e-01
8.659643233600654e-02 5.050060109245426e-01
8.912509381337459e-02 4.973690614269136e-01
9.172759353897794e-02 4.896777639482868e-01
9.440608762859236e-02 4.819337138074662e-01
9.716279515771059e-02 4.741385891398037e-01
1.000000000000000e-01 4.662941527292733e-01
1.029200527194429e-01 4.584022538335089e-01
1.059253725177289e-01 4.504648299985784e-01
1.090184492385128e-01 4.424839088600237e-01
1.122018454301963e-01 4.344616099264442e-01
1.154781984689458e-01 4.264001463416208e-01
1.188502227437019e-01 4.183018266208987e-01
1.223207119049931e-01 4.101690563572251e-01
1.258925411794168e-01 4.020043398919150e-01
1.295686697517019e-01 3.938102819448713e-01
1.333521432163324e-01 3.855895891985920e-01
1.372460961007562e-01 3.773450718299190e-01
1.412537544622754e-01 3.690796449830345e-01
1.453784385607662e-01 3.607963301767628e-01
1.496235656094433e-01 3.524982566387471e-01
1.539926526059492e-01 3.441886625585284e-01
1.584893192461114e-01 3.358708962510170e-01
1.631172909227838e-01 3.275484172212137e-01
1.678804018122561e-01 3.192247971204090e-01
1.727825980507863e-01 3.109037205833821e-01
1.778279410038923e-01 3.025889859353657e-01
1.830206106311057e-01 2.942845057567429e-01
1.883649089489800e-01 2.859943072925569e-01
1.938652635952208e-01 2.777225326929750e-01
1.995262314968879e-01 2.694734390698290e-01
2.053525026457146e-01 2.612513983532363e-01
2.113489039836648e-01 2.530608969311191e-01
2.175204034019522e-01 2.449065350531166e-01
2.238721138568340e-01 2.367930259789769e-01
2.304092976055845e-01 2.287251948499595e-01
2.371373705661655e-01 2.207079772600836e-01
2.440619068041981e-01 2.127464175022146e-01
2.511886431509580e-01 2.048456664619384e-01
2.585234839562191e-01 1.970109791299544e-01
2.660725059798809e-01 1.892477117012586e-01
2.738419634264361e-01 1.815613182266834e-01
2.818382931264455e-01 1.739573467793732e-01
2.900681198693153e-01 1.664414350954624e-01
2.985382618917961e-01 1.590193056445482e-01
3.072557365267445e-01 1.516967600814695e-01
3.162277660168379e-01 1.444796730263336e-01
3.254617834980460e-01 1.373739851146561e-01
3.349654391578276e-01 1.303856952537529e-01
3.447466065731494e-01 1.235208520151235e-01
3.548133892335753e-01 1.167855440853329e-01
3.651741272548377e-01 1.101858896897314e-01
3.758374042884443e-01 1.037280248941103e-01
3.868120546330521e-01 9.741809067886174e-02
3.981071705534974e-01 9.126221866823095e-02
4.097321098135414e-01 8.526651538352473e-02
4.216965034285822e-01 7.943704487338613e-02
4.340102636447440e-01 7.377980955610465e-02
4.466835921509631e-01 6.830072908792802e-02
4.597269885308723e-01 6.300561704696851e-02
4.731512589614803e-01 5.790015519386301e-02
4.869675251658631e-01 5.298986503703216e-02
5.011872336272726e-01 4.828007639118803e-02
5.158221650723056e-01 4.377589257135829e-02
5.308844442309885e-01 3.948215180955411e-02
5.463865498818540e-01 3.540338441526777e-02
5.623413251903492e-01 3.154376512164436e-02
5.787619883491208e-01 2.790705996313706e-02
5.956621435290104e-01 2.449656691336224e-02
6.130557921498209e-01 2.131504936811009e-02
6.309573444801930e-01 1.836466138053223e-02
6.493816315762113e-01 1.564686333344431e-02
6.683439175686149e-01 1.316232645395372e-02
6.878599123088075e-01 1.091082421975927e-02
7.079457843841381e-01 8.891108248874052e-03
7.286181745132274e-01 7.100765669132931e-03
7.498942093324559e-01 5.536054179134896e-03
7.717915155850128e-01 4.191709963279019e-03
7.943282347242814e-01 3.060722199091757e-03
8.175230379436502e-01 2.134065926703518e-03
8.413951416451948e-01 1.400382276805806e-03
8.659643233600653e-01 8.455910583580341e-04
8.912509381337459e-01 4.524148069435482e-04
9.172759353897795e-01 1.997844265959711e-04
9.440608762859236e-01 6.208246582846495e-05
9.716279515771058e-01 8.157041608497169e-06
1.000000000000000e+00 0.000000000000000e+00
