# alpha = 2
# Lmin  = 0.01
# Lmax  = 10000
# tau   = 1
# V1    = 0.1
# V2    = 1
# c     = 1
# u_min_requested = 0.0001
# u_max_requested = 10000000
# u_max_used      = 10000
# u_physical_max  = 10000
# points_per_decade = 80
# DeltaFss = 2.151276226111686e-01
# columns: u=t/tau, R(u)
1.000000000000000e-04 9.998599780844932e-01
1.029200527194428e-04 9.998558943025959e-01
1.059253725177289e-04 9.998516915644083e-01
1.090184492385128e-04 9.998473664136704e-01
1.122018454301963e-04 9.998429152942224e-01
1.154781984689458e-04 9.998383345471533e-01
1.188502227437018e-04 9.998336204078603e-01
1.223207119049932e-04 9.998287690030339e-01
1.258925411794167e-04 9.998237763475559e-01
1.295686697517020e-04 9.998186383413102e-01
1.333521432163324e-04 9.998133507659049e-01
1.372460961007562e-04 9.998079092813088e-01
1.412537544622754e-04 9.998023094223855e-01
1.453784385607662e-04 9.997965465953401e-01
1.496235656094434e-04 9.997906160740648e-01
1.539926526059492e-04 9.997845129963829e-01
1.584893192461114e-04 9.997782323601870e-01
1.631172909227838e-04 9.997717690194826e-01
1.678804018122560e-04 9.997651176803072e-01
1.727825980507863e-04 9.997582728965486e-01
1.778279410038923e-04 9.997512290656518e-01
1.830206106311056e-04 9.997439804241957e-01
1.883649089489801e-04 9.997365210433624e-01
1.938652635952207e-04 9.997288448242809e-01
1.995262314968880e-04 9.997209454932403e-01
2.053525026457146e-04 9.997128165967799e-01
2.113489039836647e-04 9.997044514966418e-01
2.175204034019523e-04 9.996958433645941e-01
2.238721138568339e-04 9.996869851771112e-01
2.304092976055846e-04 9.996778697099177e-01
2.371373705661655e-04 9.996684895323775e-01
2.440619068041980e-04 9.996588370017465e-01
2.511886431509580e-04 9.996489042572637e-01
2.585234839562191e-04 9.996386832140945e-01
2.660725059798810e-04 9.996281655571106e-01
2.738419634264362e-04 9.996173427345080e-01
2.818382931264454e-04 9.996062059512603e-01
2.900681198693154e-04 9.995947461624037e-01
2.985382618917959e-04 9.995829540661451e-01
3.072557365267447e-04 9.995708200967960e-01
3.162277660168380e-04 9.995583344175251e-01
3.254617834980459e-04 9.995454869129288e-01
3.349654391578277e-04 9.995322671814079e-01
3.447466065731493e-04 9.995186645273557e-01
3.548133892335755e-04 9.995046679531562e-01
3.651741272548378e-04 9.994902661509694e-01
3.758374042884442e-04 9.994754474943276e-01
3.868120546330522e-04 9.994602000295129e-01
3.981071705534972e-04 9.994445114667357e-01
4.097321098135416e-04 9.994283691710844e-01
4.216965034285822e-04 9.994117601532724e-01
4.340102636447438e-04 9.993946710601510e-01
4.466835921509632e-04 9.993770881650033e-01
4.597269885308722e-04 9.993589973576068e-01
4.731512589614806e-04 9.993403841340657e-01
4.869675251658631e-04 9.993212335864076e-01
5.011872336272722e-04 9.993015303919346e-01
5.158221650723057e-04 9.992812588023452e-01
5.308844442309884e-04 9.992604026325984e-01
5.463865498818543e-04 9.992389452495410e-01
5.623413251903491e-04 9.992168695602734e-01
5.787619883491207e-04 9.991941580002738e-01
5.956621435290105e-04 9.991707925212594e-01
6.130557921498207e-04 9.991467545787949e-01
6.309573444801934e-04 9.991220251196420e-01
6.493816315762113e-04 9.990965845688460e-01
6.683439175686146e-04 9.990704128165657e-01
6.878599123088077e-04 9.990434892046416e-01
7.079457843841379e-04 9.990157925128936e-01
7.286181745132278e-04 9.989873009451729e-01
7.498942093324559e-04 9.989579921151356e-01
7.717915155850124e-04 9.989278430317721e-01
7.943282347242816e-04 9.988968300846635e-01
8.175230379436500e-04 9.988649290289956e-01
8.413951416451951e-04 9.988321149703089e-01
8.659643233600655e-04 9.987983623490091e-01
8.912509381337455e-04 9.987636449246245e-01
9.172759353897796e-04 9.987279357598287e-01
9.440608762859233e-04 9.986912072042319e-01
9.716279515771064e-04 9.986534308779410e-01
1.000000000000000e-03 9.986145776549050e-01
1.029200527194428e-03 9.985746176460554e-01
1.059253725177289e-03 9.985335201822407e-01
1.090184492385128e-03 9.984912537969882e-01
1.122018454301964e-03 9.984477862090797e-01
1.154781984689458e-03 9.984030843049776e-01
1.188502227437018e-03 9.983571141211139e-01
1.223207119049931e-03 9.983098408260491e-01
1.258925411794167e-03 9.982612287025334e-01
1.295686697517020e-03 9.982112411294907e-01
1.333521432163324e-03 9.981598405639426e-01
1.372460961007562e-03 9.981069885229072e-01
1.412537544622754e-03 9.980526455652988e-01
1.453784385607662e-03 9.979967712738643e-01
1.496235656094434e-03 9.979393242371821e-01
1.539926526059492e-03 9.978802620317690e-01
1.584893192461113e-03 9.978195412043412e-01
1.631172909227838e-03 9.977571172542622e-01
1.678804018122561e-03 9.976929446162350e-01
1.727825980507864e-03 9.976269766432858e-01
1.778279410038923e-03 9.975591655901100e-01
1.830206106311056e-03 9.974894625968184e-01
1.883649089489800e-03 9.974178176731741e-01
1.938652635952208e-03 9.973441796833832e-01
1.995262314968880e-03 9.972684963315096e-01
2.053525026457146e-03 9.971907141476123e-01
2.113489039836647e-03 9.971107784746882e-01
2.175204034019522e-03 9.970286334565159e-01
2.238721138568340e-03 9.969442220265112e-01
2.304092976055846e-03 9.968574858977028e-01
2.371373705661655e-03 9.967683655539561e-01
2.440619068041980e-03 9.966768002425668e-01
2.511886431509579e-03 9.965827279683701e-01
2.585234839562192e-03 9.964860854895242e-01
2.660725059798810e-03 9.963868083151058e-01
2.738419634264361e-03 9.962848307047245e-01
2.818382931264453e-03 9.961800856703132e-01
2.900681198693153e-03 9.960725049803127e-01
2.985382618917961e-03 9.959620191664564e-01
3.072557365267447e-03 9.958485575333912e-01
3.162277660168379e-03 9.957320481713702e-01
3.254617834980458e-03 9.956124179722989e-01
3.349654391578276e-03 9.954895926493966e-01
3.447466065731494e-03 9.953634967607912e-01
3.548133892335755e-03 9.952340537373698e-01
3.651741272548378e-03 9.951011859152238e-01
3.758374042884442e-03 9.949648145730688e-01
3.868120546330521e-03 9.948248599750349e-01
3.981071705534973e-03 9.946812414192506e-01
4.097321098135416e-03 9.945338772926807e-01
4.216965034285823e-03 9.943826851327040e-01
4.340102636447437e-03 9.942275816959451e-01
4.466835921509630e-03 9.940684830349339e-01
4.597269885308723e-03 9.939053045831792e-01
4.731512589614806e-03 9.937379612492950e-01
4.869675251658631e-03 9.935663675208692e-01
5.011872336272723e-03 9.933904375788007e-01
5.158221650723055e-03 9.932100854228904e-01
5.308844442309885e-03 9.930252250095215e-01
5.463865498818543e-03 9.928357704023263e-01
5.623413251903491e-03 9.926416359367916e-01
5.787619883491206e-03 9.924427363998339e-01
5.956621435290104e-03 9.922389872254435e-01
6.130557921498208e-03 9.920303047075508e-01
6.309573444801933e-03 9.918166062314051e-01
6.493816315762114e-03 9.915978105247696e-01
6.683439175686146e-03 9.913738379304038e-01
6.878599123088074e-03 9.911446107013466e-01
7.079457843841381e-03 9.909100533206734e-01
7.286181745132278e-03 9.906700928474564e-01
7.498942093324559e-03 9.904246592908623e-01
7.717915155850123e-03 9.901736860143608e-01
7.943282347242814e-03 9.899171101722555e-01
8.175230379436502e-03 9.896548731808245e-01
8.413951416451952e-03 9.893869212265807e-01
8.659643233600653e-03 9.891132058143068e-01
8.912509381337455e-03 9.888336843577270e-01
9.172759353897794e-03 9.885483208158843e-01
9.440608762859237e-03 9.882570863784980e-01
9.716279515771064e-03 9.879599602038494e-01
1.000000000000000e-02 9.876569302129647e-01
1.029200527194429e-02 9.873479769933619e-01
1.059253725177289e-02 9.870330198149510e-01
1.090184492385128e-02 9.867119609229875e-01
1.122018454301963e-02 9.863847015299088e-01
1.154781984689458e-02 9.860511418211512e-01
1.188502227437019e-02 9.857111809615844e-01
1.223207119049931e-02 9.853647171025879e-01
1.258925411794168e-02 9.850116473897774e-01
1.295686697517019e-02 9.846518679713994e-01
1.333521432163324e-02 9.842852740073997e-01
1.372460961007563e-02 9.839117596791932e-01
1.412537544622754e-02 9.835312182001356e-01
1.453784385607662e-02 9.831435418267216e-01
1.496235656094433e-02 9.827486218705115e-01
1.539926526059492e-02 9.823463487108154e-01
1.584893192461114e-02 9.819366118081324e-01
1.631172909227838e-02 9.815192997183722e-01
1.678804018122560e-02 9.810943001078560e-01
1.727825980507863e-02 9.806614997691319e-01
1.778279410038923e-02 9.802207846375911e-01
1.830206106311057e-02 9.797720398089240e-01
1.883649089489800e-02 9.793151495574023e-01
1.938652635952208e-02 9.788499973550245e-01
1.995262314968879e-02 9.783764658915133e-01
2.053525026457146e-02 9.778944370951952e-01
2.113489039836648e-02 9.774037921547605e-01
2.175204034019522e-02 9.769044115419192e-01
2.238721138568340e-02 9.763961750349638e-01
2.304092976055845e-02 9.758789617432512e-01
2.371373705661655e-02 9.753526501326009e-01
2.440619068041982e-02 9.748171180516406e-01
2.511886431509580e-02 9.742722427590792e-01
2.585234839562191e-02 9.737179009519485e-01
2.660725059798809e-02 9.731539687947881e-01
2.738419634264361e-02 9.725803219498086e-01
2.818382931264455e-02 9.719968356080159e-01
2.900681198693153e-02 9.714033845213257e-01
2.985382618917960e-02 9.707998430356558e-01
3.072557365267446e-02 9.701860851250069e-01
3.162277660168380e-02 9.695619844265383e-01
3.254617834980460e-02 9.689274142766419e-01
3.349654391578276e-02 9.682822477480126e-01
3.447466065731495e-02 9.676263576877221e-01
3.548133892335753e-02 9.669596167562943e-01
3.651741272548377e-02 9.662818974677878e-01
3.758374042884443e-02 9.655930722308788e-01
3.868120546330521e-02 9.648930133909448e-01
3.981071705534973e-02 9.641815932731521e-01
4.097321098135413e-02 9.634586842265440e-01
4.216965034285823e-02 9.627241586691101e-01
4.340102636447440e-02 9.619778891338634e-01
4.466835921509631e-02 9.612197483158835e-01
4.597269885308723e-02 9.604496091203482e-01
4.731512589614803e-02 9.596673447115308e-01
4.869675251658631e-02 9.588728285627536e-01
5.011872336272725e-02 9.580659345073009e-01
5.158221650723056e-02 9.572465367902651e-01
5.308844442309885e-02 9.564145101213136e-01
5.463865498818540e-02 9.555697297283868e-01
5.623413251903490e-02 9.547120714122772e-01
5.787619883491209e-02 9.538414116020991e-01
5.956621435290103e-02 9.529576274116242e-01
6.130557921498209e-02 9.520605966964595e-01
6.309573444801930e-02 9.511501981120520e-01
6.493816315762115e-02 9.502263111725003e-01
6.683439175686150e-02 9.492888163101438e-01
6.878599123088075e-02 9.483375949359100e-01
7.079457843841380e-02 9.473725295003890e-01
7.286181745132274e-02 9.463935035556114e-01
7.498942093324559e-02 9.454004018174995e-01
7.717915155850127e-02 9.443931102289542e-01
7.943282347242814e-02 9.433715160235542e-01
8.175230379436502e-02 9.423355077898232e-01
8.413951416451948e-02 9.412849755360352e-01
8.659643233600654e-02 9.402198107555165e-01
8.912509381337459e-02 9.391399064923993e-01
9.172759353897794e-02 9.380451574077965e-01
9.440608762859236e-02 9.369354598463383e-01
9.716279515771059e-02 9.358107119030329e-01
1.000000000000000e-01 9.346708134904057e-01
1.029200527194429e-01 9.335156664058506e-01
1.059253725177289e-01 9.323451743991646e-01
1.090184492385128e-01 9.311592432401862e-01
1.122018454301963e-01 9.299577807864973e-01
1.154781984689458e-01 9.287406970511224e-01
1.188502227437019e-01 9.275079042701655e-01
1.223207119049931e-01 9.262593169703162e-01
1.258925411794168e-01 9.249948520361703e-01
1.295686697517019e-01 9.237144287772818e-01
1.333521432163324e-01 9.224179689948906e-01
1.372460961007562e-01 9.211053970482405e-01
1.412537544622754e-01 9.197766399204215e-01
1.453784385607662e-01 9.184316272836602e-01
1.496235656094433e-01 9.170702915639692e-01
1.539926526059492e-01 9.156925680050861e-01
1.584893192461114e-01 9.142983947316147e-01
1.631172909227838e-01 9.128877128112807e-01
1.678804018122561e-01 9.114604663162191e-01
1.727825980507863e-01 9.100166023832056e-01
1.778279410038923e-01 9.085560712727342e-01
1.830206106311057e-01 9.070788264268608e-01
1.883649089489800e-01 9.055848245257067e-01
1.938652635952208e-01 9.040740255425426e-01
1.995262314968879e-01 9.025463927973398e-01
2.053525026457146e-01 9.010018930087073e-01
2.113489039836648e-01 8.994404963441055e-01
2.175204034019522e-01 8.978621764682506e-01
2.238721138568340e-01 8.962669105895940e-01
2.304092976055845e-01 8.946546795047949e-01
2.371373705661655e-01 8.930254676410747e-01
2.440619068041981e-01 8.913792630963605e-01
2.511886431509580e-01 8.897160576771184e-01
2.585234839562191e-01 8.880358469337759e-01
2.660725059798809e-01 8.863386301936363e-01
2.738419634264361e-01 8.846244105911988e-01
2.818382931264455e-01 8.828931950957747e-01
2.900681198693153e-01 8.811449945363223e-01
2.985382618917961e-01 8.793798236233997e-01
3.072557365267445e-01 8.775977009681584e-01
3.162277660168379e-01 8.757986490982792e-01
3.254617834980460e-01 8.739826944707874e-01
3.349654391578276e-01 8.721498674816502e-01
3.447466065731494e-01 8.703002024720997e-01
3.548133892335753e-01 8.684337377315976e-01
3.651741272548377e-01 8.665505154973887e-01
3.758374042884443e-01 8.646505819505761e-01
3.868120546330521e-01 8.627339872086629e-01
3.981071705534974e-01 8.608007853145199e-01
4.097321098135414e-01 8.588510342217250e-01
4.216965034285822e-01 8.568847957762468e-01
4.340102636447440e-01 8.549021356944388e-01
4.466835921509631e-01 8.529031235373232e-01
4.597269885308723e-01 8.508878326811457e-01
4.731512589614803e-01 8.488563402841975e-01
4.869675251658631e-01 8.468087272499008e-01
5.011872336272726e-01 8.447450781861670e-01
5.158221650723056e-01 8.426654813610461e-01
5.308844442309885e-01 8.405700286546858e-01
5.463865498818540e-01 8.384588155076407e-01
5.623413251903492e-01 8.363319408655653e-01
5.787619883491208e-01 8.341895071203471e-01
5.956621435290104e-01 8.320316200477368e-01
6.130557921498209e-01 8.298583887415389e-01
6.309573444801930e-01 8.276699255444523e-01
6.493816315762113e-01 8.254663459756238e-01
6.683439175686149e-01 8.232477686550289e-01
6.878599123088075e-01 8.210143152247761e-01
7.079457843841381e-01 8.187661102674293e-01
7.286181745132274e-01 8.165032812214931e-01
7.498942093324559e-01 8.142259582941603e-01
7.717915155850128e-01 8.119342743714730e-01
7.943282347242814e-01 8.096283649260251e-01
8.175230379436502e-01 8.073083679223600e-01
8.413951416451948e-01 8.049744237202097e-01
8.659643233600653e-01 8.026266749757381e-01
8.912509381337459e-01 8.002652665409502e-01
9.172759353897795e-01 7.978903453614331e-01
9.440608762859236e-01 7.955020603726034e-01
9.716279515771058e-01 7.931005623946326e-01
1.000000000000000e+00 7.906860040262416e-01
1.029200527194429e+00 7.882585395375188e-01
1.059253725177290e+00 7.858183247619805e-01
1.090184492385127e+00 7.833655169880249e-01
1.122018454301963e+00 7.809002748499817e-01
1.154781984689458e+00 7.784227582189428e-01
1.188502227437019e+00 7.759331280935469e-01
1.223207119049933e+00 7.734315464909073e-01
1.258925411794166e+00 7.709181763378676e-01
1.295686697517019e+00 7.683931813627534e-01
1.333521432163324e+00 7.658567259878041e-01
1.372460961007563e+00 7.633089752224476e-01
1.412537544622755e+00 7.607500945575955e-01
1.453784385607661e+00 7.581802498611123e-01
1.496235656094433e+00 7.555996072746176e-01
1.539926526059492e+00 7.530083331117822e-01
1.584893192461114e+00 7.504065937582434e-01
1.631172909227840e+00 7.477945555733101e-01
1.678804018122559e+00 7.451723847935527e-01
1.727825980507863e+00 7.425402474384372e-01
1.778279410038923e+00 7.398983092181013e-01
1.830206106311057e+00 7.372467354433889e-01
1.883649089489802e+00 7.345856909382494e-01
1.938652635952206e+00 7.319153399545900e-01
1.995262314968879e+00 7.292358460896732e-01
2.053525026457146e+00 7.265473722061376e-01
2.113489039836648e+00 7.238500803547115e-01
2.175204034019525e+00 7.211441316996815e-01
2.238721138568338e+00 7.184296864471722e-01
2.304092976055845e+00 7.157069037762814e-01
2.371373705661656e+00 7.129759417731151e-01
2.440619068041981e+00 7.102369573677432e-01
2.511886431509582e+00 7.074901062741088e-01
2.585234839562189e+00 7.047355429328983e-01
2.660725059798808e+00 7.019734204573920e-01
2.738419634264361e+00 6.992038905822803e-01
2.818382931264455e+00 6.964271036154591e-01
2.900681198693156e+00 6.936432083927760e-01
2.985382618917957e+00 6.908523522357192e-01
3.072557365267446e+00 6.880546809120232e-01
3.162277660168380e+00 6.852503385991618e-01
3.254617834980460e+00 6.824394678506892e-01
3.349654391578279e+00 6.796222095653983e-01
3.447466065731491e+00 6.767987029592464e-01
3.548133892335753e+00 6.739690855399979e-01
3.651741272548378e+00 6.711334930845407e-01
3.758374042884443e+00 6.682920596188083e-01
3.868120546330525e+00 6.654449174002607e-01
3.981071705534969e+00 6.625921969028518e-01
4.097321098135414e+00 6.597340268044244e-01
4.216965034285822e+00 6.568705339764694e-01
4.340102636447440e+00 6.540018434761705e-01
4.466835921509634e+00 6.511280785406705e-01
4.597269885308719e+00 6.482493605834905e-01
4.731512589614803e+00 6.453658091930210e-01
4.869675251658632e+00 6.424775421330180e-01
5.011872336272726e+00 6.395846753450279e-01
5.158221650723061e+00 6.366873229526649e-01
5.308844442309880e+00 6.337855972676701e-01
5.463865498818540e+00 6.308796087976740e-01
5.623413251903491e+00 6.279694662555928e-01
5.787619883491209e+00 6.250552765705794e-01
5.956621435290110e+00 6.221371449004640e-01
6.130557921498202e+00 6.192151746456049e-01
6.309573444801930e+00 6.162894674640819e-01
6.493816315762113e+00 6.133601232881660e-01
6.683439175686149e+00 6.104272403419910e-01
6.878599123088081e+00 6.074909151603635e-01
7.079457843841374e+00 6.045512426086473e-01
7.286181745132275e+00 6.016083159036574e-01
7.498942093324558e+00 5.986622266354945e-01
7.717915155850127e+00 5.957130647902786e-01
7.943282347242821e+00 5.927609187736971e-01
8.175230379436494e+00 5.898058754353355e-01
8.413951416451949e+00 5.868480200937188e-01
8.659643233600654e+00 5.838874365620221e-01
8.912509381337459e+00 5.809242071743910e-01
9.172759353897805e+00 5.779584128128296e-01
9.440608762859226e+00 5.749901329346057e-01
9.716279515771058e+00 5.720194456001303e-01
1.000000000000000e+01 5.690464275012677e-01
1.029200527194429e+01 5.660711539900343e-01
1.059253725177290e+01 5.630936991076517e-01
1.090184492385127e+01 5.601141356139109e-01
1.122018454301963e+01 5.571325350168164e-01
1.154781984689458e+01 5.541489676024800e-01
1.188502227437019e+01 5.511635024652242e-01
1.223207119049933e+01 5.481762075378759e-01
1.258925411794166e+01 5.451871496222156e-01
1.295686697517019e+01 5.421963944195601e-01
1.333521432163324e+01 5.392040065614527e-01
1.372460961007563e+01 5.362100496404395e-01
1.412537544622755e+01 5.332145862409108e-01
1.453784385607661e+01 5.302176779699864e-01
1.496235656094433e+01 5.272193854884311e-01
1.539926526059492e+01 5.242197685415800e-01
1.584893192461114e+01 5.212188859902616e-01
1.631172909227840e+01 5.182167958417037e-01
1.678804018122559e+01 5.152135552804096e-01
1.727825980507863e+01 5.122092206989977e-01
1.778279410038923e+01 5.092038477289885e-01
1.830206106311057e+01 5.061974912715371e-01
1.883649089489802e+01 5.031902055280985e-01
1.938652635952206e+01 5.001820440310253e-01
1.995262314968879e+01 4.971730596740855e-01
2.053525026457146e+01 4.941633047429049e-01
2.113489039836648e+01 4.911528309453245e-01
2.175204034019524e+01 4.881416894416739e-01
2.238721138568338e+01 4.851299308749583e-01
2.304092976055845e+01 4.821176054009586e-01
2.371373705661656e+01 4.791047627182485e-01
2.440619068041982e+01 4.760914520981240e-01
2.511886431509582e+01 4.730777224144525e-01
2.585234839562189e+01 4.700636221734404e-01
2.660725059798809e+01 4.670491995433281e-01
2.738419634264361e+01 4.640345023840075e-01
2.818382931264455e+01 4.610195782765774e-01
2.900681198693156e+01 4.580044745528328e-01
2.985382618917957e+01 4.549892383247001e-01
3.072557365267446e+01 4.519739165136202e-01
3.162277660168379e+01 4.489585558798916e-01
3.254617834980460e+01 4.459432030519735e-01
3.349654391578279e+01 4.429279045557659e-01
3.447466065731491e+01 4.399127068438637e-01
3.548133892335753e+01 4.368976563248055e-01
3.651741272548377e+01 4.338827993923158e-01
3.758374042884444e+01 4.308681824545578e-01
3.868120546330525e+01 4.278538519633998e-01
3.981071705534969e+01 4.248398544437100e-01
4.097321098135414e+01 4.218262365226896e-01
4.216965034285823e+01 4.188130449592518e-01
4.340102636447440e+01 4.158003266734607e-01
4.466835921509635e+01 4.127881287760404e-01
4.597269885308718e+01 4.097764985979648e-01
4.731512589614803e+01 4.067654837201394e-01
4.869675251658632e+01 4.037551320031924e-01
5.011872336272725e+01 4.007454916173784e-01
5.158221650723061e+01 3.977366110726125e-01
5.308844442309879e+01 3.947285392486493e-01
5.463865498818540e+01 3.917213254254112e-01
5.623413251903492e+01 3.887150193134910e-01
5.787619883491209e+01 3.857096710848286e-01
5.956621435290110e+01 3.827053314035854e-01
6.130557921498202e+01 3.797020514572245e-01
6.309573444801930e+01 3.766998829878111e-01
6.493816315762113e+01 3.736988783235477e-01
6.683439175686149e+01 3.706990904105567e-01
6.878599123088082e+01 3.677005728449247e-01
7.079457843841374e+01 3.647033799050227e-01
7.286181745132275e+01 3.617075665841147e-01
7.498942093324560e+01 3.587131886232727e-01
7.717915155850127e+01 3.557203025446059e-01
7.943282347242823e+01 3.527289656848265e-01
8.175230379436493e+01 3.497392362291586e-01
8.413951416451948e+01 3.467511732456092e-01
8.659643233600654e+01 3.437648367196176e-01
8.912509381337459e+01 3.407802875890904e-01
9.172759353897804e+01 3.377975877798455e-01
9.440608762859226e+01 3.348168002414726e-01
9.716279515771059e+01 3.318379889836301e-01
1.000000000000000e+02 3.288612191127910e-01
1.029200527194429e+02 3.258865568694500e-01
1.059253725177290e+02 3.229140696658133e-01
1.090184492385127e+02 3.199438261239783e-01
1.122018454301963e+02 3.169758961146222e-01
1.154781984689458e+02 3.140103507962163e-01
1.188502227437019e+02 3.110472626547737e-01
1.223207119049933e+02 3.080867055441534e-01
1.258925411794166e+02 3.051287547269289e-01
1.295686697517019e+02 3.021734869158400e-01
1.333521432163324e+02 2.992209803158409e-01
1.372460961007563e+02 2.962713146667588e-01
1.412537544622755e+02 2.933245712865791e-01
1.453784385607661e+02 2.903808331153682e-01
1.496235656094433e+02 2.874401847598527e-01
1.539926526059492e+02 2.845027125386646e-01
1.584893192461114e+02 2.815685045282706e-01
1.631172909227840e+02 2.786376506095948e-01
1.678804018122559e+02 2.757102425153531e-01
1.727825980507863e+02 2.727863738781077e-01
1.778279410038923e+02 2.698661402790605e-01
1.830206106311057e+02 2.669496392975936e-01
1.883649089489802e+02 2.640369705615702e-01
1.938652635952206e+02 2.611282357984116e-01
1.995262314968879e+02 2.582235388869576e-01
2.053525026457146e+02 2.553229859101265e-01
2.113489039836648e+02 2.524266852083812e-01
2.175204034019524e+02 2.495347474340163e-01
2.238721138568338e+02 2.466472856062744e-01
2.304092976055845e+02 2.437644151672999e-01
2.371373705661655e+02 2.408862540389457e-01
2.440619068041981e+02 2.380129226804326e-01
2.511886431509583e+02 2.351445441468767e-01
2.585234839562189e+02 2.322812441486880e-01
2.660725059798809e+02 2.294231511118489e-01
2.738419634264361e+02 2.265703962390780e-01
2.818382931264455e+02 2.237231135718816e-01
2.900681198693156e+02 2.208814400535012e-01
2.985382618917957e+02 2.180455155927565e-01
3.072557365267446e+02 2.152154831287857e-01
3.162277660168380e+02 2.123914886966876e-01
3.254617834980460e+02 2.095736814940597e-01
3.349654391578280e+02 2.067622139484342e-01
3.447466065731491e+02 2.039572417856069e-01
3.548133892335753e+02 2.011589240988537e-01
3.651741272548377e+02 1.983674234190317e-01
3.758374042884444e+02 1.955829057855502e-01
3.868120546330525e+02 1.928055408182082e-01
3.981071705534970e+02 1.900355017898814e-01
4.097321098135413e+02 1.872729657000470e-01
4.216965034285823e+02 1.845181133491282e-01
4.340102636447440e+02 1.817711294136415e-01
4.466835921509635e+02 1.790322025221212e-01
4.597269885308718e+02 1.763015253318012e-01
4.731512589614803e+02 1.735792946060218e-01
4.869675251658632e+02 1.708657112923369e-01
5.011872336272725e+02 1.681609806012795e-01
5.158221650723061e+02 1.654653120857554e-01
5.308844442309879e+02 1.627789197210186e-01
5.463865498818541e+02 1.601020219851833e-01
5.623413251903492e+02 1.574348419402242e-01
5.787619883491209e+02 1.547776073134075e-01
5.956621435290110e+02 1.521305505790933e-01
6.130557921498203e+02 1.494939090408452e-01
6.309573444801931e+02 1.468679249137723e-01
6.493816315762114e+02 1.442528454070308e-01
6.683439175686149e+02 1.416489228063959e-01
6.878599123088081e+02 1.390564145568170e-01
7.079457843841374e+02 1.364755833448543e-01
7.286181745132275e+02 1.339066971808917e-01
7.498942093324558e+02 1.313500294810109e-01
7.717915155850128e+02 1.288058591483992e-01
7.943282347242822e+02 1.262744706541603e-01
8.175230379436493e+02 1.237561541173803e-01
8.413951416451948e+02 1.212512053842923e-01
8.659643233600655e+02 1.187599261063749e-01
8.912509381337459e+02 1.162826238171980e-01
9.172759353897803e+02 1.138196120078244e-01
9.440608762859225e+02 1.113712102005567e-01
9.716279515771058e+02 1.089377440208016e-01
1.000000000000000e+03 1.065195452668124e-01
1.029200527194429e+03 1.041169519770447e-01
1.059253725177290e+03 1.017303084948475e-01
1.090184492385127e+03 9.935996553018654e-02
1.122018454301963e+03 9.700628021807535e-02
1.154781984689458e+03 9.466961617336797e-02
1.188502227437019e+03 9.235034354153500e-02
1.223207119049933e+03 9.004883904502337e-02
1.258925411794166e+03 8.776548602476557e-02
1.295686697517019e+03 8.550067447637265e-02
1.333521432163324e+03 8.325480108051259e-02
1.372460961007562e+03 8.102826922693294e-02
1.412537544622756e+03 7.882148903155091e-02
1.453784385607661e+03 7.663487734598658e-02
1.496235656094433e+03 7.446885775886838e-02
1.539926526059492e+03 7.232386058819047e-02
1.584893192461114e+03 7.020032286394007e-02
1.631172909227840e+03 6.809868830015960e-02
1.678804018122559e+03 6.601940725553714e-02
1.727825980507863e+03 6.396293668154980e-02
1.778279410038923e+03 6.192974005710792e-02
1.830206106311057e+03 5.992028730856072e-02
1.883649089489802e+03 5.793505471383480e-02
1.938652635952206e+03 5.597452478937582e-02
1.995262314968879e+03 5.403918615845307e-02
2.053525026457146e+03 5.212953339926941e-02
2.113489039836648e+03 5.024606687118444e-02
2.175204034019525e+03 4.838929251721805e-02
2.238721138568338e+03 4.655972164084220e-02
2.304092976055845e+03 4.475787065489432e-02
2.371373705661656e+03 4.298426080025752e-02
2.440619068041981e+03 4.123941783173674e-02
2.511886431509583e+03 3.952387166833143e-02
2.585234839562188e+03 3.783815600484442e-02
2.660725059798809e+03 3.618280788147984e-02
2.738419634264361e+03 3.455836720776694e-02
2.818382931264455e+03 3.296537623678776e-02
2.900681198693156e+03 3.140437898529414e-02
2.985382618917958e+03 2.987592059485444e-02
3.072557365267446e+03 2.838054662867336e-02
3.162277660168379e+03 2.691880229817132e-02
3.254617834980460e+03 2.549123161277695e-02
3.349654391578280e+03 2.409837644567763e-02
3.447466065731491e+03 2.274077550746470e-02
3.548133892335753e+03 2.141896321869290e-02
3.651741272548377e+03 2.013346847132967e-02
3.758374042884443e+03 1.888481326787048e-02
3.868120546330525e+03 1.767351122552602e-02
3.981071705534970e+03 1.650006593130251e-02
4.097321098135413e+03 1.536496913196564e-02
4.216965034285823e+03 1.426869874075432e-02
4.340102636447440e+03 1.321171664022722e-02
4.466835921509635e+03 1.219446625772197e-02
4.597269885308719e+03 1.121736988648459e-02
4.731512589614803e+03 1.028082572147763e-02
4.869675251658631e+03 9.385204574060632e-03
5.011872336272725e+03 8.530846223970679e-03
5.158221650723061e+03 7.718055360093777e-03
5.308844442309880e+03 6.947097053107749e-03
5.463865498818540e+03 6.218191692815474e-03
5.623413251903491e+03 5.531509310371256e-03
5.787619883491209e+03 4.887163189962714e-03
5.956621435290110e+03 4.285202654959820e-03
6.130557921498202e+03 3.725604888865074e-03
6.309573444801930e+03 3.208265619936528e-03
6.493816315762113e+03 2.732988457795520e-03
6.683439175686149e+03 2.299472617403096e-03
6.878599123088082e+03 1.907298695805715e-03
7.079457843841375e+03 1.555912073144958e-03
7.286181745132274e+03 1.244603381367927e-03
7.498942093324559e+03 9.724853062603050e-04
7.717915155850128e+03 7.384647364683696e-04
7.943282347242822e+03 5.412089079069288e-04
8.175230379436493e+03 3.791036484134220e-04
8.413951416451948e+03 2.502009940664483e-04
8.659643233600655e+03 1.521521251785004e-04
8.912509381337461e+03 8.211938009041858e-05
9.172759353897805e+03 3.665729739017584e-05
9.440608762859227e+03 1.154560323750387e-05
9.716279515771059e+03 1.543035278355556e-06
1.000000000000000e+04 0.000000000000000e+00
