# alpha = 1.5
# Lmin  = 0.01
# Lmax  = 100
# tau   = 1
# V1    = 0.1
# V2    = 1
# c     = 1
# u_min_requested = 0.0001
# u_max_requested = 10000000
# u_max_used      = 100
# u_physical_max  = 100
# points_per_decade = 80
# DeltaFss = 1.958557502355548e+00
# columns: u=t/tau, R(u)
1.000000000000000e-04 9.999626041247662e-01
1.029200527194428e-04 9.999615125914254e-01
1.059253725177289e-04 9.999603892111643e-01
1.090184492385128e-04 9.999592330556014e-01
1.122018454301963e-04 9.999580431693408e-01
1.154781984689458e-04 9.999568185691857e-01
1.188502227437018e-04 9.999555582433336e-01
1.223207119049932e-04 9.999542611505482e-01
1.258925411794167e-04 9.999529262193044e-01
1.295686697517020e-04 9.999515523469120e-01
1.333521432163324e-04 9.999501383986140e-01
1.372460961007562e-04 9.999486832066552e-01
1.412537544622754e-04 9.999471855693297e-01
1.453784385607662e-04 9.999456442499965e-01
1.496235656094434e-04 9.999440579760702e-01
1.539926526059492e-04 9.999424254379787e-01
1.584893192461113e-04 9.999407452880964e-01
1.631172909227838e-04 9.999390161396420e-01
1.678804018122560e-04 9.999372365655477e-01
1.727825980507863e-04 9.999354050972953e-01
1.778279410038923e-04 9.999335202237175e-01
1.830206106311056e-04 9.999315803897687e-01
1.883649089489800e-04 9.999295839952558e-01
1.938652635952208e-04 9.999275293935377e-01
1.995262314968880e-04 9.999254148901844e-01
2.053525026457146e-04 9.999232387415976e-01
2.113489039836647e-04 9.999209991535971e-01
2.175204034019523e-04 9.999186942799595e-01
2.238721138568339e-04 9.999163222209220e-01
2.304092976055846e-04 9.999138810216383e-01
2.371373705661655e-04 9.999113686705962e-01
2.440619068041980e-04 9.999087830979863e-01
2.511886431509580e-04 9.999061221740250e-01
2.585234839562192e-04 9.999033837072329e-01
2.660725059798810e-04 9.999005654426603e-01
2.738419634264362e-04 9.998976650600662e-01
2.818382931264454e-04 9.998946801720447e-01
2.900681198693154e-04 9.998916083220987e-01
2.985382618917959e-04 9.998884469826577e-01
3.072557365267447e-04 9.998851935530437e-01
3.162277660168379e-04 9.998818453573762e-01
3.254617834980459e-04 9.998783996424218e-01
3.349654391578276e-04 9.998748535753802e-01
3.447466065731494e-04 9.998712042416114e-01
3.548133892335754e-04 9.998674486422968e-01
3.651741272548378e-04 9.998635836920380e-01
3.758374042884442e-04 9.998596062163860e-01
3.868120546330521e-04 9.998555129493049e-01
3.981071705534973e-04 9.998513005305587e-01
4.097321098135416e-04 9.998469655030366e-01
4.216965034285823e-04 9.998425043099919e-01
4.340102636447438e-04 9.998379132922165e-01
4.466835921509632e-04 9.998331886851268e-01
4.597269885308722e-04 9.998283266157774e-01
4.731512589614806e-04 9.998233230997892e-01
4.869675251658631e-04 9.998181740381942e-01
5.011872336272723e-04 9.998128752141934e-01
5.158221650723056e-04 9.998074222898264e-01
5.308844442309884e-04 9.998018108025515e-01
5.463865498818542e-04 9.997960361617322e-01
5.623413251903491e-04 9.997900936450272e-01
5.787619883491207e-04 9.997839783946855e-01
5.956621435290106e-04 9.997776854137371e-01
6.130557921498207e-04 9.997712095620895e-01
6.309573444801933e-04 9.997645455525083e-01
6.493816315762112e-04 9.997576879465009e-01
6.683439175686148e-04 9.997506311500828e-01
6.878599123088077e-04 9.997433694094383e-01
7.079457843841379e-04 9.997358968064569e-01
7.286181745132276e-04 9.997282072541624e-01
7.498942093324560e-04 9.997202944920139e-01
7.717915155850125e-04 9.997121520810880e-01
7.943282347242814e-04 9.997037733991311e-01
8.175230379436500e-04 9.996951516354888e-01
8.413951416451951e-04 9.996862797858986e-01
8.659643233600655e-04 9.996771506471488e-01
8.912509381337455e-04 9.996677568116040e-01
9.172759353897798e-04 9.996580906615877e-01
9.440608762859235e-04 9.996481443636206e-01
9.716279515771061e-04 9.996379098625160e-01
9.999999999999998e-04 9.996273788753255e-01
1.029200527194428e-03 9.996165428851324e-01
1.059253725177289e-03 9.996053931346882e-01
1.090184492385128e-03 9.995939206198989e-01
1.122018454301963e-03 9.995821160831408e-01
1.154781984689458e-03 9.995699700064214e-01
1.188502227437019e-03 9.995574726043693e-01
1.223207119049932e-03 9.995446138170567e-01
1.258925411794167e-03 9.995313833026500e-01
1.295686697517020e-03 9.995177704298851e-01
1.333521432163324e-03 9.995037642703661e-01
1.372460961007562e-03 9.994893535906844e-01
1.412537544622755e-03 9.994745268443542e-01
1.453784385607662e-03 9.994592721635638e-01
1.496235656094433e-03 9.994435773507399e-01
1.539926526059492e-03 9.994274298699231e-01
1.584893192461114e-03 9.994108168379484e-01
1.631172909227838e-03 9.993937250154376e-01
1.678804018122560e-03 9.993761407975914e-01
1.727825980507863e-03 9.993580502047892e-01
1.778279410038923e-03 9.993394388729855e-01
1.830206106311056e-03 9.993202920439122e-01
1.883649089489800e-03 9.993005945550765e-01
1.938652635952207e-03 9.992803308295611e-01
1.995262314968880e-03 9.992594848656202e-01
2.053525026457146e-03 9.992380402260763e-01
2.113489039836647e-03 9.992159800275157e-01
2.175204034019523e-03 9.991932869292834e-01
2.238721138568340e-03 9.991699431222797e-01
2.304092976055846e-03 9.991459303175585e-01
2.371373705661655e-03 9.991212297347336e-01
2.440619068041981e-03 9.990958220901877e-01
2.511886431509580e-03 9.990696875850968e-01
2.585234839562191e-03 9.990428058932682e-01
2.660725059798809e-03 9.990151561487987e-01
2.738419634264362e-03 9.989867169335552e-01
2.818382931264454e-03 9.989574662644929e-01
2.900681198693154e-03 9.989273815808060e-01
2.985382618917959e-03 9.988964397309290e-01
3.072557365267447e-03 9.988646169593937e-01
3.162277660168379e-03 9.988318888935518e-01
3.254617834980458e-03 9.987982305301778e-01
3.349654391578276e-03 9.987636162219605e-01
3.447466065731493e-03 9.987280196639023e-01
3.548133892335756e-03 9.986914138796380e-01
3.651741272548378e-03 9.986537712076927e-01
3.758374042884442e-03 9.986150632877033e-01
3.868120546330522e-03 9.985752610466068e-01
3.981071705534973e-03 9.985343346848473e-01
4.097321098135415e-03 9.984922536625995e-01
4.216965034285821e-03 9.984489866860510e-01
4.340102636447437e-03 9.984045016937757e-01
4.466835921509632e-03 9.983587658432203e-01
4.597269885308723e-03 9.983117454973527e-01
4.731512589614806e-03 9.982634062114998e-01
4.869675251658631e-03 9.982137127204286e-01
5.011872336272723e-03 9.981626289257088e-01
5.158221650723055e-03 9.981101178834084e-01
5.308844442309882e-03 9.980561417921850e-01
5.463865498818545e-03 9.980006619818170e-01
5.623413251903493e-03 9.979436389022550e-01
5.787619883491208e-03 9.978850321132506e-01
5.956621435290105e-03 9.978248002746423e-01
6.130557921498207e-03 9.977629011373822e-01
6.309573444801932e-03 9.976992915353843e-01
6.493816315762112e-03 9.976339273782966e-01
6.683439175686144e-03 9.975667636452902e-01
6.878599123088079e-03 9.974977543799888e-01
7.079457843841381e-03 9.974268526866384e-01
7.286181745132278e-03 9.973540107276696e-01
7.498942093324559e-03 9.972791797227638e-01
7.717915155850123e-03 9.972023099495996e-01
7.943282347242814e-03 9.971233507464177e-01
8.175230379436498e-03 9.970422505165912e-01
8.413951416451954e-03 9.969589567353840e-01
8.659643233600656e-03 9.968734159590967e-01
8.912509381337457e-03 9.967855738368218e-01
9.172759353897796e-03 9.966953751250379e-01
9.440608762859234e-03 9.966027637052940e-01
9.716279515771061e-03 9.965076826052639e-01
9.999999999999998e-03 9.964100740234504e-01
1.029200527194428e-02 9.963098784141365e-01
1.059253725177289e-02 9.962070314355429e-01
1.090184492385128e-02 9.961014663430801e-01
1.122018454301964e-02 9.959931148423423e-01
1.154781984689458e-02 9.958819070579944e-01
1.188502227437018e-02 9.957677715022107e-01
1.223207119049931e-02 9.956506350426741e-01
1.258925411794167e-02 9.955304228701291e-01
1.295686697517020e-02 9.954070584654967e-01
1.333521432163325e-02 9.952804635665543e-01
1.372460961007562e-02 9.951505581341684e-01
1.412537544622754e-02 9.950172603181079e-01
1.453784385607662e-02 9.948804864224123e-01
1.496235656094433e-02 9.947401508703475e-01
1.539926526059492e-02 9.945961661689250e-01
1.584893192461113e-02 9.944484428730122e-01
1.631172909227839e-02 9.942968895490266e-01
1.678804018122560e-02 9.941414127382212e-01
1.727825980507864e-02 9.939819169195706e-01
1.778279410038923e-02 9.938183044722608e-01
1.830206106311056e-02 9.936504756377942e-01
1.883649089489800e-02 9.934783284817121e-01
1.938652635952207e-02 9.933017588549510e-01
1.995262314968881e-02 9.931206603548354e-01
2.053525026457147e-02 9.929349242857176e-01
2.113489039836647e-02 9.927444396192830e-01
2.175204034019523e-02 9.925490929545212e-01
2.238721138568340e-02 9.923487684773834e-01
2.304092976055845e-02 9.921433479201358e-01
2.371373705661655e-02 9.919327105204235e-01
2.440619068041979e-02 9.917167329800607e-01
2.511886431509581e-02 9.914952894235612e-01
2.585234839562191e-02 9.912682513564250e-01
2.660725059798810e-02 9.910354876232019e-01
2.738419634264361e-02 9.907968643653486e-01
2.818382931264454e-02 9.905522449788955e-01
2.900681198693153e-02 9.903014900719522e-01
2.985382618917959e-02 9.900444574220604e-01
3.072557365267448e-02 9.897810019334303e-01
3.162277660168381e-02 9.895109755940742e-01
3.254617834980459e-02 9.892342274328669e-01
3.349654391578277e-02 9.889506034765553e-01
3.447466065731494e-02 9.886599467067493e-01
3.548133892335754e-02 9.883620970169186e-01
3.651741272548376e-02 9.880568911694210e-01
3.758374042884440e-02 9.877441627526053e-01
3.868120546330523e-02 9.874237421380064e-01
3.981071705534973e-02 9.870954564376749e-01
4.097321098135416e-02 9.867591294616739e-01
4.216965034285823e-02 9.864145816757781e-01
4.340102636447438e-02 9.860616301594117e-01
4.466835921509631e-02 9.857000885638681e-01
4.597269885308721e-02 9.853297670708449e-01
4.731512589614807e-02 9.849504723513445e-01
4.869675251658633e-02 9.845620075249746e-01
5.011872336272723e-02 9.841641721196983e-01
5.158221650723057e-02 9.837567620320805e-01
5.308844442309884e-02 9.833395694880753e-01
5.463865498818541e-02 9.829123830044061e-01
5.623413251903490e-02 9.824749873505840e-01
5.787619883491205e-02 9.820271635116287e-01
5.956621435290107e-02 9.815686886515284e-01
6.130557921498209e-02 9.810993360775099e-01
6.309573444801933e-02 9.806188752051661e-01
6.493816315762115e-02 9.801270715245051e-01
6.683439175686146e-02 9.796236865669733e-01
6.878599123088075e-02 9.791084778735261e-01
7.079457843841377e-02 9.785811989637936e-01
7.286181745132279e-02 9.780415993064235e-01
7.498942093324561e-02 9.774894242906493e-01
7.717915155850126e-02 9.769244151991662e-01
7.943282347242815e-02 9.763463091823740e-01
8.175230379436499e-02 9.757548392340608e-01
8.413951416451949e-02 9.751497341686011e-01
8.659643233600652e-02 9.745307185997345e-01
8.912509381337452e-02 9.738975129210073e-01
9.172759353897800e-02 9.732498332879465e-01
9.440608762859236e-02 9.725873916020439e-01
9.716279515771063e-02 9.719098954966301e-01
1.000000000000000e-01 9.712170483247118e-01
1.029200527194428e-01 9.705085491488582e-01
1.059253725177289e-01 9.697840927332093e-01
1.090184492385127e-01 9.690433695376923e-01
1.122018454301963e-01 9.682860657145274e-01
1.154781984689458e-01 9.675118631070985e-01
1.188502227437018e-01 9.667204392512774e-01
1.223207119049931e-01 9.659114673792842e-01
1.258925411794168e-01 9.650846164261581e-01
1.295686697517020e-01 9.642395510389311e-01
1.333521432163325e-01 9.633759315885804e-01
1.372460961007562e-01 9.624934141848436e-01
1.412537544622755e-01 9.615916506939750e-01
1.453784385607662e-01 9.606702887595303e-01
1.496235656094434e-01 9.597289718262503e-01
1.539926526059492e-01 9.587673391671294e-01
1.584893192461113e-01 9.577850259137430e-01
1.631172909227838e-01 9.567816630899099e-01
1.678804018122560e-01 9.557568776487666e-01
1.727825980507863e-01 9.547102925133203e-01
1.778279410038922e-01 9.536415266205571e-01
1.830206106311055e-01 9.525501949691731e-01
1.883649089489799e-01 9.514359086709848e-01
1.938652635952209e-01 9.502982750060994e-01
1.995262314968881e-01 9.491368974818856e-01
2.053525026457148e-01 9.479513758958201e-01
2.113489039836648e-01 9.467413064022475e-01
2.175204034019524e-01 9.455062815831166e-01
2.238721138568340e-01 9.442458905227337e-01
2.304092976055846e-01 9.429597188865768e-01
2.371373705661655e-01 9.416473490042092e-01
2.440619068041980e-01 9.403083599563290e-01
2.511886431509580e-01 9.389423276659831e-01
2.585234839562190e-01 9.375488249939695e-01
2.660725059798809e-01 9.361274218384545e-01
2.738419634264360e-01 9.346776852388173e-01
2.818382931264452e-01 9.331991794837291e-01
2.900681198693152e-01 9.316914662234858e-01
2.985382618917962e-01 9.301541045865807e-01
3.072557365267449e-01 9.285866513005238e-01
3.162277660168381e-01 9.269886608168959e-01
3.254617834980460e-01 9.253596854406214e-01
3.349654391578278e-01 9.236992754634434e-01
3.447466065731494e-01 9.220069793015788e-01
3.548133892335755e-01 9.202823436375177e-01
3.651741272548377e-01 9.185249135659417e-01
3.758374042884441e-01 9.167342327437180e-01
3.868120546330521e-01 9.149098435439267e-01
3.981071705534971e-01 9.130512872138764e-01
4.097321098135414e-01 9.111581040370552e-01
4.216965034285821e-01 9.092298334989629e-01
4.340102636447436e-01 9.072660144567657e-01
4.466835921509628e-01 9.052661853127155e-01
4.597269885308725e-01 9.032298841912658e-01
4.731512589614807e-01 9.011566491198159e-01
4.869675251658634e-01 8.990460182130273e-01
5.011872336272726e-01 8.968975298606253e-01
5.158221650723059e-01 8.947107229186346e-01
5.308844442309885e-01 8.924851369039585e-01
5.463865498818543e-01 8.902203121922501e-01
5.623413251903492e-01 8.879157902189944e-01
5.787619883491206e-01 8.855711136837350e-01
5.956621435290104e-01 8.831858267573814e-01
6.130557921498205e-01 8.807594752925326e-01
6.309573444801930e-01 8.782916070367571e-01
6.493816315762111e-01 8.757817718487706e-01
6.683439175686142e-01 8.732295219174611e-01
6.878599123088072e-01 8.706344119837157e-01
7.079457843841385e-01 8.679959995650071e-01
7.286181745132282e-01 8.653138451827016e-01
7.498942093324562e-01 8.625875125920719e-01
7.717915155850128e-01 8.598165690149786e-01
7.943282347242817e-01 8.570005853752268e-01
8.175230379436502e-01 8.541391365365802e-01
8.413951416451951e-01 8.512318015434484e-01
8.659643233600653e-01 8.482781638642615e-01
8.912509381337456e-01 8.452778116375576e-01
9.172759353897795e-01 8.422303379208227e-01
9.440608762859231e-01 8.391353409421314e-01
9.716279515771058e-01 8.359924243546498e-01
9.999999999999996e-01 8.328011974940710e-01
1.029200527194428e+00 8.295612756390699e-01
1.059253725177288e+00 8.262722802748750e-01
1.090184492385128e+00 8.229338393600623e-01
1.122018454301964e+00 8.195455875967022e-01
1.154781984689459e+00 8.161071667039823e-01
1.188502227437019e+00 8.126182256954657e-01
1.223207119049932e+00 8.090784211601388e-01
1.258925411794168e+00 8.054874175474225e-01
1.295686697517020e+00 8.018448874563365e-01
1.333521432163324e+00 7.981505119290065e-01
1.372460961007562e+00 7.944039807487334e-01
1.412537544622754e+00 7.906049927428427e-01
1.453784385607661e+00 7.867532560905454e-01
1.496235656094433e+00 7.828484886360568e-01
1.539926526059491e+00 7.788904182072317e-01
1.584893192461112e+00 7.748787829399727e-01
1.631172909227837e+00 7.708133316086971e-01
1.678804018122562e+00 7.666938239631390e-01
1.727825980507864e+00 7.625200310717817e-01
1.778279410038924e+00 7.582917356722227e-01
1.830206106311057e+00 7.540087325287795e-01
1.883649089489801e+00 7.496708287976480e-01
1.938652635952208e+00 7.452778443999392e-01
1.995262314968880e+00 7.408296124029184e-01
2.053525026457146e+00 7.363259794097784e-01
2.113489039836646e+00 7.317668059582836e-01
2.175204034019522e+00 7.271519669286214e-01
2.238721138568339e+00 7.224813519608063e-01
2.304092976055845e+00 7.177548658819748e-01
2.371373705661654e+00 7.129724291439208e-01
2.440619068041979e+00 7.081339782712121e-01
2.511886431509578e+00 7.032394663202364e-01
2.585234839562192e+00 6.982888633495157e-01
2.660725059798811e+00 6.932821569016375e-01
2.738419634264363e+00 6.882193524971323e-01
2.818382931264455e+00 6.831004741406427e-01
2.900681198693154e+00 6.779255648397097e-01
2.985382618917960e+00 6.726946871365052e-01
3.072557365267447e+00 6.674079236528316e-01
3.162277660168380e+00 6.620653776487015e-01
3.254617834980459e+00 6.566671735948090e-01
3.349654391578276e+00 6.512134577591872e-01
3.447466065731493e+00 6.457043988083464e-01
3.548133892335753e+00 6.401401884231731e-01
3.651741272548375e+00 6.345210419298598e-01
3.758374042884439e+00 6.288471989461243e-01
3.868120546330519e+00 6.231189240429692e-01
3.981071705534976e+00 6.173365074222105e-01
4.097321098135418e+00 6.115002656100010e-01
4.216965034285825e+00 6.056105421665446e-01
4.340102636447440e+00 5.996677084122003e-01
4.466835921509633e+00 5.936721641701400e-01
4.597269885308723e+00 5.876243385257121e-01
4.731512589614806e+00 5.815246906026514e-01
4.869675251658632e+00 5.753737103562364e-01
5.011872336272722e+00 5.691719193834929e-01
5.158221650723056e+00 5.629198717505018e-01
5.308844442309882e+00 5.566181548368575e-01
5.463865498818540e+00 5.502673901972835e-01
5.623413251903489e+00 5.438682344403921e-01
5.787619883491203e+00 5.374213801245410e-01
5.956621435290101e+00 5.309275566707046e-01
6.130557921498212e+00 5.243875312922428e-01
6.309573444801937e+00 5.178021099414222e-01
6.493816315762117e+00 5.111721382724816e-01
6.683439175686149e+00 5.044985026210184e-01
6.878599123088079e+00 4.977821309994073e-01
7.079457843841381e+00 4.910239941079195e-01
7.286181745132278e+00 4.842251063611598e-01
7.498942093324558e+00 4.773865269293794e-01
7.717915155850124e+00 4.705093607941661e-01
7.943282347242814e+00 4.635947598179438e-01
8.175230379436497e+00 4.566439238266505e-01
8.413951416451949e+00 4.496581017048838e-01
8.659643233600649e+00 4.426385925027288e-01
8.912509381337451e+00 4.355867465533950e-01
9.172759353897790e+00 4.285039666006987e-01
9.440608762859240e+00 4.213917089353310e-01
9.716279515771067e+00 4.142514845387428e-01
1.000000000000001e+01 4.070848602333687e-01
1.029200527194429e+01 3.998934598377896e-01
1.059253725177289e+01 3.926789653253048e-01
1.090184492385128e+01 3.854431179842384e-01
1.122018454301964e+01 3.781877195781633e-01
1.154781984689458e+01 3.709146335040580e-01
1.188502227437018e+01 3.636257859462356e-01
1.223207119049931e+01 3.563231670237025e-01
1.258925411794167e+01 3.490088319283962e-01
1.295686697517019e+01 3.416849020515358e-01
1.333521432163323e+01 3.343535660950803e-01
1.372460961007561e+01 3.270170811650415e-01
1.412537544622753e+01 3.196777738431149e-01
1.453784385607663e+01 3.123380412328038e-01
1.496235656094434e+01 3.050003519758834e-01
1.539926526059493e+01 2.976672472347088e-01
1.584893192461114e+01 2.903413416354924e-01
1.631172909227839e+01 2.830253241672706e-01
1.678804018122561e+01 2.757219590308315e-01
1.727825980507864e+01 2.684340864314048e-01
1.778279410038923e+01 2.611646233083806e-01
1.830206106311056e+01 2.539165639947690e-01
1.883649089489800e+01 2.466929807984841e-01
1.938652635952207e+01 2.394970244968698e-01
1.995262314968879e+01 2.323319247351448e-01
2.053525026457145e+01 2.252009903186452e-01
2.113489039836645e+01 2.181076093878639e-01
2.175204034019521e+01 2.110552494643262e-01
2.238721138568341e+01 2.040474573542857e-01
2.304092976055847e+01 1.970878588960726e-01
2.371373705661657e+01 1.901801585356437e-01
2.440619068041982e+01 1.833281387135014e-01
2.511886431509581e+01 1.765356590445864e-01
2.585234839562191e+01 1.698066552710514e-01
2.660725059798810e+01 1.631451379659355e-01
2.738419634264361e+01 1.565551909636589e-01
2.818382931264454e+01 1.500409694909375e-01
2.900681198693153e+01 1.436066979691208e-01
2.985382618917959e+01 1.372566674560713e-01
3.072557365267446e+01 1.309952326924693e-01
3.162277660168378e+01 1.248268087138063e-01
3.254617834980457e+01 1.187558669852583e-01
3.349654391578274e+01 1.127869310120473e-01
3.447466065731496e+01 1.069245713727160e-01
3.548133892335757e+01 1.011734001168747e-01
3.651741272548379e+01 9.553806446229940e-02
3.758374042884444e+01 9.002323971866752e-02
3.868120546330523e+01 8.463362135649999e-02
3.981071705534973e+01 7.937391612989592e-02
4.097321098135416e+01 7.424883215012400e-02
4.216965034285823e+01 6.926306779380857e-02
4.340102636447438e+01 6.442129931395879e-02
4.466835921509630e+01 5.972816700400840e-02
4.597269885308721e+01 5.518825974382734e-02
4.731512589614803e+01 5.080609773166284e-02
4.869675251658629e+01 4.658611317633801e-02
5.011872336272720e+01 4.253262868871273e-02
5.158221650723053e+01 3.864983306904999e-02
5.308844442309888e+01 3.494175413579162e-02
5.463865498818546e+01 3.141222817908475e-02
5.623413251903494e+01 2.806486554626133e-02
5.787619883491209e+01 2.490301177247930e-02
5.956621435290106e+01 2.192970355266114e-02
6.130557921498209e+01 1.914761870370076e-02
6.309573444801934e+01 1.655901907900949e-02
6.493816315762113e+01 1.416568515747164e-02
6.683439175686146e+01 1.196884071695000e-02
6.878599123088075e+01 9.969065591650325e-03
7.079457843841378e+01 8.166193963607241e-03
7.286181745132275e+01 6.559194892831692e-03
7.498942093324554e+01 5.146030759396171e-03
7.717915155850119e+01 3.923487835506966e-03
7.943282347242810e+01 2.886971104745728e-03
8.175230379436506e+01 2.030252332884254e-03
8.413951416451957e+01 1.345155642684453e-03
8.659643233600659e+01 8.211573340117807e-04
8.912509381337459e+01 4.448643214587654e-04
9.172759353897798e+01 1.993141656000599e-04
9.440608762859236e+01 6.300036641550796e-05
9.716279515771063e+01 8.448695845271900e-06
1.000000000000000e+02 0.000000000000000e+00
