# alpha = 1.5
# Lmin  = 0.01
# Lmax  = 10
# tau   = 1
# V1    = 0.1
# V2    = 1
# c     = 1
# u_min_requested = 0.0001
# u_max_requested = 10000000
# u_max_used      = 10
# u_physical_max  = 10
# points_per_decade = 160
# DeltaFss = 4.569625962723699e-01
# columns: u=t/tau, R(u)
1.000000000000000e-04 9.998605262519550e-01
1.014495208068736e-04 9.998585055036729e-01
1.029200527194428e-04 9.998564554920487e-01
1.044119002980564e-04 9.998543757937171e-01
1.059253725177289e-04 9.998522659792000e-01
1.074607828321318e-04 9.998501256128172e-01
1.090184492385128e-04 9.998479542526001e-01
1.105986943435560e-04 9.998457514501979e-01
1.122018454301963e-04 9.998435167507884e-01
1.138282345254032e-04 9.998412496929842e-01
1.154781984689458e-04 9.998389498087369e-01
1.171520789831560e-04 9.998366166232446e-01
1.188502227437018e-04 9.998342496548517e-01
1.205729814513874e-04 9.998318484149515e-01
1.223207119049932e-04 9.998294124078879e-01
1.240937760751720e-04 9.998269411308510e-01
1.258925411794167e-04 9.998244340737773e-01
1.277173797581143e-04 9.998218907192445e-01
1.295686697517020e-04 9.998193105423644e-01
1.314467945789422e-04 9.998166930106777e-01
1.333521432163324e-04 9.998140375840461e-01
1.352851102786650e-04 9.998113437145377e-01
1.372460961007562e-04 9.998086108463200e-01
1.392355068203584e-04 9.998058384155453e-01
1.412537544622754e-04 9.998030258502324e-01
1.433012570236963e-04 9.998001725701555e-01
1.453784385607662e-04 9.997972779867215e-01
1.474857292764125e-04 9.997943415028512e-01
1.496235656094434e-04 9.997913625128596e-01
1.517923903249384e-04 9.997883404023291e-01
1.539926526059492e-04 9.997852745479879e-01
1.562248081465291e-04 9.997821643175800e-01
1.584893192461114e-04 9.997790090697393e-01
1.607866549052561e-04 9.997758081538558e-01
1.631172909227839e-04 9.997725609099475e-01
1.654817099943181e-04 9.997692666685213e-01
1.678804018122560e-04 9.997659247504415e-01
1.703138631671877e-04 9.997625344667885e-01
1.727825980507864e-04 9.997590951187196e-01
1.752871177601893e-04 9.997556059973289e-01
1.778279410038923e-04 9.997520663834998e-01
1.804055940091786e-04 9.997484755477619e-01
1.830206106311056e-04 9.997448327501419e-01
1.856735324630706e-04 9.997411372400130e-01
1.883649089489801e-04 9.997373882559437e-01
1.910952974970441e-04 9.997335850255422e-01
1.938652635952208e-04 9.997297267653006e-01
1.966753809283338e-04 9.997258126804360e-01
1.995262314968880e-04 9.997218419647289e-01
2.024184057376062e-04 9.997178138003605e-01
2.053525026457146e-04 9.997137273577471e-01
2.083291298989999e-04 9.997095817953705e-01
2.113489039836647e-04 9.997053762596122e-01
2.144124503220073e-04 9.997011098845748e-01
2.175204034019523e-04 9.996967817919111e-01
2.206734069084590e-04 9.996923910906448e-01
2.238721138568340e-04 9.996879368769913e-01
2.271171867279765e-04 9.996834182341753e-01
2.304092976055845e-04 9.996788342322441e-01
2.337491283153488e-04 9.996741839278811e-01
2.371373705661655e-04 9.996694663642154e-01
2.405747260933951e-04 9.996646805706295e-01
2.440619068041980e-04 9.996598255625619e-01
2.475996349249774e-04 9.996549003413100e-01
2.511886431509580e-04 9.996499038938287e-01
2.548296747979347e-04 9.996448351925257e-01
2.585234839562191e-04 9.996396931950560e-01
2.622708356468190e-04 9.996344768441106e-01
2.660725059798810e-04 9.996291850672057e-01
2.699292823154294e-04 9.996238167764646e-01
2.738419634264361e-04 9.996183708684022e-01
2.778113596642536e-04 9.996128462237013e-01
2.818382931264454e-04 9.996072417069878e-01
2.859235978270507e-04 9.996015561666042e-01
2.900681198693154e-04 9.995957884343768e-01
2.942727176209282e-04 9.995899373253854e-01
2.985382618917959e-04 9.995840016377193e-01
3.028656361143964e-04 9.995779801522435e-01
3.072557365267447e-04 9.995718716323500e-01
3.117094723580126e-04 9.995656748237125e-01
3.162277660168380e-04 9.995593884540359e-01
3.208115532823636e-04 9.995530112327997e-01
3.254617834980459e-04 9.995465418510030e-01
3.301794197682720e-04 9.995399789809020e-01
3.349654391578277e-04 9.995333212757435e-01
3.398208328942560e-04 9.995265673695002e-01
3.447466065731494e-04 9.995197158765947e-01
3.497437803664179e-04 9.995127653916246e-01
3.548133892335755e-04 9.995057144890853e-01
3.599564831360897e-04 9.994985617230816e-01
3.651741272548378e-04 9.994913056270434e-01
3.704674022107157e-04 9.994839447134353e-01
3.758374042884442e-04 9.994764774734586e-01
3.812852456636189e-04 9.994689023767528e-01
3.868120546330521e-04 9.994612178710915e-01
3.924189758484536e-04 9.994534223820770e-01
3.981071705534972e-04 9.994455143128264e-01
4.038778168243260e-04 9.994374920436550e-01
4.097321098135416e-04 9.994293539317590e-01
4.156712619977310e-04 9.994210983108863e-01
4.216965034285822e-04 9.994127234910122e-01
4.278090819876381e-04 9.994042277580022e-01
4.340102636447439e-04 9.993956093732759e-01
4.403013327202414e-04 9.993868665734628e-01
4.466835921509632e-04 9.993779975700573e-01
4.531583637600818e-04 9.993690005490639e-01
4.597269885308722e-04 9.993598736706431e-01
4.663908268844407e-04 9.993506150687484e-01
4.731512589614806e-04 9.993412228507614e-01
4.800096849081117e-04 9.993316950971173e-01
4.869675251658632e-04 9.993220298609328e-01
4.940262207658599e-04 9.993122251676232e-01
5.011872336272724e-04 9.993022790145141e-01
5.084520468600938e-04 9.992921893704535e-01
5.158221650723056e-04 9.992819541754122e-01
5.232991146814946e-04 9.992715713400830e-01
5.308844442309883e-04 9.992610387454739e-01
5.385797247105719e-04 9.992503542424939e-01
5.463865498818542e-04 9.992395156515353e-01
5.543065366083506e-04 9.992285207620514e-01
5.623413251903491e-04 9.992173673321254e-01
5.704925797046320e-04 9.992060530880363e-01
5.787619883491207e-04 9.991945757238168e-01
5.871512637925165e-04 9.991829329008092e-01
5.956621435290105e-04 9.991711222472119e-01
6.042963902381329e-04 9.991591413576199e-01
6.130557921498207e-04 9.991469877925622e-01
6.219421634147763e-04 9.991346590780307e-01
6.309573444801933e-04 9.991221527050035e-01
6.401032024709309e-04 9.991094661289628e-01
6.493816315762113e-04 9.990965967694064e-01
6.587945534419239e-04 9.990835420093502e-01
6.683439175686147e-04 9.990702991948299e-01
6.780317017152461e-04 9.990568656343897e-01
6.878599123088077e-04 9.990432385985692e-01
6.978305848598665e-04 9.990294153193821e-01
7.079457843841381e-04 9.990153929897875e-01
7.182076058301708e-04 9.990011687631558e-01
7.286181745132276e-04 9.989867397527269e-01
7.391796465554595e-04 9.989721030310603e-01
7.498942093324557e-04 9.989572556294833e-01
7.607640819262701e-04 9.989421945375244e-01
7.717915155850124e-04 9.989269167023458e-01
7.829787941891023e-04 9.989114190281659e-01
7.943282347242814e-04 9.988956983756765e-01
8.058421877614818e-04 9.988797515614491e-01
8.175230379436500e-04 9.988635753573371e-01
8.293732044796284e-04 9.988471664898713e-01
8.413951416451951e-04 9.988305216396426e-01
8.535913392913658e-04 9.988136374406836e-01
8.659643233600655e-04 9.987965104798370e-01
8.785166564072718e-04 9.987791372961200e-01
8.912509381337456e-04 9.987615143800789e-01
9.041698059234504e-04 9.987436381731376e-01
9.172759353897796e-04 9.987255050669342e-01
9.305720409296990e-04 9.987071114026548e-01
9.440608762859235e-04 9.986884534703545e-01
9.577452351172413e-04 9.986695275082746e-01
9.716279515771064e-04 9.986503297021464e-01
9.857119009006165e-04 9.986308561844915e-01
1.000000000000000e-03 9.986111030339103e-01
1.014495208068736e-03 9.985910662743640e-01
1.029200527194428e-03 9.985707418744475e-01
1.044119002980564e-03 9.985501257466515e-01
1.059253725177289e-03 9.985292137466214e-01
1.074607828321317e-03 9.985080016723997e-01
1.090184492385128e-03 9.984864852636678e-01
1.105986943435559e-03 9.984646602009709e-01
1.122018454301963e-03 9.984425221049429e-01
1.138282345254032e-03 9.984200665355112e-01
1.154781984689458e-03 9.983972889911027e-01
1.171520789831560e-03 9.983741849078357e-01
1.188502227437019e-03 9.983507496587021e-01
1.205729814513874e-03 9.983269785527420e-01
1.223207119049932e-03 9.983028668342090e-01
1.240937760751720e-03 9.982784096817243e-01
1.258925411794167e-03 9.982536022074250e-01
1.277173797581143e-03 9.982284394560964e-01
1.295686697517020e-03 9.982029164043036e-01
1.314467945789422e-03 9.981770279595045e-01
1.333521432163324e-03 9.981507689591606e-01
1.352851102786651e-03 9.981241341698318e-01
1.372460961007562e-03 9.980971182862683e-01
1.392355068203584e-03 9.980697159304844e-01
1.412537544622754e-03 9.980419216508311e-01
1.433012570236963e-03 9.980137299210514e-01
1.453784385607662e-03 9.979851351393318e-01
1.474857292764125e-03 9.979561316273381e-01
1.496235656094433e-03 9.979267136292469e-01
1.517923903249384e-03 9.978968753107630e-01
1.539926526059492e-03 9.978666107581278e-01
1.562248081465290e-03 9.978359139771191e-01
1.584893192461113e-03 9.978047788920393e-01
1.607866549052560e-03 9.977731993446940e-01
1.631172909227838e-03 9.977411690933600e-01
1.654817099943182e-03 9.977086818117448e-01
1.678804018122560e-03 9.976757310879341e-01
1.703138631671877e-03 9.976423104233306e-01
1.727825980507863e-03 9.976084132315824e-01
1.752871177601893e-03 9.975740328375000e-01
1.778279410038923e-03 9.975391624759663e-01
1.804055940091786e-03 9.975037952908336e-01
1.830206106311056e-03 9.974679243338102e-01
1.856735324630706e-03 9.974315425633429e-01
1.883649089489801e-03 9.973946428434809e-01
1.910952974970440e-03 9.973572179427367e-01
1.938652635952208e-03 9.973192605329341e-01
1.966753809283338e-03 9.972807631880463e-01
1.995262314968880e-03 9.972417183830270e-01
2.024184057376061e-03 9.972021184926277e-01
2.053525026457146e-03 9.971619557902095e-01
2.083291298989999e-03 9.971212224465430e-01
2.113489039836648e-03 9.970799105285998e-01
2.144124503220072e-03 9.970380119983347e-01
2.175204034019523e-03 9.969955187114582e-01
2.206734069084590e-03 9.969524224162006e-01
2.238721138568340e-03 9.969087147520672e-01
2.271171867279765e-03 9.968643872485853e-01
2.304092976055846e-03 9.968194313240413e-01
2.337491283153488e-03 9.967738382842100e-01
2.371373705661656e-03 9.967275993210769e-01
2.405747260933951e-03 9.966807055115505e-01
2.440619068041981e-03 9.966331478161676e-01
2.475996349249774e-03 9.965849170777927e-01
2.511886431509581e-03 9.965360040203056e-01
2.548296747979347e-03 9.964863992472873e-01
2.585234839562190e-03 9.964360932406965e-01
2.622708356468191e-03 9.963850763595360e-01
2.660725059798809e-03 9.963333388385204e-01
2.699292823154294e-03 9.962808707867307e-01
2.738419634264361e-03 9.962276621862675e-01
2.778113596642536e-03 9.961737028908977e-01
2.818382931264453e-03 9.961189826246927e-01
2.859235978270507e-03 9.960634909806700e-01
2.900681198693153e-03 9.960072174194213e-01
2.942727176209282e-03 9.959501512677433e-01
2.985382618917959e-03 9.958922817172625e-01
3.028656361143964e-03 9.958335978230580e-01
3.072557365267447e-03 9.957740885022782e-01
3.117094723580127e-03 9.957137425327632e-01
3.162277660168379e-03 9.956525485516570e-01
3.208115532823636e-03 9.955904950540244e-01
3.254617834980458e-03 9.955275703914666e-01
3.301794197682721e-03 9.954637627707346e-01
3.349654391578277e-03 9.953990602523467e-01
3.398208328942560e-03 9.953334507492052e-01
3.447466065731494e-03 9.952669220252162e-01
3.497437803664180e-03 9.951994616939122e-01
3.548133892335755e-03 9.951310572170796e-01
3.599564831360897e-03 9.950616959033868e-01
3.651741272548378e-03 9.949913649070224e-01
3.704674022107156e-03 9.949200512263366e-01
3.758374042884442e-03 9.948477417024900e-01
3.812852456636188e-03 9.947744230181103e-01
3.868120546330522e-03 9.947000816959585e-01
3.924189758484535e-03 9.946247040976046e-01
3.981071705534973e-03 9.945482764221136e-01
4.038778168243259e-03 9.944707847047449e-01
4.097321098135416e-03 9.943922148156633e-01
4.156712619977310e-03 9.943125524586643e-01
4.216965034285824e-03 9.942317831699174e-01
4.278090819876379e-03 9.941498923167229e-01
4.340102636447439e-03 9.940668650962902e-01
4.403013327202414e-03 9.939826865345301e-01
4.466835921509632e-03 9.938973414848769e-01
4.531583637600817e-03 9.938108146271232e-01
4.597269885308723e-03 9.937230904662874e-01
4.663908268844406e-03 9.936341533314996e-01
4.731512589614806e-03 9.935439873749197e-01
4.800096849081116e-03 9.934525765706839e-01
4.869675251658633e-03 9.933599047138781e-01
4.940262207658598e-03 9.932659554195528e-01
5.011872336272725e-03 9.931707121217608e-01
5.084520468600939e-03 9.930741580726433e-01
5.158221650723059e-03 9.929762763415473e-01
5.232991146814947e-03 9.928770498141878e-01
5.308844442309882e-03 9.927764611918519e-01
5.385797247105719e-03 9.926744929906498e-01
5.463865498818541e-03 9.925711275408136e-01
5.543065366083506e-03 9.924663469860467e-01
5.623413251903489e-03 9.923601332829282e-01
5.704925797046321e-03 9.922524682003708e-01
5.787619883491205e-03 9.921433333191404e-01
5.871512637925166e-03 9.920327100314386e-01
5.956621435290104e-03 9.919205795405475e-01
6.042963902381329e-03 9.918069228605455e-01
6.130557921498207e-03 9.916917208160937e-01
6.219421634147763e-03 9.915749540422970e-01
6.309573444801932e-03 9.914566029846485e-01
6.401032024709309e-03 9.913366478990505e-01
6.493816315762112e-03 9.912150688519256e-01
6.587945534419239e-03 9.910918457204171e-01
6.683439175686146e-03 9.909669581926858e-01
6.780317017152460e-03 9.908403857683039e-01
6.878599123088075e-03 9.907121077587548e-01
6.978305848598666e-03 9.905821032880368e-01
7.079457843841380e-03 9.904503512933854e-01
7.182076058301708e-03 9.903168305261099e-01
7.286181745132277e-03 9.901815195525541e-01
7.391796465554599e-03 9.900443967551875e-01
7.498942093324559e-03 9.899054403338264e-01
7.607640819262699e-03 9.897646283070022e-01
7.717915155850125e-03 9.896219385134666e-01
7.829787941891021e-03 9.894773486138585e-01
7.943282347242816e-03 9.893308360925228e-01
8.058421877614817e-03 9.891823782594988e-01
8.175230379436502e-03 9.890319522526789e-01
8.293732044796283e-03 9.888795350401481e-01
8.413951416451952e-03 9.887251034227118e-01
8.535913392913657e-03 9.885686340366158e-01
8.659643233600654e-03 9.884101033564727e-01
8.785166564072716e-03 9.882494876983985e-01
8.912509381337457e-03 9.880867632233679e-01
9.041698059234504e-03 9.879219059408025e-01
9.172759353897797e-03 9.877548917123941e-01
9.305720409296989e-03 9.875856962561781e-01
9.440608762859237e-03 9.874142951508653e-01
9.577452351172413e-03 9.872406638404423e-01
9.716279515771064e-03 9.870647776390516e-01
9.857119009006161e-03 9.868866117361625e-01
1.000000000000000e-02 9.867061412020444e-01
1.014495208068736e-02 9.865233404851083e-01
1.029200527194428e-02 9.863381818250825e-01
1.044119002980564e-02 9.861506366623544e-01
1.059253725177289e-02 9.859606761273098e-01
1.074607828321318e-02 9.857682710376623e-01
1.090184492385127e-02 9.855733918957726e-01
1.105986943435560e-02 9.853760088859592e-01
1.122018454301963e-02 9.851760918717977e-01
1.138282345254032e-02 9.849736103934179e-01
1.154781984689458e-02 9.847685336647860e-01
1.171520789831560e-02 9.845608305709859e-01
1.188502227437018e-02 9.843504696654863e-01
1.205729814513875e-02 9.841374191674063e-01
1.223207119049931e-02 9.839216469587743e-01
1.240937760751720e-02 9.837031205817743e-01
1.258925411794167e-02 9.834818072359968e-01
1.277173797581143e-02 9.832576737756734e-01
1.295686697517019e-02 9.830306867069154e-01
1.314467945789423e-02 9.828008121849418e-01
1.333521432163324e-02 9.825680160113063e-01
1.352851102786651e-02 9.823322636311196e-01
1.372460961007562e-02 9.820935201302685e-01
1.392355068203584e-02 9.818517502326316e-01
1.412537544622754e-02 9.816069182972934e-01
1.433012570236963e-02 9.813589883157569e-01
1.453784385607662e-02 9.811079239091542e-01
1.474857292764125e-02 9.808536883254562e-01
1.496235656094434e-02 9.805962444366814e-01
1.517923903249385e-02 9.803355547361077e-01
1.539926526059492e-02 9.800715813354816e-01
1.562248081465290e-02 9.798042859622302e-01
1.584893192461114e-02 9.795336299566760e-01
1.607866549052561e-02 9.792595742692525e-01
1.631172909227838e-02 9.789820794577235e-01
1.654817099943181e-02 9.787011056844086e-01
1.678804018122560e-02 9.784166127134074e-01
1.703138631671877e-02 9.781285599078356e-01
1.727825980507864e-02 9.778369062270624e-01
1.752871177601893e-02 9.775416102239537e-01
1.778279410038923e-02 9.772426300421265e-01
1.804055940091786e-02 9.769399234132077e-01
1.830206106311056e-02 9.766334476541029e-01
1.856735324630706e-02 9.763231596642731e-01
1.883649089489801e-02 9.760090159230227e-01
1.910952974970440e-02 9.756909724867994e-01
1.938652635952208e-02 9.753689849865016e-01
1.966753809283338e-02 9.750430086248045e-01
1.995262314968880e-02 9.747129981734923e-01
2.024184057376062e-02 9.743789079708116e-01
2.053525026457147e-02 9.740406919188338e-01
2.083291298989999e-02 9.736983034808372e-01
2.113489039836648e-02 9.733516956787044e-01
2.144124503220073e-02 9.730008210903381e-01
2.175204034019523e-02 9.726456318470937e-01
2.206734069084590e-02 9.722860796312349e-01
2.238721138568339e-02 9.719221156734068e-01
2.271171867279766e-02 9.715536907501312e-01
2.304092976055845e-02 9.711807551813260e-01
2.337491283153489e-02 9.708032588278469e-01
2.371373705661655e-02 9.704211510890544e-01
2.405747260933951e-02 9.700343809004049e-01
2.440619068041980e-02 9.696428967310732e-01
2.475996349249774e-02 9.692466465815963e-01
2.511886431509580e-02 9.688455779815538e-01
2.548296747979347e-02 9.684396379872713e-01
2.585234839562190e-02 9.680287731795609e-01
2.622708356468191e-02 9.676129296614929e-01
2.660725059798810e-02 9.671920530561993e-01
2.699292823154294e-02 9.667660885047162e-01
2.738419634264361e-02 9.663349806638584e-01
2.778113596642536e-02 9.658986737041364e-01
2.818382931264454e-02 9.654571113077087e-01
2.859235978270507e-02 9.650102366663770e-01
2.900681198693154e-02 9.645579924796223e-01
2.942727176209282e-02 9.641003209526832e-01
2.985382618917960e-02 9.636371637946829e-01
3.028656361143965e-02 9.631684622167961e-01
3.072557365267447e-02 9.626941569304691e-01
3.117094723580127e-02 9.622141881456859e-01
3.162277660168380e-02 9.617284955692863e-01
3.208115532823635e-02 9.612370184033350e-01
3.254617834980457e-02 9.607396953435452e-01
3.301794197682721e-02 9.602364645777586e-01
3.349654391578277e-02 9.597272637844799e-01
3.398208328942558e-02 9.592120301314710e-01
3.447466065731492e-02 9.586907002744079e-01
3.497437803664181e-02 9.581632103555950e-01
3.548133892335755e-02 9.576294960027472e-01
3.599564831360895e-02 9.570894923278346e-01
3.651741272548376e-02 9.565431339259983e-01
3.704674022107159e-02 9.559903548745299e-01
3.758374042884443e-02 9.554310887319257e-01
3.812852456636188e-02 9.548652685370165e-01
3.868120546330520e-02 9.542928268081621e-01
3.924189758484538e-02 9.537136955425352e-01
3.981071705534973e-02 9.531278062154742e-01
4.038778168243260e-02 9.525350897799212e-01
4.097321098135413e-02 9.519354766659424e-01
4.156712619977313e-02 9.513288967803297e-01
4.216965034285824e-02 9.507152795062960e-01
4.278090819876380e-02 9.500945537032512e-01
4.340102636447437e-02 9.494666477066760e-01
4.403013327202417e-02 9.488314893280840e-01
4.466835921509633e-02 9.481890058550826e-01
4.531583637600818e-02 9.475391240515301e-01
4.597269885308721e-02 9.468817701577915e-01
4.663908268844404e-02 9.462168698910994e-01
4.731512589614807e-02 9.455443484460156e-01
4.800096849081116e-02 9.448641304950028e-01
4.869675251658630e-02 9.441761401891055e-01
4.940262207658595e-02 9.434803011587376e-01
5.011872336272725e-02 9.427765365145909e-01
5.084520468600939e-02 9.420647688486561e-01
5.158221650723056e-02 9.413449202353614e-01
5.232991146814944e-02 9.406169122328385e-01
5.308844442309886e-02 9.398806658843044e-01
5.385797247105719e-02 9.391361017195805e-01
5.463865498818541e-02 9.383831397567278e-01
5.543065366083503e-02 9.376216995038271e-01
5.623413251903494e-02 9.368516999608846e-01
5.704925797046322e-02 9.360730596218789e-01
5.787619883491206e-02 9.352856964769484e-01
5.871512637925164e-02 9.344895280147194e-01
5.956621435290108e-02 9.336844712247810e-01
6.042963902381330e-02 9.328704426003092e-01
6.130557921498207e-02 9.320473581408401e-01
6.219421634147761e-02 9.312151333552017e-01
6.309573444801937e-02 9.303736832645951e-01
6.401032024709311e-02 9.295229224058471e-01
6.493816315762115e-02 9.286627648348138e-01
6.587945534419237e-02 9.277931241299585e-01
6.683439175686143e-02 9.269139133960966e-01
6.780317017152462e-02 9.260250452683105e-01
6.878599123088078e-02 9.251264319160435e-01
6.978305848598662e-02 9.242179850473676e-01
7.079457843841375e-02 9.232996159134370e-01
7.182076058301709e-02 9.223712353131244e-01
7.286181745132278e-02 9.214327535978438e-01
7.391796465554595e-02 9.204840806765678e-01
7.498942093324555e-02 9.195251260210358e-01
7.607640819262705e-02 9.185557986711609e-01
7.717915155850126e-02 9.175760072406393e-01
7.829787941891023e-02 9.165856599227621e-01
7.943282347242812e-02 9.155846644964329e-01
8.058421877614823e-02 9.145729283324019e-01
8.175230379436502e-02 9.135503583997074e-01
8.293732044796284e-02 9.125168612723394e-01
8.413951416451948e-02 9.114723431361241e-01
8.535913392913663e-02 9.104167097958290e-01
8.659643233600656e-02 9.093498666825016e-01
8.785166564072718e-02 9.082717188610341e-01
8.912509381337452e-02 9.071821710379659e-01
9.041698059234511e-02 9.060811275695257e-01
9.172759353897800e-02 9.049684924699104e-01
9.305720409296991e-02 9.038441694198159e-01
9.440608762859232e-02 9.027080617752096e-01
9.577452351172407e-02 9.015600725763639e-01
9.716279515771066e-02 9.004001045571377e-01
9.857119009006163e-02 8.992280601545214e-01
9.999999999999998e-02 8.980438415184452e-01
1.014495208068736e-01 8.968473505218544e-01
1.029200527194429e-01 8.956384887710519e-01
1.044119002980564e-01 8.944171576163185e-01
1.059253725177289e-01 8.931832581628076e-01
1.074607828321317e-01 8.919366912817258e-01
1.090184492385128e-01 8.906773576217893e-01
1.105986943435560e-01 8.894051576209803e-01
1.122018454301963e-01 8.881199915185845e-01
1.138282345254032e-01 8.868217593675315e-01
1.154781984689459e-01 8.855103610470306e-01
1.171520789831560e-01 8.841856962755116e-01
1.188502227437018e-01 8.828476646238675e-01
1.205729814513874e-01 8.814961655290127e-01
1.223207119049932e-01 8.801310983077510e-01
1.240937760751720e-01 8.787523621709622e-01
1.258925411794167e-01 8.773598562381051e-01
1.277173797581143e-01 8.759534795520516e-01
1.295686697517020e-01 8.745331310942415e-01
1.314467945789423e-01 8.730987098001712e-01
1.333521432163324e-01 8.716501145752164e-01
1.352851102786650e-01 8.701872443107926e-01
1.372460961007561e-01 8.687099979008560e-01
1.392355068203585e-01 8.672182742587492e-01
1.412537544622754e-01 8.657119723343946e-01
1.433012570236963e-01 8.641909911318402e-01
1.453784385607661e-01 8.626552297271568e-01
1.474857292764125e-01 8.611045872866965e-01
1.496235656094434e-01 8.595389630857092e-01
1.517923903249384e-01 8.579582565273243e-01
1.539926526059491e-01 8.563623671618974e-01
1.562248081465291e-01 8.547511947067323e-01
1.584893192461114e-01 8.531246390661702e-01
1.607866549052561e-01 8.514826003520577e-01
1.631172909227838e-01 8.498249789045940e-01
1.654817099943182e-01 8.481516753135613e-01
1.678804018122561e-01 8.464625904399352e-01
1.703138631671877e-01 8.447576254378888e-01
1.727825980507863e-01 8.430366817771818e-01
1.752871177601894e-01 8.412996612659455e-01
1.778279410038923e-01 8.395464660738621e-01
1.804055940091786e-01 8.377769987557409e-01
1.830206106311056e-01 8.359911622754982e-01
1.856735324630708e-01 8.341888600305357e-01
1.883649089489801e-01 8.323699958765263e-01
1.910952974970440e-01 8.305344741526054e-01
1.938652635952207e-01 8.286821997069753e-01
1.966753809283337e-01 8.268130779229161e-01
1.995262314968880e-01 8.249270147452126e-01
2.024184057376062e-01 8.230239167069957e-01
2.053525026457146e-01 8.211036909570021e-01
2.083291298989998e-01 8.191662452872507e-01
2.113489039836648e-01 8.172114881611402e-01
2.144124503220073e-01 8.152393287419697e-01
2.175204034019522e-01 8.132496769218809e-01
2.206734069084589e-01 8.112424433512245e-01
2.238721138568341e-01 8.092175394683563e-01
2.271171867279766e-01 8.071748775298543e-01
2.304092976055845e-01 8.051143706411692e-01
2.337491283153488e-01 8.030359327877004e-01
2.371373705661657e-01 8.009394788663029e-01
2.405747260933951e-01 7.988249247172255e-01
2.440619068041980e-01 7.966921871564782e-01
2.475996349249773e-01 7.945411840086306e-01
2.511886431509582e-01 7.923718341400454e-01
2.548296747979348e-01 7.901840574925412e-01
2.585234839562191e-01 7.879777751174873e-01
2.622708356468190e-01 7.857529092103315e-01
2.660725059798811e-01 7.835093831455594e-01
2.699292823154295e-01 7.812471215120877e-01
2.738419634264361e-01 7.789660501490840e-01
2.778113596642535e-01 7.766660961822215e-01
2.818382931264452e-01 7.743471880603628e-01
2.859235978270508e-01 7.720092555926730e-01
2.900681198693154e-01 7.696522299861606e-01
2.942727176209281e-01 7.672760438836470e-01
2.985382618917958e-01 7.648806314021606e-01
3.028656361143965e-01 7.624659281717585e-01
3.072557365267447e-01 7.600318713747708e-01
3.117094723580126e-01 7.575783997854636e-01
3.162277660168378e-01 7.551054538101269e-01
3.208115532823638e-01 7.526129755275798e-01
3.254617834980459e-01 7.501009087300896e-01
3.301794197682720e-01 7.475691989647083e-01
3.349654391578275e-01 7.450177935750180e-01
3.398208328942561e-01 7.424466417432899e-01
3.447466065731494e-01 7.398556945330466e-01
3.497437803664178e-01 7.372449049320308e-01
3.548133892335753e-01 7.346142278955746e-01
3.599564831360898e-01 7.319636203903688e-01
3.651741272548378e-01 7.292930414386261e-01
3.704674022107157e-01 7.266024521626372e-01
3.758374042884440e-01 7.238918158297141e-01
3.812852456636191e-01 7.211610978975243e-01
3.868120546330523e-01 7.184102660597980e-01
3.924189758484536e-01 7.156392902924206e-01
3.981071705534971e-01 7.128481428998952e-01
4.038778168243258e-01 7.100367985621748e-01
4.097321098135417e-01 7.072052343818631e-01
4.156712619977310e-01 7.043534299317737e-01
4.216965034285822e-01 7.014813673028452e-01
4.278090819876378e-01 6.985890311524117e-01
4.340102636447440e-01 6.956764087528181e-01
4.403013327202415e-01 6.927434900403782e-01
4.466835921509631e-01 6.897902676646699e-01
4.531583637600816e-01 6.868167370381639e-01
4.597269885308724e-01 6.838228963861763e-01
4.663908268844407e-01 6.808087467971471e-01
4.731512589614804e-01 6.777742922732292e-01
4.800096849081114e-01 6.747195397811906e-01
4.869675251658634e-01 6.716444993036216e-01
4.940262207658599e-01 6.685491838904372e-01
5.011872336272722e-01 6.654336097106738e-01
5.084520468600937e-01 6.622977961045713e-01
5.158221650723059e-01 6.591417656359341e-01
5.232991146814949e-01 6.559655441447677e-01
5.308844442309884e-01 6.527691608001754e-01
5.385797247105717e-01 6.495526481535239e-01
5.463865498818545e-01 6.463160421918516e-01
5.543065366083507e-01 6.430593823915319e-01
5.623413251903492e-01 6.397827117721673e-01
5.704925797046319e-01 6.364860769507199e-01
5.787619883491203e-01 6.331695281958634e-01
5.871512637925168e-01 6.298331194825521e-01
5.956621435290106e-01 6.264769085467984e-01
6.042963902381328e-01 6.231009569406505e-01
6.130557921498204e-01 6.197053300873635e-01
6.219421634147765e-01 6.162900973367559e-01
6.309573444801934e-01 6.128553320207404e-01
6.401032024709307e-01 6.094011115090253e-01
6.493816315762111e-01 6.059275172649725e-01
6.587945534419242e-01 6.024346349016096e-01
6.683439175686147e-01 5.989225542377825e-01
6.780317017152458e-01 5.953913693544377e-01
6.878599123088073e-01 5.918411786510346e-01
6.978305848598667e-01 5.882720849020668e-01
7.079457843841381e-01 5.846841953136929e-01
7.182076058301706e-01 5.810776215804556e-01
7.286181745132274e-01 5.774524799420950e-01
7.391796465554601e-01 5.738088912404281e-01
7.498942093324561e-01 5.701469809763016e-01
7.607640819262701e-01 5.664668793665910e-01
7.717915155850122e-01 5.627687214012498e-01
7.829787941891029e-01 5.590526469003870e-01
7.943282347242817e-01 5.553188005713698e-01
8.058421877614819e-01 5.515673320659323e-01
8.175230379436499e-01 5.477983960372856e-01
8.293732044796279e-01 5.440121521972128e-01
8.413951416451954e-01 5.402087653731394e-01
8.535913392913659e-01 5.363884055651640e-01
8.659643233600651e-01 5.325512480030370e-01
8.785166564072714e-01 5.286974732030769e-01
8.912509381337459e-01 5.248272670250080e-01
9.041698059234505e-01 5.209408207287048e-01
9.172759353897795e-01 5.170383310308311e-01
9.305720409296985e-01 5.131200001613579e-01
9.440608762859238e-01 5.091860359199460e-01
9.577452351172413e-01 5.052366517321777e-01
9.716279515771061e-01 5.012720667056171e-01
9.857119009006158e-01 4.972925056856918e-01
1.000000000000001e+00 4.932981993113696e-01
1.014495208068736e+00 4.892893840706202e-01
1.029200527194428e+00 4.852663023556354e-01
1.044119002980564e+00 4.812292025177998e-01
1.059253725177290e+00 4.771783389223828e-01
1.074607828321318e+00 4.731139720029390e-01
1.090184492385128e+00 4.690363683153919e-01
1.105986943435559e+00 4.649458005917813e-01
1.122018454301964e+00 4.608425477936542e-01
1.138282345254032e+00 4.567268951650731e-01
1.154781984689458e+00 4.525991342852193e-01
1.171520789831560e+00 4.484595631205680e-01
1.188502227437018e+00 4.443084860766070e-01
1.205729814513875e+00 4.401462140490765e-01
1.223207119049932e+00 4.359730644747000e-01
1.240937760751719e+00 4.317893613813746e-01
1.258925411794167e+00 4.275954354378012e-01
1.277173797581143e+00 4.233916240025122e-01
1.295686697517020e+00 4.191782711722754e-01
1.314467945789422e+00 4.149557278298299e-01
1.333521432163323e+00 4.107243516909313e-01
1.352851102786651e+00 4.064845073506618e-01
1.372460961007562e+00 4.022365663289740e-01
1.392355068203584e+00 3.979809071154207e-01
1.412537544622754e+00 3.937179152130438e-01
1.433012570236964e+00 3.894479831813680e-01
1.453784385607662e+00 3.851715106784641e-01
1.474857292764124e+00 3.808889045020292e-01
1.496235656094433e+00 3.766005786294435e-01
1.517923903249385e+00 3.723069542567502e-01
1.539926526059493e+00 3.680084598365089e-01
1.562248081465290e+00 3.637055311144657e-01
1.584893192461113e+00 3.593986111649896e-01
1.607866549052562e+00 3.550881504252126e-01
1.631172909227839e+00 3.507746067278164e-01
1.654817099943182e+00 3.464584453323971e-01
1.678804018122560e+00 3.421401389553488e-01
1.703138631671876e+00 3.378201677981926e-01
1.727825980507864e+00 3.334990195742814e-01
1.752871177601893e+00 3.291771895338060e-01
1.778279410038922e+00 3.248551804870201e-01
1.804055940091785e+00 3.205335028256118e-01
1.830206106311057e+00 3.162126745421267e-01
1.856735324630706e+00 3.118932212473636e-01
1.883649089489800e+00 3.075756761856390e-01
1.910952974970439e+00 3.032605802478368e-01
1.938652635952208e+00 2.989484819821311e-01
1.966753809283339e+00 2.946399376022873e-01
1.995262314968879e+00 2.903355109934181e-01
2.024184057376061e+00 2.860357737150970e-01
2.053525026457147e+00 2.817413050016927e-01
2.083291298990000e+00 2.774526917598130e-01
2.113489039836646e+00 2.731705285627163e-01
2.144124503220072e+00 2.688954176415616e-01
2.175204034019524e+00 2.646279688733527e-01
2.206734069084590e+00 2.603687997654255e-01
2.238721138568340e+00 2.561185354363220e-01
2.271171867279765e+00 2.518778085928918e-01
2.304092976055847e+00 2.476472595034463e-01
2.337491283153490e+00 2.434275359667920e-01
2.371373705661656e+00 2.392192932769484e-01
2.405747260933950e+00 2.350231941833653e-01
2.440619068041979e+00 2.308399088464268e-01
2.475996349249774e+00 2.266701147880328e-01
2.511886431509580e+00 2.225144968370338e-01
2.548296747979346e+00 2.183737470692799e-01
2.585234839562189e+00 2.142485647420456e-01
2.622708356468192e+00 2.101396562225664e-01
2.660725059798810e+00 2.060477349104231e-01
2.699292823154293e+00 2.019735211534842e-01
2.738419634264360e+00 1.979177421571167e-01
2.778113596642537e+00 1.938811318863506e-01
2.818382931264454e+00 1.898644309606708e-01
2.859235978270506e+00 1.858683865410926e-01
2.900681198693153e+00 1.818937522091651e-01
2.942727176209284e+00 1.779412878375200e-01
2.985382618917960e+00 1.740117594515721e-01
3.028656361143963e+00 1.701059390819493e-01
3.072557365267446e+00 1.662246046072197e-01
3.117094723580128e+00 1.623685395864484e-01
3.162277660168380e+00 1.585385330811014e-01
3.208115532823636e+00 1.547353794657804e-01
3.254617834980458e+00 1.509598782272551e-01
3.301794197682722e+00 1.472128337512202e-01
3.349654391578278e+00 1.434950550961810e-01
3.398208328942560e+00 1.398073557538311e-01
3.447466065731493e+00 1.361505533952598e-01
3.497437803664177e+00 1.325254696022821e-01
3.548133892335756e+00 1.289329295831461e-01
3.599564831360896e+00 1.253737618718319e-01
3.651741272548376e+00 1.218487980101065e-01
3.704674022107155e+00 1.183588722114553e-01
3.758374042884443e+00 1.149048210059543e-01
3.812852456636189e+00 1.114874828650941e-01
3.868120546330521e+00 1.081076978055008e-01
3.924189758484534e+00 1.047663069704438e-01
3.981071705534974e+00 1.014641521879421e-01
4.038778168243261e+00 9.820207550421012e-02
4.097321098135414e+00 9.498091869110062e-02
4.156712619977308e+00 9.180152272612008e-02
4.216965034285825e+00 8.866472724349198e-02
4.278090819876382e+00 8.557136995464637e-02
4.340102636447439e+00 8.252228603639873e-02
4.403013327202413e+00 7.951830748496981e-02
4.466835921509634e+00 7.656026243386020e-02
4.531583637600820e+00 7.364897443345866e-02
4.597269885308722e+00 7.078526169010496e-02
4.663908268844405e+00 6.796993626216770e-02
4.731512589614808e+00 6.520380321050825e-02
4.800096849081117e+00 6.248765970050962e-02
4.869675251658632e+00 5.982229405262335e-02
4.940262207658597e+00 5.720848473815861e-02
5.011872336272720e+00 5.464699931676654e-02
5.084520468600941e+00 5.213859331178849e-02
5.158221650723058e+00 4.968400901932106e-02
5.232991146814945e+00 4.728397424649219e-02
5.308844442309881e+00 4.493920097406581e-02
5.385797247105721e+00 4.265038393805241e-02
5.463865498818543e+00 4.041819912453196e-02
5.543065366083504e+00 3.824330217135982e-02
5.623413251903489e+00 3.612632666983951e-02
5.704925797046323e+00 3.406788235877923e-02
5.787619883491208e+00 3.206855320261075e-02
5.871512637925165e+00 3.012889534441417e-02
5.956621435290103e+00 2.824943492375903e-02
6.042963902381331e+00 2.643066574820948e-02
6.130557921498209e+00 2.467304680614758e-02
6.219421634147762e+00 2.297699960720671e-02
6.309573444801930e+00 2.134290533506293e-02
6.401032024709313e+00 1.977110179556120e-02
6.493816315762116e+00 1.826188014113137e-02
6.587945534419238e+00 1.681548135011561e-02
6.683439175686145e+00 1.543209243694722e-02
6.780317017152464e+00 1.411184236600198e-02
6.878599123088079e+00 1.285479763832497e-02
6.978305848598664e+00 1.166095751620364e-02
7.079457843841377e+00 1.053024884559878e-02
7.182076058301701e+00 9.462520430591564e-03
7.286181745132280e+00 8.457536907077009e-03
7.391796465554597e+00 7.514972054681172e-03
7.498942093324557e+00 6.634401475992916e-03
7.607640819262698e+00 5.815294560296526e-03
7.717915155850127e+00 5.057005634548883e-03
7.829787941891025e+00 4.358764186721564e-03
7.943282347242814e+00 3.719664024951789e-03
8.058421877614816e+00 3.138651209087414e-03
8.175230379436504e+00 2.614510557637959e-03
8.293732044796286e+00 2.145850490805539e-03
8.413951416451949e+00 1.731085916342096e-03
8.535913392913654e+00 1.368418795556836e-03
8.659643233600658e+00 1.055815936373511e-03
8.785166564072719e+00 7.909834410477527e-04
8.912509381337454e+00 5.713370765499537e-04
9.041698059234500e+00 3.939676187293895e-04
9.172759353897801e+00 2.555999214866042e-04
9.305720409296994e+00 1.525440394238895e-04
9.440608762859233e+00 8.063612331004608e-05
9.577452351172408e+00 3.516590796237122e-05
9.716279515771067e+00 1.078624478941933e-05
9.857119009006166e+00 1.397983449289696e-06
1.000000000000000e+01 0.000000000000000e+00
