# alpha = 1.5
# Lmin  = 0.01
# Lmax  = 10000
# tau   = 1
# V1    = 0.1
# V2    = 1
# c     = 1
# u_min_requested = 0.0001
# u_max_requested = 10000000
# u_max_used      = 10000
# u_physical_max  = 10000
# points_per_decade = 80
# DeltaFss = 2.262946588108525e+01
# columns: u=t/tau, R(u)
1.000000000000000e-04 9.999964917414250e-01
1.029200527194428e-04 9.999963893367262e-01
1.059253725177289e-04 9.999962839440263e-01
1.090184492385128e-04 9.999961754762086e-01
1.122018454301963e-04 9.999960638436199e-01
1.154781984689458e-04 9.999959489539990e-01
1.188502227437018e-04 9.999958307123987e-01
1.223207119049932e-04 9.999957090211083e-01
1.258925411794167e-04 9.999955837795748e-01
1.295686697517020e-04 9.999954548843193e-01
1.333521432163324e-04 9.999953222288530e-01
1.372460961007562e-04 9.999951857035876e-01
1.412537544622754e-04 9.999950451957503e-01
1.453784385607662e-04 9.999949005892868e-01
1.496235656094434e-04 9.999947517647687e-01
1.539926526059492e-04 9.999945985992943e-01
1.584893192461114e-04 9.999944409663906e-01
1.631172909227838e-04 9.999942787359074e-01
1.678804018122560e-04 9.999941117739130e-01
1.727825980507863e-04 9.999939399425812e-01
1.778279410038923e-04 9.999937631000846e-01
1.830206106311056e-04 9.999935811004729e-01
1.883649089489801e-04 9.999933937935586e-01
1.938652635952207e-04 9.999932010247897e-01
1.995262314968880e-04 9.999930026351301e-01
2.053525026457146e-04 9.999927984609229e-01
2.113489039836647e-04 9.999925883337631e-01
2.175204034019523e-04 9.999923720803574e-01
2.238721138568339e-04 9.999921495223844e-01
2.304092976055846e-04 9.999919204763484e-01
2.371373705661655e-04 9.999916847534319e-01
2.440619068041980e-04 9.999914421593414e-01
2.511886431509580e-04 9.999911924941504e-01
2.585234839562191e-04 9.999909355521364e-01
2.660725059798810e-04 9.999906711216145e-01
2.738419634264362e-04 9.999903989847668e-01
2.818382931264454e-04 9.999901189174645e-01
2.900681198693154e-04 9.999898306890876e-01
2.985382618917959e-04 9.999895340623398e-01
3.072557365267447e-04 9.999892287930547e-01
3.162277660168380e-04 9.999889146299986e-01
3.254617834980459e-04 9.999885913146697e-01
3.349654391578277e-04 9.999882585810904e-01
3.447466065731493e-04 9.999879161555906e-01
3.548133892335755e-04 9.999875637565876e-01
3.651741272548378e-04 9.999872010943645e-01
3.758374042884442e-04 9.999868278708303e-01
3.868120546330522e-04 9.999864437792878e-01
3.981071705534972e-04 9.999860485041834e-01
4.097321098135416e-04 9.999856417208568e-01
4.216965034285822e-04 9.999852230952788e-01
4.340102636447438e-04 9.999847922837880e-01
4.466835921509632e-04 9.999843489328138e-01
4.597269885308722e-04 9.999838926785951e-01
4.731512589614806e-04 9.999834231468930e-01
4.869675251658631e-04 9.999829399526911e-01
5.011872336272722e-04 9.999824426998876e-01
5.158221650723057e-04 9.999819309809868e-01
5.308844442309884e-04 9.999814043767724e-01
5.463865498818543e-04 9.999808624559757e-01
5.623413251903491e-04 9.999803047749377e-01
5.787619883491207e-04 9.999797308772572e-01
5.956621435290105e-04 9.999791402934313e-01
6.130557921498207e-04 9.999785325404876e-01
6.309573444801934e-04 9.999779071216039e-01
6.493816315762113e-04 9.999772635257207e-01
6.683439175686146e-04 9.999766012271372e-01
6.878599123088077e-04 9.999759196851068e-01
7.079457843841379e-04 9.999752183434107e-01
7.286181745132278e-04 9.999744966299274e-01
7.498942093324559e-04 9.999737539561888e-01
7.717915155850124e-04 9.999729897169231e-01
7.943282347242816e-04 9.999722032895856e-01
8.175230379436500e-04 9.999713940338824e-01
8.413951416451951e-04 9.999705612912740e-01
8.659643233600655e-04 9.999697043844703e-01
8.912509381337455e-04 9.999688226169114e-01
9.172759353897796e-04 9.999679152722371e-01
9.440608762859233e-04 9.999669816137381e-01
9.716279515771064e-04 9.999660208837959e-01
1.000000000000000e-03 9.999650323033126e-01
1.029200527194428e-03 9.999640150711151e-01
1.059253725177289e-03 9.999629683633563e-01
1.090184492385128e-03 9.999618913328940e-01
1.122018454301964e-03 9.999607831086549e-01
1.154781984689458e-03 9.999596427949864e-01
1.188502227437018e-03 9.999584694709878e-01
1.223207119049931e-03 9.999572621898283e-01
1.258925411794167e-03 9.999560199780464e-01
1.295686697517020e-03 9.999547418348359e-01
1.333521432163324e-03 9.999534267313047e-01
1.372460961007562e-03 9.999520736097333e-01
1.412537544622754e-03 9.999506813827945e-01
1.453784385607662e-03 9.999492489327745e-01
1.496235656094434e-03 9.999477751107617e-01
1.539926526059492e-03 9.999462587358244e-01
1.584893192461113e-03 9.999446985941653e-01
1.631172909227838e-03 9.999430934382599e-01
1.678804018122561e-03 9.999414419859748e-01
1.727825980507864e-03 9.999397429196649e-01
1.778279410038923e-03 9.999379948852518e-01
1.830206106311056e-03 9.999361964912844e-01
1.883649089489800e-03 9.999343463079736e-01
1.938652635952208e-03 9.999324428662154e-01
1.995262314968880e-03 9.999304846565832e-01
2.053525026457146e-03 9.999284701283111e-01
2.113489039836647e-03 9.999263976882434e-01
2.175204034019522e-03 9.999242656997791e-01
2.238721138568340e-03 9.999220724817826e-01
2.304092976055846e-03 9.999198163074785e-01
2.371373705661655e-03 9.999174954033292e-01
2.440619068041980e-03 9.999151079478873e-01
2.511886431509579e-03 9.999126520706321e-01
2.585234839562192e-03 9.999101258507813e-01
2.660725059798810e-03 9.999075273160887e-01
2.738419634264361e-03 9.999048544416187e-01
2.818382931264453e-03 9.999021051485023e-01
2.900681198693153e-03 9.998992773026774e-01
2.985382618917961e-03 9.998963687136085e-01
3.072557365267447e-03 9.998933771329909e-01
3.162277660168379e-03 9.998903002534368e-01
3.254617834980458e-03 9.998871357071493e-01
3.349654391578276e-03 9.998838810645780e-01
3.447466065731494e-03 9.998805338330640e-01
3.548133892335755e-03 9.998770914554701e-01
3.651741272548378e-03 9.998735513088034e-01
3.758374042884442e-03 9.998699107028246e-01
3.868120546330521e-03 9.998661668786532e-01
3.981071705534973e-03 9.998623170073652e-01
4.097321098135416e-03 9.998583581885854e-01
4.216965034285823e-03 9.998542874490811e-01
4.340102636447437e-03 9.998501017413534e-01
4.466835921509630e-03 9.998457979422336e-01
4.597269885308723e-03 9.998413728514876e-01
4.731512589614806e-03 9.998368231904241e-01
4.869675251658631e-03 9.998321456005229e-01
5.011872336272723e-03 9.998273366420739e-01
5.158221650723055e-03 9.998223927928400e-01
5.308844442309885e-03 9.998173104467454e-01
5.463865498818543e-03 9.998120859125911e-01
5.623413251903491e-03 9.998067154128084e-01
5.787619883491206e-03 9.998011950822544e-01
5.956621435290104e-03 9.997955209670500e-01
6.130557921498208e-03 9.997896890234762e-01
6.309573444801933e-03 9.997836951169302e-01
6.493816315762114e-03 9.997775350209502e-01
6.683439175686146e-03 9.997712044163164e-01
6.878599123088074e-03 9.997646988902403e-01
7.079457843841381e-03 9.997580139356516e-01
7.286181745132278e-03 9.997511449505897e-01
7.498942093324559e-03 9.997440872377132e-01
7.717915155850123e-03 9.997368360039451e-01
7.943282347242814e-03 9.997293863602578e-01
8.175230379436502e-03 9.997217333216201e-01
8.413951416451952e-03 9.997138718071182e-01
8.659643233600653e-03 9.997057966402695e-01
8.912509381337455e-03 9.996975025495430e-01
9.172759353897794e-03 9.996889841691140e-01
9.440608762859237e-03 9.996802360398678e-01
9.716279515771064e-03 9.996712526106736e-01
1.000000000000000e-02 9.996620282399649e-01
1.029200527194429e-02 9.996525571166924e-01
1.059253725177289e-02 9.996428329979996e-01
1.090184492385128e-02 9.996328494138940e-01
1.122018454301963e-02 9.996225997398023e-01
1.154781984689458e-02 9.996120771932759e-01
1.188502227437019e-02 9.996012748306381e-01
1.223207119049931e-02 9.995901855435781e-01
1.258925411794168e-02 9.995788020556882e-01
1.295686697517019e-02 9.995671169189410e-01
1.333521432163324e-02 9.995551225101125e-01
1.372460961007563e-02 9.995428110271426e-01
1.412537544622754e-02 9.995301744854428e-01
1.453784385607662e-02 9.995172047141416e-01
1.496235656094433e-02 9.995038933522703e-01
1.539926526059492e-02 9.994902318448935e-01
1.584893192461114e-02 9.994762114391773e-01
1.631172909227838e-02 9.994618231803978e-01
1.678804018122560e-02 9.994470579078897e-01
1.727825980507863e-02 9.994319062509381e-01
1.778279410038923e-02 9.994163586246048e-01
1.830206106311057e-02 9.994004052254989e-01
1.883649089489800e-02 9.993840360274858e-01
1.938652635952208e-02 9.993672407773351e-01
1.995262314968879e-02 9.993500089903082e-01
2.053525026457146e-02 9.993323299456875e-01
2.113489039836648e-02 9.993141926822445e-01
2.175204034019522e-02 9.992955859936482e-01
2.238721138568340e-02 9.992764984238109e-01
2.304092976055845e-02 9.992569182621809e-01
2.371373705661655e-02 9.992368335389705e-01
2.440619068041982e-02 9.992162320203266e-01
2.511886431509580e-02 9.991951012034441e-01
2.585234839562191e-02 9.991734283116193e-01
2.660725059798809e-02 9.991512002892482e-01
2.738419634264361e-02 9.991284037967662e-01
2.818382931264455e-02 9.991050252055318e-01
2.900681198693153e-02 9.990810505926535e-01
2.985382618917960e-02 9.990564657357665e-01
3.072557365267446e-02 9.990312561077471e-01
3.162277660168380e-02 9.990054068713836e-01
3.254617834980460e-02 9.989789028739865e-01
3.349654391578276e-02 9.989517286419525e-01
3.447466065731495e-02 9.989238683752755e-01
3.548133892335753e-02 9.988953059420138e-01
3.651741272548377e-02 9.988660248727016e-01
3.758374042884443e-02 9.988360083547201e-01
3.868120546330521e-02 9.988052392266205e-01
3.981071705534973e-02 9.987736999724093e-01
4.097321098135413e-02 9.987413727157808e-01
4.216965034285823e-02 9.987082392143195e-01
4.340102636447440e-02 9.986742808536593e-01
4.466835921509631e-02 9.986394786416085e-01
4.597269885308723e-02 9.986038132022342e-01
4.731512589614803e-02 9.985672647699231e-01
4.869675251658631e-02 9.985298131834033e-01
5.011872336272725e-02 9.984914378797404e-01
5.158221650723056e-02 9.984521178883111e-01
5.308844442309885e-02 9.984118318247497e-01
5.463865498818540e-02 9.983705578848681e-01
5.623413251903490e-02 9.983282738385691e-01
5.787619883491209e-02 9.982849570237348e-01
5.956621435290103e-02 9.982405843401031e-01
6.130557921498209e-02 9.981951322431338e-01
6.309573444801930e-02 9.981485767378731e-01
6.493816315762115e-02 9.981008933728035e-01
6.683439175686150e-02 9.980520572337003e-01
6.878599123088075e-02 9.980020429374886e-01
7.079457843841380e-02 9.979508246261044e-01
7.286181745132274e-02 9.978983759603633e-01
7.498942093324559e-02 9.978446701138481e-01
7.717915155850127e-02 9.977896797668022e-01
7.943282347242814e-02 9.977333771000518e-01
8.175230379436502e-02 9.976757337889489e-01
8.413951416451948e-02 9.976167209973372e-01
8.659643233600654e-02 9.975563093715575e-01
8.912509381337459e-02 9.974944690344790e-01
9.172759353897794e-02 9.974311695795786e-01
9.440608762859236e-02 9.973663800650566e-01
9.716279515771059e-02 9.973000690080074e-01
1.000000000000000e-01 9.972322043786300e-01
1.029200527194429e-01 9.971627535945116e-01
1.059253725177289e-01 9.970916835149521e-01
1.090184492385128e-01 9.970189604353702e-01
1.122018454301963e-01 9.969445500817663e-01
1.154781984689458e-01 9.968684176052653e-01
1.188502227437019e-01 9.967905275767335e-01
1.223207119049931e-01 9.967108439814748e-01
1.258925411794168e-01 9.966293302140216e-01
1.295686697517019e-01 9.965459490730026e-01
1.333521432163324e-01 9.964606627561164e-01
1.372460961007562e-01 9.963734328551946e-01
1.412537544622754e-01 9.962842203513715e-01
1.453784385607662e-01 9.961929856103572e-01
1.496235656094433e-01 9.960996883778190e-01
1.539926526059492e-01 9.960042877748826e-01
1.584893192461114e-01 9.959067422937357e-01
1.631172909227838e-01 9.958070097933660e-01
1.678804018122561e-01 9.957050474954127e-01
1.727825980507863e-01 9.956008119801439e-01
1.778279410038923e-01 9.954942591825654e-01
1.830206106311057e-01 9.953853443886562e-01
1.883649089489800e-01 9.952740222317369e-01
1.938652635952208e-01 9.951602466889734e-01
1.995262314968879e-01 9.950439710780138e-01
2.053525026457146e-01 9.949251480537646e-01
2.113489039836648e-01 9.948037296052995e-01
2.175204034019522e-01 9.946796670529101e-01
2.238721138568340e-01 9.945529110452941e-01
2.304092976055845e-01 9.944234115568775e-01
2.371373705661655e-01 9.942911178852745e-01
2.440619068041981e-01 9.941559786488877e-01
2.511886431509580e-01 9.940179417846307e-01
2.585234839562191e-01 9.938769545457934e-01
2.660725059798809e-01 9.937329635000302e-01
2.738419634264361e-01 9.935859145274719e-01
2.818382931264455e-01 9.934357528189667e-01
2.900681198693153e-01 9.932824228744273e-01
2.985382618917961e-01 9.931258685013034e-01
3.072557365267445e-01 9.929660328131507e-01
3.162277660168379e-01 9.928028582283069e-01
3.254617834980460e-01 9.926362864686659e-01
3.349654391578276e-01 9.924662585585292e-01
3.447466065731494e-01 9.922927148235490e-01
3.548133892335753e-01 9.921155948897366e-01
3.651741272548377e-01 9.919348376825404e-01
3.758374042884443e-01 9.917503814259704e-01
3.868120546330521e-01 9.915621636417757e-01
3.981071705534974e-01 9.913701211486509e-01
4.097321098135414e-01 9.911741900614688e-01
4.216965034285822e-01 9.909743057905244e-01
4.340102636447440e-01 9.907704030407796e-01
4.466835921509631e-01 9.905624158110997e-01
4.597269885308723e-01 9.903502773934585e-01
4.731512589614803e-01 9.901339203721152e-01
4.869675251658631e-01 9.899132766227339e-01
5.011872336272726e-01 9.896882773114439e-01
5.158221650723056e-01 9.894588528938197e-01
5.308844442309885e-01 9.892249331137690e-01
5.463865498818540e-01 9.889864470023174e-01
5.623413251903492e-01 9.887433228762673e-01
5.787619883491208e-01 9.884954883367248e-01
5.956621435290104e-01 9.882428702674783e-01
6.130557921498209e-01 9.879853948332070e-01
6.309573444801930e-01 9.877229874775143e-01
6.493816315762113e-01 9.874555729207685e-01
6.683439175686149e-01 9.871830751577292e-01
6.878599123088075e-01 9.869054174549599e-01
7.079457843841381e-01 9.866225223479980e-01
7.286181745132274e-01 9.863343116382770e-01
7.498942093324559e-01 9.860407063897886e-01
7.717915155850128e-01 9.857416269254652e-01
7.943282347242814e-01 9.854369928232769e-01
8.175230379436502e-01 9.851267229120277e-01
8.413951416451948e-01 9.848107352668427e-01
8.659643233600653e-01 9.844889472043330e-01
8.912509381337459e-01 9.841612752774253e-01
9.172759353897795e-01 9.838276352698602e-01
9.440608762859236e-01 9.834879421903312e-01
9.716279515771058e-01 9.831421102662742e-01
1.000000000000000e+00 9.827900529372883e-01
1.029200527194429e+00 9.824316828481933e-01
1.059253725177290e+00 9.820669118417047e-01
1.090184492385127e+00 9.816956509507346e-01
1.122018454301963e+00 9.813178103903079e-01
1.154781984689458e+00 9.809332995490945e-01
1.188502227437019e+00 9.805420269805522e-01
1.223207119049933e+00 9.801439003936874e-01
1.258925411794166e+00 9.797388266434203e-01
1.295686697517019e+00 9.793267117205727e-01
1.333521432163324e+00 9.789074607414666e-01
1.372460961007563e+00 9.784809779371414e-01
1.412537544622755e+00 9.780471666421988e-01
1.453784385607661e+00 9.776059292832692e-01
1.496235656094433e+00 9.771571673671156e-01
1.539926526059492e+00 9.767007814683762e-01
1.584893192461114e+00 9.762366712169540e-01
1.631172909227840e+00 9.757647352850586e-01
1.678804018122559e+00 9.752848713739152e-01
1.727825980507863e+00 9.747969762001457e-01
1.778279410038923e+00 9.743009454818318e-01
1.830206106311057e+00 9.737966739242738e-01
1.883649089489802e+00 9.732840552054517e-01
1.938652635952206e+00 9.727629819612076e-01
1.995262314968879e+00 9.722333457701545e-01
2.053525026457146e+00 9.716950371383267e-01
2.113489039836648e+00 9.711479454835906e-01
2.175204034019525e+00 9.705919591198201e-01
2.238721138568338e+00 9.700269652408583e-01
2.304092976055845e+00 9.694528499042728e-01
2.371373705661656e+00 9.688694980149323e-01
2.440619068041981e+00 9.682767933084002e-01
2.511886431509582e+00 9.676746183341750e-01
2.585234839562189e+00 9.670628544387917e-01
2.660725059798808e+00 9.664413817487905e-01
2.738419634264361e+00 9.658100791535755e-01
2.818382931264455e+00 9.651688242881812e-01
2.900681198693156e+00 9.645174935159502e-01
2.985382618917957e+00 9.638559619111572e-01
3.072557365267446e+00 9.631841032415721e-01
3.162277660168380e+00 9.625017899509990e-01
3.254617834980460e+00 9.618088931417890e-01
3.349654391578279e+00 9.611052825573569e-01
3.447466065731491e+00 9.603908265647049e-01
3.548133892335753e+00 9.596653921369798e-01
3.651741272548378e+00 9.589288448360672e-01
3.758374042884443e+00 9.581810487952486e-01
3.868120546330525e+00 9.574218667019303e-01
3.981071705534969e+00 9.566511597804591e-01
4.097321098135414e+00 9.558687877750431e-01
4.216965034285822e+00 9.550746089327886e-01
4.340102636447440e+00 9.542684799868676e-01
4.466835921509634e+00 9.534502561398386e-01
4.597269885308719e+00 9.526197910471180e-01
4.731512589614803e+00 9.517769368006369e-01
4.869675251658632e+00 9.509215439126822e-01
5.011872336272726e+00 9.500534612999394e-01
5.158221650723061e+00 9.491725362677623e-01
5.308844442309880e+00 9.482786144946613e-01
5.463865498818540e+00 9.473715400170535e-01
5.623413251903491e+00 9.464511552142578e-01
5.787619883491209e+00 9.455173007937751e-01
5.956621435290110e+00 9.445698157768512e-01
6.130557921498202e+00 9.436085374843455e-01
6.309573444801930e+00 9.426333015229148e-01
6.493816315762113e+00 9.416439417715278e-01
6.683439175686149e+00 9.406402903683291e-01
6.878599123088081e+00 9.396221776978558e-01
7.079457843841374e+00 9.385894323786398e-01
7.286181745132275e+00 9.375418812511909e-01
7.498942093324558e+00 9.364793493663880e-01
7.717915155850127e+00 9.354016599742951e-01
7.943282347242821e+00 9.343086345134075e-01
8.175230379436494e+00 9.332000926003505e-01
8.413951416451949e+00 9.320758520200538e-01
8.659643233600654e+00 9.309357287164010e-01
8.912509381337459e+00 9.297795367833861e-01
9.172759353897805e+00 9.286070884567899e-01
9.440608762859226e+00 9.274181941063873e-01
9.716279515771058e+00 9.262126622287156e-01
1.000000000000000e+01 9.249902994404137e-01
1.029200527194429e+01 9.237509104721484e-01
1.059253725177290e+01 9.224942981631605e-01
1.090184492385127e+01 9.212202634564347e-01
1.122018454301963e+01 9.199286053945259e-01
1.154781984689458e+01 9.186191211160544e-01
1.188502227437019e+01 9.172916058528977e-01
1.223207119049933e+01 9.159458529280993e-01
1.258925411794166e+01 9.145816537545135e-01
1.295686697517019e+01 9.131987978342139e-01
1.333521432163324e+01 9.117970727586890e-01
1.372460961007563e+01 9.103762642098510e-01
1.412537544622755e+01 9.089361559618743e-01
1.453784385607661e+01 9.074765298839045e-01
1.496235656094433e+01 9.059971659436545e-01
1.539926526059492e+01 9.044978422119153e-01
1.584893192461114e+01 9.029783348680154e-01
1.631172909227840e+01 9.014384182062569e-01
1.678804018122559e+01 8.998778646433532e-01
1.727825980507863e+01 8.982964447269045e-01
1.778279410038923e+01 8.966939271449429e-01
1.830206106311057e+01 8.950700787365782e-01
1.883649089489802e+01 8.934246645037766e-01
1.938652635952206e+01 8.917574476243104e-01
1.995262314968879e+01 8.900681894659120e-01
2.053525026457146e+01 8.883566496016723e-01
2.113489039836648e+01 8.866225858267142e-01
2.175204034019524e+01 8.848657541761857e-01
2.238721138568338e+01 8.830859089446152e-01
2.304092976055845e+01 8.812828027066574e-01
2.371373705661656e+01 8.794561863392877e-01
2.440619068041982e+01 8.776058090454745e-01
2.511886431509582e+01 8.757314183793847e-01
2.585234839562189e+01 8.738327602731580e-01
2.660725059798809e+01 8.719095790653038e-01
2.738419634264361e+01 8.699616175307683e-01
2.818382931264455e+01 8.679886169127109e-01
2.900681198693156e+01 8.659903169560608e-01
2.985382618917957e+01 8.639664559428787e-01
3.072557365267446e+01 8.619167707296024e-01
3.162277660168379e+01 8.598409967862127e-01
3.254617834980460e+01 8.577388682373844e-01
3.349654391578279e+01 8.556101179056769e-01
3.447466065731491e+01 8.534544773568205e-01
3.548133892335753e+01 8.512716769471655e-01
3.651741272548377e+01 8.490614458733503e-01
3.758374042884444e+01 8.468235122242476e-01
3.868120546330525e+01 8.445576030352643e-01
3.981071705534969e+01 8.422634443450540e-01
4.097321098135414e+01 8.399407612547090e-01
4.216965034285823e+01 8.375892779895044e-01
4.340102636447440e+01 8.352087179632675e-01
4.466835921509635e+01 8.327988038454331e-01
4.597269885308718e+01 8.303592576308796e-01
4.731512589614803e+01 8.278898007126014e-01
4.869675251658632e+01 8.253901539573071e-01
5.011872336272725e+01 8.228600377840228e-01
5.158221650723061e+01 8.202991722457773e-01
5.308844442309879e+01 8.177072771144538e-01
5.463865498818540e+01 8.150840719688957e-01
5.623413251903492e+01 8.124292762863530e-01
5.787619883491209e+01 8.097426095373560e-01
5.956621435290110e+01 8.070237912841061e-01
6.130557921498202e+01 8.042725412824860e-01
6.309573444801930e+01 8.014885795877658e-01
6.493816315762113e+01 7.986716266641244e-01
6.683439175686149e+01 7.958214034980660e-01
6.878599123088082e+01 7.929376317158428e-01
7.079457843841374e+01 7.900200337049844e-01
7.286181745132275e+01 7.870683327400386e-01
7.498942093324560e+01 7.840822531126297e-01
7.717915155850127e+01 7.810615202659471e-01
7.943282347242823e+01 7.780058609337729e-01
8.175230379436493e+01 7.749150032841626e-01
8.413951416451948e+01 7.717886770678929e-01
8.659643233600654e+01 7.686266137718016e-01
8.912509381337459e+01 7.654285467771320e-01
9.172759353897804e+01 7.621942115230066e-01
9.440608762859226e+01 7.589233456751600e-01
9.716279515771059e+01 7.556156893000467e-01
1.000000000000000e+02 7.522709850444705e-01
1.029200527194429e+02 7.488889783208471e-01
1.059253725177290e+02 7.454694174982499e-01
1.090184492385127e+02 7.420120540993642e-01
1.122018454301963e+02 7.385166430034992e-01
1.154781984689458e+02 7.349829426557847e-01
1.188502227437019e+02 7.314107152827101e-01
1.223207119049933e+02 7.277997271141368e-01
1.258925411794166e+02 7.241497486119444e-01
1.295686697517019e+02 7.204605547054503e-01
1.333521432163324e+02 7.167319250337608e-01
1.372460961007563e+02 7.129636441952024e-01
1.412537544622755e+02 7.091555020039966e-01
1.453784385607661e+02 7.053072937543288e-01
1.496235656094433e+02 7.014188204919741e-01
1.539926526059492e+02 6.974898892936489e-01
1.584893192461114e+02 6.935203135542378e-01
1.631172909227840e+02 6.895099132820784e-01
1.678804018122559e+02 6.854585154024593e-01
1.727825980507863e+02 6.813659540695072e-01
1.778279410038923e+02 6.772320709866333e-01
1.830206106311057e+02 6.730567157357100e-01
1.883649089489802e+02 6.688397461151551e-01
1.938652635952206e+02 6.645810284870952e-01
1.995262314968879e+02 6.602804381337889e-01
2.053525026457146e+02 6.559378596234851e-01
2.113489039836648e+02 6.515531871858987e-01
2.175204034019524e+02 6.471263250974769e-01
2.238721138568338e+02 6.426571880766427e-01
2.304092976055845e+02 6.381457016891929e-01
2.371373705661655e+02 6.335918027640355e-01
2.440619068041981e+02 6.289954398194373e-01
2.511886431509583e+02 6.243565734999768e-01
2.585234839562189e+02 6.196751770243716e-01
2.660725059798809e+02 6.149512366443616e-01
2.738419634264361e+02 6.101847521148311e-01
2.818382931264455e+02 6.053757371753433e-01
2.900681198693156e+02 6.005242200432606e-01
2.985382618917957e+02 5.956302439186275e-01
3.072557365267446e+02 5.906938675009870e-01
3.162277660168380e+02 5.857151655182949e-01
3.254617834980460e+02 5.806942292680998e-01
3.349654391578280e+02 5.756311671711477e-01
3.447466065731491e+02 5.705261053375702e-01
3.548133892335753e+02 5.653791881458019e-01
3.651741272548377e+02 5.601905788343829e-01
3.758374042884444e+02 5.549604601067754e-01
3.868120546330525e+02 5.496890347493359e-01
3.981071705534970e+02 5.443765262625627e-01
4.097321098135413e+02 5.390231795057415e-01
4.216965034285823e+02 5.336292613550913e-01
4.340102636447440e+02 5.281950613755145e-01
4.466835921509635e+02 5.227208925060322e-01
4.597269885308718e+02 5.172070917589853e-01
4.731512589614803e+02 5.116540209330588e-01
4.869675251658632e+02 5.060620673401812e-01
5.011872336272725e+02 5.004316445463246e-01
5.158221650723061e+02 4.947631931262271e-01
5.308844442309879e+02 4.890571814320315e-01
5.463865498818541e+02 4.833141063758146e-01
5.623413251903492e+02 4.775344942259669e-01
5.787619883491209e+02 4.717189014173517e-01
5.956621435290110e+02 4.658679153751490e-01
6.130557921498203e+02 4.599821553522686e-01
6.309573444801931e+02 4.540622732801760e-01
6.493816315762114e+02 4.481089546329567e-01
6.683439175686149e+02 4.421229193043960e-01
6.878599123088081e+02 4.361049224978258e-01
7.079457843841374e+02 4.300557556284464e-01
7.286181745132275e+02 4.239762472377834e-01
7.498942093324558e+02 4.178672639199077e-01
7.717915155850128e+02 4.117297112589754e-01
7.943282347242822e+02 4.055645347776154e-01
8.175230379436493e+02 3.993727208956150e-01
8.413951416451948e+02 3.931552978983038e-01
8.659643233600655e+02 3.869133369139660e-01
8.912509381337459e+02 3.806479528995400e-01
9.172759353897803e+02 3.743603056337840e-01
9.440608762859225e+02 3.680516007170122e-01
9.716279515771058e+02 3.617230905764051e-01
1.000000000000000e+03 3.553760754758167e-01
1.029200527194429e+03 3.490119045288810e-01
1.059253725177290e+03 3.426319767141219e-01
1.090184492385127e+03 3.362377418906494e-01
1.122018454301963e+03 3.298307018128895e-01
1.154781984689458e+03 3.234124111426657e-01
1.188502227437019e+03 3.169844784567931e-01
1.223207119049933e+03 3.105485672481886e-01
1.258925411794166e+03 3.041063969183297e-01
1.295686697517019e+03 2.976597437586971e-01
1.333521432163324e+03 2.912104419186533e-01
1.372460961007562e+03 2.847603843569651e-01
1.412537544622756e+03 2.783115237739667e-01
1.453784385607661e+03 2.718658735210898e-01
1.496235656094433e+03 2.654255084842149e-01
1.539926526059492e+03 2.589925659370088e-01
1.584893192461114e+03 2.525692463600704e-01
1.631172909227840e+03 2.461578142213784e-01
1.678804018122559e+03 2.397605987131377e-01
1.727825980507863e+03 2.333799944397190e-01
1.778279410038923e+03 2.270184620509328e-01
1.830206106311057e+03 2.206785288143910e-01
1.883649089489802e+03 2.143627891201808e-01
1.938652635952206e+03 2.080739049104966e-01
1.995262314968879e+03 2.018146060262395e-01
2.053525026457146e+03 1.955876904619161e-01
2.113489039836648e+03 1.893960245193956e-01
2.175204034019525e+03 1.832425428502781e-01
2.238721138568338e+03 1.771302483757088e-01
2.304092976055845e+03 1.710622120714804e-01
2.371373705661656e+03 1.650415726051834e-01
2.440619068041981e+03 1.590715358109419e-01
2.511886431509583e+03 1.531553739859625e-01
2.585234839562188e+03 1.472964249916492e-01
2.660725059798809e+03 1.414980911404105e-01
2.738419634264361e+03 1.357638378474973e-01
2.818382931264455e+03 1.300971920251919e-01
2.900681198693156e+03 1.245017401944595e-01
2.985382618917958e+03 1.189811262866776e-01
3.072557365267446e+03 1.135390491052829e-01
3.162277660168379e+03 1.081792594140679e-01
3.254617834980460e+03 1.029055566153452e-01
3.349654391578280e+03 9.772178497726931e-02
3.447466065731491e+03 9.263182936514062e-02
3.548133892335753e+03 8.763961042647003e-02
3.651741272548377e+03 8.274907917384930e-02
3.758374042884443e+03 7.796421090311691e-02
3.868120546330525e+03 7.328899837683481e-02
3.981071705534970e+03 6.872744419448500e-02
4.097321098135413e+03 6.428355226088479e-02
4.216965034285823e+03 5.996131825285485e-02
4.340102636447440e+03 5.576471897083064e-02
4.466835921509635e+03 5.169770044655290e-02
4.597269885308719e+03 4.776416465970652e-02
4.731512589614803e+03 4.396795469484578e-02
4.869675251658631e+03 4.031283814442723e-02
5.011872336272725e+03 3.680248853333139e-02
5.158221650723061e+03 3.344046450376060e-02
5.308844442309880e+03 3.023018645532077e-02
5.463865498818540e+03 2.717491028150354e-02
5.623413251903491e+03 2.427769777813822e-02
5.787619883491209e+03 2.154138321829601e-02
5.956621435290110e+03 1.896853548713046e-02
6.130557921498202e+03 1.656141504311524e-02
6.309573444801930e+03 1.432192481077165e-02
6.493816315762113e+03 1.225155390268702e-02
6.683439175686149e+03 1.035131279907884e-02
6.878599123088082e+03 8.621658258000760e-03
7.079457843841375e+03 7.062405754380731e-03
7.286181745132274e+03 5.672626600692536e-03
7.498942093324559e+03 4.450526008972095e-03
7.717915155850128e+03 3.393297092715602e-03
7.943282347242822e+03 2.496943984977630e-03
8.175230379436493e+03 1.756064546500928e-03
8.413951416451948e+03 1.163579007537854e-03
8.659643233600655e+03 7.103843503851919e-04
8.912509381337461e+03 3.849034586996817e-04
9.172759353897805e+03 1.724793761337109e-04
9.440608762859227e+03 5.453061337780881e-05
9.716279515771059e+03 7.315068004987512e-06
1.000000000000000e+04 0.000000000000000e+00
