# alpha = 1.5
# Lmin  = 0.01
# Lmax  = 1000
# tau   = 1
# V1    = 0.1
# V2    = 1
# c     = 1
# u_min_requested = 0.0001
# u_max_requested = 10000000
# u_max_used      = 1000
# u_physical_max  = 1000
# points_per_decade = 80
# DeltaFss = 6.900932833076279e+00
# columns: u=t/tau, R(u)
1.000000000000000e-04 9.999887578086599e-01
1.029200527194428e-04 9.999884296565731e-01
1.059253725177289e-04 9.999880919297292e-01
1.090184492385128e-04 9.999877443489823e-01
1.122018454301963e-04 9.999873866270620e-01
1.154781984689458e-04 9.999870184683365e-01
1.188502227437018e-04 9.999866395685703e-01
1.223207119049932e-04 9.999862496146764e-01
1.258925411794167e-04 9.999858482844585e-01
1.295686697517020e-04 9.999854352463450e-01
1.333521432163324e-04 9.999850101591212e-01
1.372460961007562e-04 9.999845726716481e-01
1.412537544622754e-04 9.999841224225738e-01
1.453784385607662e-04 9.999836590400381e-01
1.496235656094434e-04 9.999831821413707e-01
1.539926526059492e-04 9.999826913327751e-01
1.584893192461113e-04 9.999821862090099e-01
1.631172909227838e-04 9.999816663530530e-01
1.678804018122560e-04 9.999811313357657e-01
1.727825980507863e-04 9.999805807155401e-01
1.778279410038923e-04 9.999800140379388e-01
1.830206106311056e-04 9.999794308353240e-01
1.883649089489801e-04 9.999788306264781e-01
1.938652635952208e-04 9.999782129162080e-01
1.995262314968880e-04 9.999775771949446e-01
2.053525026457146e-04 9.999769229383263e-01
2.113489039836647e-04 9.999762496067743e-01
2.175204034019523e-04 9.999755566450516e-01
2.238721138568340e-04 9.999748434818116e-01
2.304092976055846e-04 9.999741095291362e-01
2.371373705661655e-04 9.999733541820568e-01
2.440619068041980e-04 9.999725768180618e-01
2.511886431509580e-04 9.999717767965961e-01
2.585234839562191e-04 9.999709534585370e-01
2.660725059798810e-04 9.999701061256644e-01
2.738419634264362e-04 9.999692341001098e-01
2.818382931264454e-04 9.999683366637908e-01
2.900681198693154e-04 9.999674130778344e-01
2.985382618917959e-04 9.999664625819762e-01
3.072557365267447e-04 9.999654843939495e-01
3.162277660168379e-04 9.999644777088537e-01
3.254617834980459e-04 9.999634416985045e-01
3.349654391578277e-04 9.999623755107699e-01
3.447466065731494e-04 9.999612782688821e-01
3.548133892335755e-04 9.999601490707354e-01
3.651741272548378e-04 9.999589869881583e-01
3.758374042884442e-04 9.999577910661732e-01
3.868120546330521e-04 9.999565603222274e-01
3.981071705534973e-04 9.999552937454096e-01
4.097321098135415e-04 9.999539902956389e-01
4.216965034285822e-04 9.999526489028346e-01
4.340102636447438e-04 9.999512684660636e-01
4.466835921509632e-04 9.999498478526629e-01
4.597269885308722e-04 9.999483858973345e-01
4.731512589614806e-04 9.999468814012216e-01
4.869675251658631e-04 9.999453331309562e-01
5.011872336272723e-04 9.999437398176808e-01
5.158221650723057e-04 9.999421001560430e-01
5.308844442309885e-04 9.999404128031620e-01
5.463865498818543e-04 9.999386763775701e-01
5.623413251903491e-04 9.999368894581198e-01
5.787619883491207e-04 9.999350505828680e-01
5.956621435290105e-04 9.999331582479239e-01
6.130557921498207e-04 9.999312109062684e-01
6.309573444801933e-04 9.999292069665442e-01
6.493816315762113e-04 9.999271447918077e-01
6.683439175686146e-04 9.999250226982506e-01
6.878599123088077e-04 9.999228389538889e-01
7.079457843841379e-04 9.999205917772146e-01
7.286181745132278e-04 9.999182793358107e-01
7.498942093324559e-04 9.999158997449318e-01
7.717915155850124e-04 9.999134510660470e-01
7.943282347242813e-04 9.999109313053425e-01
8.175230379436501e-04 9.999083384121870e-01
8.413951416451951e-04 9.999056702775554e-01
8.659643233600653e-04 9.999029247324130e-01
8.912509381337455e-04 9.999000995460556e-01
9.172759353897798e-04 9.998971924244112e-01
9.440608762859235e-04 9.998942010082895e-01
9.716279515771061e-04 9.998911228715984e-01
9.999999999999998e-04 9.998879555195038e-01
1.029200527194428e-03 9.998846963865510e-01
1.059253725177289e-03 9.998813428347327e-01
1.090184492385128e-03 9.998778921515138e-01
1.122018454301963e-03 9.998743415478022e-01
1.154781984689458e-03 9.998706881558734e-01
1.188502227437019e-03 9.998669290272398e-01
1.223207119049932e-03 9.998630611304733e-01
1.258925411794167e-03 9.998590813489676e-01
1.295686697517019e-03 9.998549864786554e-01
1.333521432163324e-03 9.998507732256613e-01
1.372460961007562e-03 9.998464382039072e-01
1.412537544622754e-03 9.998419779326569e-01
1.453784385607662e-03 9.998373888340029e-01
1.496235656094433e-03 9.998326672302965e-01
1.539926526059492e-03 9.998278093415202e-01
1.584893192461114e-03 9.998228112825960e-01
1.631172909227838e-03 9.998176690606386e-01
1.678804018122560e-03 9.998123785721431e-01
1.727825980507864e-03 9.998069356001120e-01
1.778279410038923e-03 9.998013358111240e-01
1.830206106311056e-03 9.997955747523319e-01
1.883649089489800e-03 9.997896478484037e-01
1.938652635952208e-03 9.997835503983999e-01
1.995262314968880e-03 9.997772775725815e-01
2.053525026457146e-03 9.997708244091593e-01
2.113489039836647e-03 9.997641858109779e-01
2.175204034019522e-03 9.997573565421316e-01
2.238721138568340e-03 9.997503312245216e-01
2.304092976055846e-03 9.997431043343447e-01
2.371373705661655e-03 9.997356701985219e-01
2.440619068041980e-03 9.997280229910609e-01
2.511886431509581e-03 9.997201567293582e-01
2.585234839562191e-03 9.997120652704403e-01
2.660725059798810e-03 9.997037423071422e-01
2.738419634264361e-03 9.996951813642275e-01
2.818382931264454e-03 9.996863757944526e-01
2.900681198693154e-03 9.996773187745721e-01
2.985382618917960e-03 9.996680033012939e-01
3.072557365267447e-03 9.996584221871777e-01
3.162277660168379e-03 9.996485680564903e-01
3.254617834980459e-03 9.996384333410084e-01
3.349654391578277e-03 9.996280102757868e-01
3.447466065731494e-03 9.996172908948772e-01
3.548133892335754e-03 9.996062670270223e-01
3.651741272548378e-03 9.995949302913119e-01
3.758374042884442e-03 9.995832720928176e-01
3.868120546330522e-03 9.995712836182072e-01
3.981071705534973e-03 9.995589558313441e-01
4.097321098135415e-03 9.995462794688810e-01
4.216965034285824e-03 9.995332450358552e-01
4.340102636447438e-03 9.995198428012900e-01
4.466835921509631e-03 9.995060627938165e-01
4.597269885308721e-03 9.994918947973193e-01
4.731512589614806e-03 9.994773283466261e-01
4.869675251658632e-03 9.994623527232407e-01
5.011872336272723e-03 9.994469569511417e-01
5.158221650723056e-03 9.994311297926542e-01
5.308844442309885e-03 9.994148597444177e-01
5.463865498818543e-03 9.993981350334534e-01
5.623413251903491e-03 9.993809436133613e-01
5.787619883491206e-03 9.993632731606594e-01
5.956621435290104e-03 9.993451110712849e-01
6.130557921498206e-03 9.993264444572824e-01
6.309573444801930e-03 9.993072601437046e-01
6.493816315762116e-03 9.992875446657451e-01
6.683439175686148e-03 9.992672842661376e-01
6.878599123088077e-03 9.992464648928503e-01
7.079457843841380e-03 9.992250721971059e-01
7.286181745132277e-03 9.992030915317668e-01
7.498942093324557e-03 9.991805079501184e-01
7.717915155850122e-03 9.991573062050986e-01
7.943282347242814e-03 9.991334707490105e-01
8.175230379436496e-03 9.991089857337726e-01
8.413951416451954e-03 9.990838350117565e-01
8.659643233600656e-03 9.990580021372643e-01
8.912509381337457e-03 9.990314703687122e-01
9.172759353897796e-03 9.990042226715801e-01
9.440608762859234e-03 9.989762417222012e-01
9.716279515771061e-03 9.989475099124665e-01
9.999999999999998e-03 9.989180093555182e-01
1.029200527194428e-02 9.988877216265331e-01
1.059253725177289e-02 9.988566269011765e-01
1.090184492385128e-02 9.988247046287965e-01
1.122018454301964e-02 9.987919337714339e-01
1.154781984689458e-02 9.987582927935973e-01
1.188502227437018e-02 9.987237596518640e-01
1.223207119049931e-02 9.986883117843218e-01
1.258925411794167e-02 9.986519260998341e-01
1.295686697517019e-02 9.986145789671428e-01
1.333521432163324e-02 9.985762462037953e-01
1.372460961007563e-02 9.985369030649041e-01
1.412537544622755e-02 9.984965242317342e-01
1.453784385607662e-02 9.984550838001186e-01
1.496235656094434e-02 9.984125552687004e-01
1.539926526059492e-02 9.983689115270057e-01
1.584893192461113e-02 9.983241248433411e-01
1.631172909227838e-02 9.982781668525178e-01
1.678804018122560e-02 9.982310085434080e-01
1.727825980507863e-02 9.981826202463201e-01
1.778279410038923e-02 9.981329716202129e-01
1.830206106311057e-02 9.980820316397269e-01
1.883649089489801e-02 9.980297685820531e-01
1.938652635952208e-02 9.979761500136271e-01
1.995262314968880e-02 9.979211427766518e-01
2.053525026457146e-02 9.978647129754565e-01
2.113489039836646e-02 9.978068259626854e-01
2.175204034019522e-02 9.977474463253202e-01
2.238721138568339e-02 9.976865378705353e-01
2.304092976055847e-02 9.976240636113987e-01
2.371373705661656e-02 9.975599857523990e-01
2.440619068041981e-02 9.974942656748252e-01
2.511886431509580e-02 9.974268639219798e-01
2.585234839562191e-02 9.973577401842468e-01
2.660725059798810e-02 9.972868532839979e-01
2.738419634264361e-02 9.972141611603569e-01
2.818382931264453e-02 9.971396208538152e-01
2.900681198693155e-02 9.970631884907069e-01
2.985382618917961e-02 9.969848192675386e-01
3.072557365267447e-02 9.969044674351935e-01
3.162277660168380e-02 9.968220862829942e-01
3.254617834980459e-02 9.967376281226463e-01
3.349654391578277e-02 9.966510442720544e-01
3.447466065731494e-02 9.965622850390229e-01
3.548133892335754e-02 9.964712997048429e-01
3.651741272548376e-02 9.963780365077727e-01
3.758374042884443e-02 9.962824426264160e-01
3.868120546330523e-02 9.961844641630054e-01
3.981071705534973e-02 9.960840461265951e-01
4.097321098135416e-02 9.959811324161725e-01
4.216965034285823e-02 9.958756658036912e-01
4.340102636447438e-02 9.957675879170391e-01
4.466835921509631e-02 9.956568392229429e-01
4.597269885308721e-02 9.955433590098166e-01
4.731512589614803e-02 9.954270853705717e-01
4.869675251658633e-02 9.953079551853844e-01
5.011872336272724e-02 9.951859041044395e-01
5.158221650723058e-02 9.950608665306504e-01
5.308844442309884e-02 9.949327756023784e-01
5.463865498818542e-02 9.948015631761440e-01
5.623413251903490e-02 9.946671598093567e-01
5.787619883491206e-02 9.945294947430618e-01
5.956621435290103e-02 9.943884958847256e-01
6.130557921498205e-02 9.942440897910564e-01
6.309573444801934e-02 9.940962016508935e-01
6.493816315762115e-02 9.939447552681524e-01
6.683439175686148e-02 9.937896730448593e-01
6.878599123088078e-02 9.936308759642758e-01
7.079457843841379e-02 9.934682835741291e-01
7.286181745132277e-02 9.933018139699654e-01
7.498942093324557e-02 9.931313837786323e-01
7.717915155850122e-02 9.929569081419181e-01
7.943282347242819e-02 9.927783007003423e-01
8.175230379436503e-02 9.925954735771342e-01
8.413951416451954e-02 9.924083373623954e-01
8.659643233600656e-02 9.922168010974753e-01
8.912509381337456e-02 9.920207722595705e-01
9.172759353897796e-02 9.918201567465579e-01
9.440608762859233e-02 9.916148588620887e-01
9.716279515771060e-02 9.914047813009528e-01
9.999999999999996e-02 9.911898251347303e-01
1.029200527194429e-01 9.909698897977490e-01
1.059253725177289e-01 9.907448730733619e-01
1.090184492385128e-01 9.905146710805665e-01
1.122018454301964e-01 9.902791782609758e-01
1.154781984689458e-01 9.900382873661653e-01
1.188502227437018e-01 9.897918894454087e-01
1.223207119049931e-01 9.895398738338189e-01
1.258925411794167e-01 9.892821281409135e-01
1.295686697517019e-01 9.890185382396237e-01
1.333521432163325e-01 9.887489882557553e-01
1.372460961007562e-01 9.884733605579288e-01
1.412537544622754e-01 9.881915357480039e-01
1.453784385607662e-01 9.879033926520189e-01
1.496235656094433e-01 9.876088083116410e-01
1.539926526059492e-01 9.873076579761622e-01
1.584893192461113e-01 9.869998150950449e-01
1.631172909227838e-01 9.866851513110310e-01
1.678804018122560e-01 9.863635364538363e-01
1.727825980507864e-01 9.860348385344329e-01
1.778279410038923e-01 9.856989237399408e-01
1.830206106311056e-01 9.853556564291378e-01
1.883649089489801e-01 9.850048991285942e-01
1.938652635952207e-01 9.846465125294496e-01
1.995262314968879e-01 9.842803554848352e-01
2.053525026457146e-01 9.839062850079553e-01
2.113489039836646e-01 9.835241562708285e-01
2.175204034019524e-01 9.831338226037012e-01
2.238721138568341e-01 9.827351354951318e-01
2.304092976055846e-01 9.823279445927567e-01
2.371373705661656e-01 9.819120977047343e-01
2.440619068041981e-01 9.814874408018681e-01
2.511886431509580e-01 9.810538180204176e-01
2.585234839562190e-01 9.806110716655797e-01
2.660725059798809e-01 9.801590422156525e-01
2.738419634264361e-01 9.796975683268658e-01
2.818382931264455e-01 9.792264868388787e-01
2.900681198693155e-01 9.787456327809350e-01
2.985382618917961e-01 9.782548393786599e-01
3.072557365267447e-01 9.777539380615002e-01
3.162277660168379e-01 9.772427584707820e-01
3.254617834980459e-01 9.767211284683789e-01
3.349654391578276e-01 9.761888741459722e-01
3.447466065731493e-01 9.756458198348844e-01
3.548133892335753e-01 9.750917881164698e-01
3.651741272548375e-01 9.745265998330366e-01
3.758374042884440e-01 9.739500740992797e-01
3.868120546330519e-01 9.733620283142030e-01
3.981071705534969e-01 9.727622781734975e-01
4.097321098135419e-01 9.721506376823594e-01
4.216965034285826e-01 9.715269191687077e-01
4.340102636447441e-01 9.708909332967788e-01
4.466835921509634e-01 9.702424890810674e-01
4.597269885308724e-01 9.695813939005746e-01
4.731512589614807e-01 9.689074535133383e-01
4.869675251658632e-01 9.682204720712074e-01
5.011872336272724e-01 9.675202521348243e-01
5.158221650723057e-01 9.668065946887823e-01
5.308844442309884e-01 9.660792991569223e-01
5.463865498818542e-01 9.653381634177272e-01
5.623413251903490e-01 9.645829838197875e-01
5.787619883491205e-01 9.638135551972916e-01
5.956621435290101e-01 9.630296708855083e-01
6.130557921498204e-01 9.622311227362267e-01
6.309573444801929e-01 9.614177011331194e-01
6.493816315762109e-01 9.605891950069824e-01
6.683439175686141e-01 9.597453918508375e-01
6.878599123088082e-01 9.588860777348471e-01
7.079457843841385e-01 9.580110373210144e-01
7.286181745132282e-01 9.571200538776446e-01
7.498942093324562e-01 9.562129092935284e-01
7.717915155850128e-01 9.552893840918286e-01
7.943282347242817e-01 9.543492574436427e-01
8.175230379436502e-01 9.533923071812119e-01
8.413951416451951e-01 9.524183098107690e-01
8.659643233600653e-01 9.514270405249898e-01
8.912509381337456e-01 9.504182732150508e-01
9.172759353897795e-01 9.493917804822626e-01
9.440608762859231e-01 9.483473336492809e-01
9.716279515771058e-01 9.472847027708824e-01
9.999999999999996e-01 9.462036566443019e-01
1.029200527194428e+00 9.451039628191316e-01
1.059253725177288e+00 9.439853876067789e-01
1.090184492385127e+00 9.428476960894997e-01
1.122018454301964e+00 9.416906521290007e-01
1.154781984689459e+00 9.405140183746379e-01
1.188502227437019e+00 9.393175562712133e-01
1.223207119049932e+00 9.381010260664037e-01
1.258925411794168e+00 9.368641868178283e-01
1.295686697517020e+00 9.356067963997976e-01
1.333521432163324e+00 9.343286115097581e-01
1.372460961007562e+00 9.330293876744767e-01
1.412537544622754e+00 9.317088792559993e-01
1.453784385607662e+00 9.303668394574165e-01
1.496235656094433e+00 9.290030203284909e-01
1.539926526059492e+00 9.276171727711803e-01
1.584893192461113e+00 9.262090465451183e-01
1.631172909227838e+00 9.247783902730935e-01
1.678804018122560e+00 9.233249514465927e-01
1.727825980507862e+00 9.218484764314576e-01
1.778279410038922e+00 9.203487104737237e-01
1.830206106311055e+00 9.188253977056988e-01
1.883649089489802e+00 9.172782811523517e-01
1.938652635952209e+00 9.157071027380757e-01
1.995262314968881e+00 9.141116032939006e-01
2.053525026457147e+00 9.124915225652289e-01
2.113489039836648e+00 9.108465992201574e-01
2.175204034019523e+00 9.091765708584798e-01
2.238721138568340e+00 9.074811740214361e-01
2.304092976055846e+00 9.057601442022893e-01
2.371373705661656e+00 9.040132158578171e-01
2.440619068041980e+00 9.022401224207984e-01
2.511886431509580e+00 9.004405963135739e-01
2.585234839562190e+00 8.986143689627748e-01
2.660725059798808e+00 8.967611708153006e-01
2.738419634264360e+00 8.948807313556332e-01
2.818382931264452e+00 8.929727791245780e-01
2.900681198693152e+00 8.910370417395191e-01
2.985382618917957e+00 8.890732459162811e-01
3.072557365267450e+00 8.870811174926818e-01
3.162277660168382e+00 8.850603814538779e-01
3.254617834980461e+00 8.830107619595814e-01
3.349654391578279e+00 8.809319823732523e-01
3.447466065731496e+00 8.788237652933489e-01
3.548133892335756e+00 8.766858325867387e-01
3.651741272548378e+00 8.745179054243576e-01
3.758374042884443e+00 8.723197043192100e-01
3.868120546330522e+00 8.700909491668108e-01
3.981071705534972e+00 8.678313592881594e-01
4.097321098135414e+00 8.655406534753396e-01
4.216965034285821e+00 8.632185500398473e-01
4.340102636447437e+00 8.608647668637364e-01
4.466835921509630e+00 8.584790214536808e-01
4.597269885308719e+00 8.560610309980531e-01
4.731512589614802e+00 8.536105124271126e-01
4.869675251658628e+00 8.511271824764065e-01
5.011872336272718e+00 8.486107577534769e-01
5.158221650723061e+00 8.460609548079780e-01
5.308844442309888e+00 8.434774902053063e-01
5.463865498818546e+00 8.408600806038328e-01
5.623413251903494e+00 8.382084428358567e-01
5.787619883491209e+00 8.355222939923673e-01
5.956621435290106e+00 8.328013515117294e-01
6.130557921498209e+00 8.300453332723887e-01
6.309573444801933e+00 8.272539576897117e-01
6.493816315762113e+00 8.244269438170575e-01
6.683439175686146e+00 8.215640114511978e-01
6.878599123088074e+00 8.186648812421879e-01
7.079457843841377e+00 8.157292748078093e-01
7.286181745132275e+00 8.127569148526805e-01
7.498942093324556e+00 8.097475252921684e-01
7.717915155850120e+00 8.067008313811985e-01
7.943282347242810e+00 8.036165598480919e-01
8.175230379436494e+00 8.004944390335421e-01
8.413951416451958e+00 7.973341990348538e-01
8.659643233600661e+00 7.941355718555649e-01
8.912509381337461e+00 7.908982915605726e-01
9.172759353897801e+00 7.876220944368957e-01
9.440608762859240e+00 7.843067191601912e-01
9.716279515771067e+00 7.809519069671649e-01
1.000000000000000e+01 7.775574018339955e-01
1.029200527194428e+01 7.741229506609165e-01
1.059253725177289e+01 7.706483034630837e-01
1.090184492385128e+01 7.671332135678679e-01
1.122018454301963e+01 7.635774378187143e-01
1.154781984689458e+01 7.599807367857039e-01
1.188502227437018e+01 7.563428749829706e-01
1.223207119049931e+01 7.526636210931090e-01
1.258925411794167e+01 7.489427481987284e-01
1.295686697517019e+01 7.451800340212992e-01
1.333521432163323e+01 7.413752611674472e-01
1.372460961007561e+01 7.375282173828457e-01
1.412537544622755e+01 7.336386958138682e-01
1.453784385607663e+01 7.297064952771517e-01
1.496235656094434e+01 7.257314205372430e-01
1.539926526059493e+01 7.217132825924777e-01
1.584893192461114e+01 7.176518989692673e-01
1.631172909227839e+01 7.135470940249579e-01
1.678804018122561e+01 7.093986992594232e-01
1.727825980507864e+01 7.052065536355735e-01
1.778279410038923e+01 7.009705039089431e-01
1.830206106311056e+01 6.966904049665348e-01
1.883649089489800e+01 6.923661201750970e-01
1.938652635952207e+01 6.879975217390070e-01
1.995262314968879e+01 6.835844910679425e-01
2.053525026457145e+01 6.791269191545195e-01
2.113489039836645e+01 6.746247069620764e-01
2.175204034019521e+01 6.700777658227856e-01
2.238721138568338e+01 6.654860178462746e-01
2.304092976055848e+01 6.608493963389435e-01
2.371373705661657e+01 6.561678462341550e-01
2.440619068041982e+01 6.514413245334834e-01
2.511886431509582e+01 6.466698007592068e-01
2.585234839562192e+01 6.418532574182254e-01
2.660725059798811e+01 6.369916904775815e-01
2.738419634264362e+01 6.320851098517722e-01
2.818382931264454e+01 6.271335399020247e-01
2.900681198693154e+01 6.221370199477204e-01
2.985382618917960e+01 6.170956047901377e-01
3.072557365267446e+01 6.120093652486878e-01
3.162277660168379e+01 6.068783887098198e-01
3.254617834980458e+01 6.017027796887547e-01
3.349654391578275e+01 5.964826604042148e-01
3.447466065731492e+01 5.912181713663113e-01
3.548133892335752e+01 5.859094719777362e-01
3.651741272548374e+01 5.805567411484140e-01
3.758374042884439e+01 5.751601779237527e-01
3.868120546330525e+01 5.697200021266275e-01
3.981071705534976e+01 5.642364550132296e-01
4.097321098135418e+01 5.587097999428924e-01
4.216965034285825e+01 5.531403230620088e-01
4.340102636447440e+01 5.475283340021423e-01
4.466835921509633e+01 5.418741665924084e-01
4.597269885308723e+01 5.361781795862146e-01
4.731512589614805e+01 5.304407574024121e-01
4.869675251658632e+01 5.246623108809089e-01
5.011872336272722e+01 5.188432780527771e-01
5.158221650723056e+01 5.129841249248636e-01
5.308844442309882e+01 5.070853462789031e-01
5.463865498818540e+01 5.011474664851047e-01
5.623413251903488e+01 4.951710403301625e-01
5.787619883491202e+01 4.891566538596204e-01
5.956621435290101e+01 4.831049252344927e-01
6.130557921498202e+01 4.770165056020077e-01
6.309573444801939e+01 4.708920799803241e-01
6.493816315762118e+01 4.647323681570277e-01
6.683439175686151e+01 4.585381256011769e-01
6.878599123088080e+01 4.523101443886436e-01
7.079457843841382e+01 4.460492541404342e-01
7.286181745132281e+01 4.397563229736471e-01
7.498942093324560e+01 4.334322584646680e-01
7.717915155850126e+01 4.270780086241522e-01
7.943282347242817e+01 4.206945628832919e-01
8.175230379436499e+01 4.142829530908048e-01
8.413951416451950e+01 4.078442545200134e-01
8.659643233600652e+01 4.013795868853217e-01
8.912509381337452e+01 3.948901153673141e-01
9.172759353897791e+01 3.883770516456296e-01
9.440608762859229e+01 3.818416549386706e-01
9.716279515771056e+01 3.752852330491189e-01
9.999999999999993e+01 3.687091434141294e-01
1.029200527194427e+02 3.621147941589650e-01
1.059253725177290e+02 3.555036451527218e-01
1.090184492385129e+02 3.488772090646698e-01
1.122018454301964e+02 3.422370524195967e-01
1.154781984689459e+02 3.355847966504055e-01
1.188502227437019e+02 3.289221191460568e-01
1.223207119049932e+02 3.222507542927781e-01
1.258925411794168e+02 3.155724945062857e-01
1.295686697517020e+02 3.088891912525688e-01
1.333521432163324e+02 3.022027560545755e-01
1.372460961007562e+02 2.955151614819126e-01
1.412537544622754e+02 2.888284421204275e-01
1.453784385607661e+02 2.821446955182749e-01
1.496235656094433e+02 2.754660831047858e-01
1.539926526059491e+02 2.687948310781431e-01
1.584893192461113e+02 2.621332312575368e-01
1.631172909227837e+02 2.554836418951032e-01
1.678804018122559e+02 2.488484884425611e-01
1.727825980507865e+02 2.422302642670259e-01
1.778279410038924e+02 2.356315313100222e-01
1.830206106311057e+02 2.290549206831980e-01
1.883649089489802e+02 2.225031331937075e-01
1.938652635952208e+02 2.159789397916126e-01
1.995262314968880e+02 2.094851819310063e-01
2.053525026457147e+02 2.030247718358448e-01
2.113489039836647e+02 1.966006926606839e-01
2.175204034019523e+02 1.902159985356678e-01
2.238721138568339e+02 1.838738144841686e-01
2.304092976055845e+02 1.775773362004479e-01
2.371373705661655e+02 1.713298296735731e-01
2.440619068041979e+02 1.651346306425719e-01
2.511886431509579e+02 1.589951438664285e-01
2.585234839562190e+02 1.529148421910014e-01
2.660725059798808e+02 1.468972653932567e-01
2.738419634264359e+02 1.409460187813373e-01
2.818382931264451e+02 1.350647715269156e-01
2.900681198693156e+02 1.292572547039577e-01
2.985382618917962e+02 1.235272590054523e-01
3.072557365267449e+02 1.178786321067612e-01
3.162277660168381e+02 1.123152756410262e-01
3.254617834980460e+02 1.068411417484157e-01
3.349654391578277e+02 1.014602291569102e-01
3.447466065731495e+02 9.617657874768784e-02
3.548133892335755e+02 9.099426855293087e-02
3.651741272548377e+02 8.591740812790981e-02
3.758374042884441e+02 8.095013223240423e-02
3.868120546330521e+02 7.609659374873974e-02
3.981071705534972e+02 7.136095575478882e-02
4.097321098135413e+02 6.674738265998460e-02
4.216965034285820e+02 6.226003030048234e-02
4.340102636447435e+02 5.790303487574971e-02
4.466835921509629e+02 5.368050059269832e-02
4.597269885308718e+02 4.959648586449813e-02
4.731512589614809e+02 4.565498788884800e-02
4.869675251658635e+02 4.185992540396629e-02
5.011872336272726e+02 3.821511938894689e-02
5.158221650723060e+02 3.472427143721654e-02
5.308844442309886e+02 3.139093948603881e-02
5.463865498818544e+02 2.821851052934626e-02
5.623413251903493e+02 2.521016987298925e-02
5.787619883491208e+02 2.236886640727254e-02
5.956621435290105e+02 1.969727326674110e-02
6.130557921498207e+02 1.719774311525139e-02
6.309573444801931e+02 1.487225712676725e-02
6.493816315762112e+02 1.272236651703243e-02
6.683439175686144e+02 1.074912520135093e-02
6.878599123088073e+02 8.953011784874985e-03
7.079457843841375e+02 7.333838598655104e-03
7.286181745132272e+02 5.890644824550899e-03
7.498942093324553e+02 4.621569824801403e-03
7.717915155850118e+02 3.523701482656500e-03
7.943282347242822e+02 2.592892468715571e-03
8.175230379436506e+02 1.823534542252260e-03
8.413951416451955e+02 1.208276709828310e-03
8.659643233600658e+02 7.376662794928843e-04
8.912509381337459e+02 3.996806614856867e-04
9.172759353897799e+02 1.790983817827756e-04
9.440608762859237e+02 5.662208797930423e-05
9.716279515771064e+02 7.595420726306715e-06
1.000000000000000e+03 0.000000000000000e+00
