# alpha = 1.5
# Lmin  = 0.01
# Lmax  = 1
# tau   = 1
# V1    = 0.1
# V2    = 1
# c     = 1
# u_min_requested = 0.0001
# u_max_requested = 10000000
# u_max_used      = 1
# u_physical_max  = 1
# points_per_decade = 160
# DeltaFss = 6.828321950642503e-02
# columns: u=t/tau, R(u)
1.000000000000000e-04 9.993245014646187e-01
1.014495208068736e-04 9.993147167298201e-01
1.029200527194428e-04 9.993047903606006e-01
1.044119002980564e-04 9.992947203097051e-01
1.059253725177289e-04 9.992845045003702e-01
1.074607828321318e-04 9.992741408259034e-01
1.090184492385128e-04 9.992636271492521e-01
1.105986943435560e-04 9.992529613025726e-01
1.122018454301963e-04 9.992421410867849e-01
1.138282345254032e-04 9.992311642711282e-01
1.154781984689458e-04 9.992200285927073e-01
1.171520789831560e-04 9.992087317560295e-01
1.188502227437018e-04 9.991972714325427e-01
1.205729814513874e-04 9.991856452601592e-01
1.223207119049932e-04 9.991738508427781e-01
1.240937760751720e-04 9.991618857497954e-01
1.258925411794167e-04 9.991497475156148e-01
1.277173797581143e-04 9.991374336391453e-01
1.295686697517020e-04 9.991249415832941e-01
1.314467945789422e-04 9.991122687744507e-01
1.333521432163324e-04 9.990994126019686e-01
1.352851102786650e-04 9.990863704176333e-01
1.372460961007562e-04 9.990731395351260e-01
1.392355068203584e-04 9.990597172294813e-01
1.412537544622754e-04 9.990461007365345e-01
1.433012570236963e-04 9.990322872523609e-01
1.453784385607662e-04 9.990182739327113e-01
1.474857292764125e-04 9.990040578924335e-01
1.496235656094434e-04 9.989896362048917e-01
1.517923903249384e-04 9.989750059013734e-01
1.539926526059492e-04 9.989601639704904e-01
1.562248081465291e-04 9.989451073575702e-01
1.584893192461114e-04 9.989298329640395e-01
1.607866549052561e-04 9.989143376467986e-01
1.631172909227838e-04 9.988986182175875e-01
1.654817099943181e-04 9.988826714423432e-01
1.678804018122560e-04 9.988664940405477e-01
1.703138631671877e-04 9.988500826845661e-01
1.727825980507863e-04 9.988334339989792e-01
1.752871177601893e-04 9.988165445598985e-01
1.778279410038923e-04 9.987994108942841e-01
1.804055940091786e-04 9.987820294792404e-01
1.830206106311056e-04 9.987643967413111e-01
1.856735324630706e-04 9.987465090557581e-01
1.883649089489801e-04 9.987283627458371e-01
1.910952974970441e-04 9.987099540820558e-01
1.938652635952207e-04 9.986912792814276e-01
1.966753809283338e-04 9.986723345067113e-01
1.995262314968880e-04 9.986531158656432e-01
2.024184057376062e-04 9.986336194101546e-01
2.053525026457146e-04 9.986138411355836e-01
2.083291298989999e-04 9.985937769798716e-01
2.113489039836647e-04 9.985734228227519e-01
2.144124503220073e-04 9.985527744849232e-01
2.175204034019523e-04 9.985318277272150e-01
2.206734069084590e-04 9.985105782497424e-01
2.238721138568339e-04 9.984890216910467e-01
2.271171867279766e-04 9.984671536272223e-01
2.304092976055846e-04 9.984449695710365e-01
2.337491283153489e-04 9.984224649710364e-01
2.371373705661655e-04 9.983996352106376e-01
2.405747260933951e-04 9.983764756072090e-01
2.440619068041980e-04 9.983529814111392e-01
2.475996349249774e-04 9.983291478048910e-01
2.511886431509580e-04 9.983049699020464e-01
2.548296747979347e-04 9.982804427463318e-01
2.585234839562191e-04 9.982555613106378e-01
2.622708356468190e-04 9.982303204960205e-01
2.660725059798810e-04 9.982047151306901e-01
2.699292823154294e-04 9.981787399689851e-01
2.738419634264362e-04 9.981523896903369e-01
2.778113596642536e-04 9.981256588982135e-01
2.818382931264454e-04 9.980985421190538e-01
2.859235978270507e-04 9.980710338011874e-01
2.900681198693154e-04 9.980431283137348e-01
2.942727176209282e-04 9.980148199455005e-01
2.985382618917959e-04 9.979861029038425e-01
3.028656361143964e-04 9.979569713135357e-01
3.072557365267447e-04 9.979274192156113e-01
3.117094723580126e-04 9.978974405661856e-01
3.162277660168380e-04 9.978670292352738e-01
3.208115532823636e-04 9.978361790055835e-01
3.254617834980459e-04 9.978048835712939e-01
3.301794197682720e-04 9.977731365368248e-01
3.349654391578277e-04 9.977409314155740e-01
3.398208328942560e-04 9.977082616286581e-01
3.447466065731493e-04 9.976751205036164e-01
3.497437803664179e-04 9.976415012731128e-01
3.548133892335755e-04 9.976073970736119e-01
3.599564831360897e-04 9.975728009440411e-01
3.651741272548378e-04 9.975377058244328e-01
3.704674022107157e-04 9.975021045545500e-01
3.758374042884442e-04 9.974659898724941e-01
3.812852456636189e-04 9.974293544132934e-01
3.868120546330522e-04 9.973921907074720e-01
3.924189758484536e-04 9.973544911796016e-01
3.981071705534972e-04 9.973162481468345e-01
4.038778168243260e-04 9.972774538174156e-01
4.097321098135416e-04 9.972381002891743e-01
4.156712619977310e-04 9.971981795480014e-01
4.216965034285822e-04 9.971576834662987e-01
4.278090819876380e-04 9.971166038014172e-01
4.340102636447438e-04 9.970749321940646e-01
4.403013327202415e-04 9.970326601667023e-01
4.466835921509632e-04 9.969897791219143e-01
4.531583637600818e-04 9.969462803407586e-01
4.597269885308722e-04 9.969021549810971e-01
4.663908268844406e-04 9.968573940759000e-01
4.731512589614806e-04 9.968119885315363e-01
4.800096849081117e-04 9.967659291260321e-01
4.869675251658631e-04 9.967192065073175e-01
4.940262207658598e-04 9.966718111914419e-01
5.011872336272722e-04 9.966237335607695e-01
5.084520468600939e-04 9.965749638621568e-01
5.158221650723057e-04 9.965254922050983e-01
5.232991146814947e-04 9.964753085598543e-01
5.308844442309884e-04 9.964244027555558e-01
5.385797247105719e-04 9.963727644782795e-01
5.463865498818543e-04 9.963203832691063e-01
5.543065366083506e-04 9.962672485221483e-01
5.623413251903491e-04 9.962133494825571e-01
5.704925797046320e-04 9.961586752445020e-01
5.787619883491207e-04 9.961032147491276e-01
5.871512637925166e-04 9.960469567824823e-01
5.956621435290105e-04 9.959898899734229e-01
6.042963902381329e-04 9.959320027914945e-01
6.130557921498207e-04 9.958732835447814e-01
6.219421634147762e-04 9.958137203777330e-01
6.309573444801934e-04 9.957533012689643e-01
6.401032024709309e-04 9.956920140290280e-01
6.493816315762113e-04 9.956298462981586e-01
6.587945534419239e-04 9.955667855439925e-01
6.683439175686146e-04 9.955028190592571e-01
6.780317017152461e-04 9.954379339594330e-01
6.878599123088077e-04 9.953721171803910e-01
6.978305848598664e-04 9.953053554759946e-01
7.079457843841379e-04 9.952376354156812e-01
7.182076058301705e-04 9.951689433820098e-01
7.286181745132278e-04 9.950992655681788e-01
7.391796465554597e-04 9.950285879755211e-01
7.498942093324559e-04 9.949568964109616e-01
7.607640819262702e-04 9.948841764844506e-01
7.717915155850124e-04 9.948104136063655e-01
7.829787941891024e-04 9.947355929848810e-01
7.943282347242816e-04 9.946596996233130e-01
8.058421877614818e-04 9.945827183174266e-01
8.175230379436500e-04 9.945046336527182e-01
8.293732044796284e-04 9.944254300016635e-01
8.413951416451951e-04 9.943450915209365e-01
8.535913392913661e-04 9.942636021485945e-01
8.659643233600655e-04 9.941809456012347e-01
8.785166564072718e-04 9.940971053711173e-01
8.912509381337455e-04 9.940120647232560e-01
9.041698059234506e-04 9.939258066924804e-01
9.172759353897796e-04 9.938383140804593e-01
9.305720409296990e-04 9.937495694526987e-01
9.440608762859233e-04 9.936595551355031e-01
9.577452351172412e-04 9.935682532129051e-01
9.716279515771064e-04 9.934756455235626e-01
9.857119009006163e-04 9.933817136576231e-01
1.000000000000000e-03 9.932864389535536e-01
1.014495208068736e-03 9.931898024949403e-01
1.029200527194428e-03 9.930917851072502e-01
1.044119002980565e-03 9.929923673545652e-01
1.059253725177289e-03 9.928915295362786e-01
1.074607828321318e-03 9.927892516837576e-01
1.090184492385128e-03 9.926855135569777e-01
1.105986943435559e-03 9.925802946411155e-01
1.122018454301964e-03 9.924735741431161e-01
1.138282345254032e-03 9.923653309882180e-01
1.154781984689458e-03 9.922555438164541e-01
1.171520789831560e-03 9.921441909791100e-01
1.188502227437018e-03 9.920312505351550e-01
1.205729814513875e-03 9.919167002476347e-01
1.223207119049931e-03 9.918005175800345e-01
1.240937760751720e-03 9.916826796926078e-01
1.258925411794167e-03 9.915631634386675e-01
1.277173797581143e-03 9.914419453608492e-01
1.295686697517020e-03 9.913190016873398e-01
1.314467945789422e-03 9.911943083280689e-01
1.333521432163324e-03 9.910678408708751e-01
1.352851102786651e-03 9.909395745776326e-01
1.372460961007562e-03 9.908094843803471e-01
1.392355068203584e-03 9.906775448772228e-01
1.412537544622754e-03 9.905437303286925e-01
1.433012570236963e-03 9.904080146534192e-01
1.453784385607662e-03 9.902703714242653e-01
1.474857292764125e-03 9.901307738642320e-01
1.496235656094434e-03 9.899891948423625e-01
1.517923903249384e-03 9.898456068696243e-01
1.539926526059492e-03 9.896999820947530e-01
1.562248081465291e-03 9.895522923000706e-01
1.584893192461113e-03 9.894025088972753e-01
1.607866549052561e-03 9.892506029232003e-01
1.631172909227838e-03 9.890965450355477e-01
1.654817099943182e-03 9.889403055085916e-01
1.678804018122561e-03 9.887818542288594e-01
1.703138631671877e-03 9.886211606907824e-01
1.727825980507864e-03 9.884581939923222e-01
1.752871177601893e-03 9.882929228305760e-01
1.778279410038923e-03 9.881253154973547e-01
1.804055940091787e-03 9.879553398747386e-01
1.830206106311056e-03 9.877829634306127e-01
1.856735324630706e-03 9.876081532141798e-01
1.883649089489800e-03 9.874308758514545e-01
1.910952974970440e-03 9.872510975407370e-01
1.938652635952208e-03 9.870687840480709e-01
1.966753809283338e-03 9.868839007026838e-01
1.995262314968880e-03 9.866964123924115e-01
2.024184057376061e-03 9.865062835591096e-01
2.053525026457146e-03 9.863134781940512e-01
2.083291298990000e-03 9.861179598333145e-01
2.113489039836647e-03 9.859196915531615e-01
2.144124503220073e-03 9.857186359654040e-01
2.175204034019522e-03 9.855147552127702e-01
2.206734069084590e-03 9.853080109642588e-01
2.238721138568340e-03 9.850983644104990e-01
2.271171867279765e-03 9.848857762590987e-01
2.304092976055846e-03 9.846702067300042e-01
2.337491283153488e-03 9.844516155508557e-01
2.371373705661655e-03 9.842299619523510e-01
2.405747260933951e-03 9.840052046636176e-01
2.440619068041980e-03 9.837773019075895e-01
2.475996349249774e-03 9.835462113964040e-01
2.511886431509579e-03 9.833118903268070e-01
2.548296747979347e-03 9.830742953755764e-01
2.585234839562192e-03 9.828333826949722e-01
2.622708356468190e-03 9.825891079082010e-01
2.660725059798810e-03 9.823414261049123e-01
2.699292823154293e-03 9.820902918367223e-01
2.738419634264361e-03 9.818356591127729e-01
2.778113596642536e-03 9.815774813953235e-01
2.818382931264453e-03 9.813157115953836e-01
2.859235978270507e-03 9.810503020683911e-01
2.900681198693153e-03 9.807812046099357e-01
2.942727176209282e-03 9.805083704515341e-01
2.985382618917961e-03 9.802317502564613e-01
3.028656361143964e-03 9.799512941156430e-01
3.072557365267447e-03 9.796669515436079e-01
3.117094723580125e-03 9.793786714745174e-01
3.162277660168379e-03 9.790864022582612e-01
3.208115532823636e-03 9.787900916566367e-01
3.254617834980458e-03 9.784896868396130e-01
3.301794197682720e-03 9.781851343816833e-01
3.349654391578276e-03 9.778763802583128e-01
3.398208328942560e-03 9.775633698424908e-01
3.447466065731494e-03 9.772460479013896e-01
3.497437803664179e-03 9.769243585931359e-01
3.548133892335755e-03 9.765982454637067e-01
3.599564831360895e-03 9.762676514439491e-01
3.651741272548378e-03 9.759325188467385e-01
3.704674022107158e-03 9.755927893642785e-01
3.758374042884442e-03 9.752484040655502e-01
3.812852456636189e-03 9.748993033939194e-01
3.868120546330521e-03 9.745454271649117e-01
3.924189758484536e-03 9.741867145641634e-01
3.981071705534973e-03 9.738231041455541e-01
4.038778168243259e-03 9.734545338295336e-01
4.097321098135416e-03 9.730809409016560e-01
4.156712619977310e-03 9.727022620113174e-01
4.216965034285823e-03 9.723184331707282e-01
4.278090819876381e-03 9.719293897541121e-01
4.340102636447437e-03 9.715350664971514e-01
4.403013327202414e-03 9.711353974966929e-01
4.466835921509630e-03 9.707303162107180e-01
4.531583637600818e-03 9.703197554585962e-01
4.597269885308723e-03 9.699036474216333e-01
4.663908268844406e-03 9.694819236439260e-01
4.731512589614806e-03 9.690545150335366e-01
4.800096849081115e-03 9.686213518640063e-01
4.869675251658631e-03 9.681823637762155e-01
4.940262207658599e-03 9.677374797806142e-01
5.011872336272723e-03 9.672866282598256e-01
5.084520468600939e-03 9.668297369716600e-01
5.158221650723055e-03 9.663667330525335e-01
5.232991146814947e-03 9.658975430213249e-01
5.308844442309885e-03 9.654220927836825e-01
5.385797247105718e-03 9.649403076368024e-01
5.463865498818543e-03 9.644521122746949e-01
5.543065366083504e-03 9.639574307939626e-01
5.623413251903491e-03 9.634561867001112e-01
5.704925797046321e-03 9.629483029144125e-01
5.787619883491206e-03 9.624337017813418e-01
5.871512637925166e-03 9.619123050766215e-01
5.956621435290104e-03 9.613840340158790e-01
6.042963902381329e-03 9.608488092639653e-01
6.130557921498208e-03 9.603065509449381e-01
6.219421634147761e-03 9.597571786527552e-01
6.309573444801933e-03 9.592006114626970e-01
6.401032024709308e-03 9.586367679435447e-01
6.493816315762114e-03 9.580655661705518e-01
6.587945534419239e-03 9.574869237392365e-01
6.683439175686146e-03 9.569007577800258e-01
6.780317017152460e-03 9.563069849737866e-01
6.878599123088074e-03 9.557055215682760e-01
6.978305848598663e-03 9.550962833955555e-01
7.079457843841381e-03 9.544791858903886e-01
7.182076058301705e-03 9.538541441096802e-01
7.286181745132278e-03 9.532210727529836e-01
7.391796465554595e-03 9.525798861841239e-01
7.498942093324559e-03 9.519304984539757e-01
7.607640819262703e-03 9.512728233244422e-01
7.717915155850123e-03 9.506067742936816e-01
7.829787941891025e-03 9.499322646226273e-01
7.943282347242814e-03 9.492492073628521e-01
8.058421877614817e-03 9.485575153858252e-01
8.175230379436502e-03 9.478571014136180e-01
8.293732044796283e-03 9.471478780511107e-01
8.413951416451952e-03 9.464297578197600e-01
8.535913392913657e-03 9.457026531929799e-01
8.659643233600653e-03 9.449664766332067e-01
8.785166564072720e-03 9.442211406306992e-01
8.912509381337455e-03 9.434665577441509e-01
9.041698059234505e-03 9.427026406431741e-01
9.172759353897794e-03 9.419293021527287e-01
9.305720409296990e-03 9.411464552995702e-01
9.440608762859237e-03 9.403540133607895e-01
9.577452351172413e-03 9.395518899145229e-01
9.716279515771064e-03 9.387399988929173e-01
9.857119009006160e-03 9.379182546374268e-01
1.000000000000000e-02 9.370865719565371e-01
1.014495208068736e-02 9.362448625248637e-01
1.029200527194429e-02 9.353930234758868e-01
1.044119002980564e-02 9.345309475691015e-01
1.059253725177289e-02 9.336585267328791e-01
1.074607828321318e-02 9.327756520648081e-01
1.090184492385128e-02 9.318822138322232e-01
1.105986943435560e-02 9.309781014729416e-01
1.122018454301963e-02 9.300632035962033e-01
1.138282345254032e-02 9.291374079838260e-01
1.154781984689458e-02 9.282006015915764e-01
1.171520789831560e-02 9.272526705507685e-01
1.188502227437019e-02 9.262935001700872e-01
1.205729814513874e-02 9.253229749376501e-01
1.223207119049931e-02 9.243409785233130e-01
1.240937760751720e-02 9.233473937812167e-01
1.258925411794168e-02 9.223421027525956e-01
1.277173797581144e-02 9.213249866688406e-01
1.295686697517019e-02 9.202959259548306e-01
1.314467945789422e-02 9.192548002325370e-01
1.333521432163324e-02 9.182014883249104e-01
1.352851102786651e-02 9.171358682600482e-01
1.372460961007563e-02 9.160578172756623e-01
1.392355068203584e-02 9.149672118238409e-01
1.412537544622754e-02 9.138639275761227e-01
1.433012570236963e-02 9.127478394288833e-01
1.453784385607662e-02 9.116188215090435e-01
1.474857292764125e-02 9.104767471801082e-01
1.496235656094433e-02 9.093214890485402e-01
1.517923903249384e-02 9.081529189704810e-01
1.539926526059492e-02 9.069709080588223e-01
1.562248081465291e-02 9.057753266906375e-01
1.584893192461114e-02 9.045660445149839e-01
1.607866549052560e-02 9.033429304610782e-01
1.631172909227838e-02 9.021058527468573e-01
1.654817099943182e-02 9.008546788879355e-01
1.678804018122560e-02 8.995892757069582e-01
1.703138631671878e-02 8.983095093433705e-01
1.727825980507863e-02 8.970152452636001e-01
1.752871177601893e-02 8.957063482716729e-01
1.778279410038923e-02 8.943826825202617e-01
1.804055940091787e-02 8.930441115221839e-01
1.830206106311057e-02 8.916904981623516e-01
1.856735324630705e-02 8.903217047101891e-01
1.883649089489800e-02 8.889375928325226e-01
1.910952974970441e-02 8.875380236069557e-01
1.938652635952208e-02 8.861228575357364e-01
1.966753809283339e-02 8.846919545601307e-01
1.995262314968879e-02 8.832451740753071e-01
2.024184057376061e-02 8.817823749457467e-01
2.053525026457146e-02 8.803034155211868e-01
2.083291298990000e-02 8.788081536531102e-01
2.113489039836648e-02 8.772964467117882e-01
2.144124503220072e-02 8.757681516038917e-01
2.175204034019522e-02 8.742231247906765e-01
2.206734069084590e-02 8.726612223067604e-01
2.238721138568340e-02 8.710822997794951e-01
2.271171867279767e-02 8.694862124489511e-01
2.304092976055845e-02 8.678728151885231e-01
2.337491283153488e-02 8.662419625261700e-01
2.371373705661655e-02 8.645935086662979e-01
2.405747260933951e-02 8.629273075123007e-01
2.440619068041982e-02 8.612432126897708e-01
2.475996349249773e-02 8.595410775703866e-01
2.511886431509580e-02 8.578207552964962e-01
2.548296747979346e-02 8.560820988064067e-01
2.585234839562191e-02 8.543249608603872e-01
2.622708356468191e-02 8.525491940674065e-01
2.660725059798809e-02 8.507546509126098e-01
2.699292823154293e-02 8.489411837855542e-01
2.738419634264361e-02 8.471086450092115e-01
2.778113596642536e-02 8.452568868697509e-01
2.818382931264455e-02 8.433857616471222e-01
2.859235978270505e-02 8.414951216464394e-01
2.900681198693153e-02 8.395848192301922e-01
2.942727176209282e-02 8.376547068512906e-01
2.985382618917960e-02 8.357046370869574e-01
3.028656361143965e-02 8.337344626734851e-01
3.072557365267446e-02 8.317440365418676e-01
3.117094723580125e-02 8.297332118543240e-01
3.162277660168380e-02 8.277018420417251e-01
3.208115532823637e-02 8.256497808419412e-01
3.254617834980460e-02 8.235768823391210e-01
3.301794197682719e-02 8.214830010039186e-01
3.349654391578276e-02 8.193679917346802e-01
3.398208328942560e-02 8.172317098996145e-01
3.447466065731495e-02 8.150740113799430e-01
3.497437803664181e-02 8.128947526140677e-01
3.548133892335753e-02 8.106937906427508e-01
3.599564831360895e-02 8.084709831553344e-01
3.651741272548377e-02 8.062261885370088e-01
3.704674022107158e-02 8.039592659171491e-01
3.758374042884443e-02 8.016700752187271e-01
3.812852456636187e-02 7.993584772088247e-01
3.868120546330521e-02 7.970243335502539e-01
3.924189758484536e-02 7.946675068543043e-01
3.981071705534973e-02 7.922878607346340e-01
4.038778168243261e-02 7.898852598623102e-01
4.097321098135413e-02 7.874595700220316e-01
4.156712619977310e-02 7.850106581695278e-01
4.216965034285823e-02 7.825383924901680e-01
4.278090819876382e-02 7.800426424587841e-01
4.340102636447440e-02 7.775232789007267e-01
4.403013327202412e-02 7.749801740541729e-01
4.466835921509631e-02 7.724132016336887e-01
4.531583637600818e-02 7.698222368950810e-01
4.597269885308723e-02 7.672071567015361e-01
4.663908268844408e-02 7.645678395910676e-01
4.731512589614803e-02 7.619041658452909e-01
4.800096849081115e-02 7.592160175595334e-01
4.869675251658631e-02 7.565032787142996e-01
4.940262207658599e-02 7.537658352481057e-01
5.011872336272725e-02 7.510035751316941e-01
5.084520468600937e-02 7.482163884436480e-01
5.158221650723056e-02 7.454041674474156e-01
5.232991146814946e-02 7.425668066697625e-01
5.308844442309885e-02 7.397042029806624e-01
5.385797247105722e-02 7.368162556746424e-01
5.463865498818540e-02 7.339028665535959e-01
5.543065366083505e-02 7.309639400110740e-01
5.623413251903490e-02 7.279993831180767e-01
5.704925797046322e-02 7.250091057103447e-01
5.787619883491209e-02 7.219930204771754e-01
5.871512637925164e-02 7.189510430517698e-01
5.956621435290103e-02 7.158830921031231e-01
6.042963902381329e-02 7.127890894294714e-01
6.130557921498209e-02 7.096689600533084e-01
6.219421634147765e-02 7.065226323179774e-01
6.309573444801930e-02 7.033500379858542e-01
6.401032024709308e-02 7.001511123381290e-01
6.493816315762115e-02 6.969257942762006e-01
6.587945534419240e-02 6.936740264246835e-01
6.683439175686150e-02 6.903957552360493e-01
6.780317017152457e-02 6.870909310969000e-01
6.878599123088075e-02 6.837595084358862e-01
6.978305848598663e-02 6.804014458332768e-01
7.079457843841380e-02 6.770167061321888e-01
7.182076058301709e-02 6.736052565514765e-01
7.286181745132274e-02 6.701670688002950e-01
7.391796465554595e-02 6.667021191943330e-01
7.498942093324559e-02 6.632103887737315e-01
7.607640819262702e-02 6.596918634226734e-01
7.717915155850127e-02 6.561465339906669e-01
7.829787941891020e-02 6.525743964155094e-01
7.943282347242814e-02 6.489754518479378e-01
8.058421877614819e-02 6.453497067779673e-01
8.175230379436502e-02 6.416971731629140e-01
8.293732044796288e-02 6.380178685571001e-01
8.413951416451948e-02 6.343118162432417e-01
8.535913392913658e-02 6.305790453655091e-01
8.659643233600654e-02 6.268195910642596e-01
8.785166564072720e-02 6.230334946124351e-01
8.912509381337459e-02 6.192208035536156e-01
9.041698059234501e-02 6.153815718417182e-01
9.172759353897794e-02 6.115158599823374e-01
9.305720409296991e-02 6.076237351757076e-01
9.440608762859236e-02 6.037052714612803e-01
9.577452351172416e-02 5.997605498638984e-01
9.716279515771059e-02 5.957896585415521e-01
9.857119009006160e-02 5.917926929347000e-01
1.000000000000000e-01 5.877697559171337e-01
1.014495208068736e-01 5.837209579483680e-01
1.029200527194429e-01 5.796464172275287e-01
1.044119002980564e-01 5.755462598487201e-01
1.059253725177289e-01 5.714206199578359e-01
1.074607828321318e-01 5.672696399107966e-01
1.090184492385128e-01 5.630934704331708e-01
1.105986943435560e-01 5.588922707811557e-01
1.122018454301963e-01 5.546662089038757e-01
1.138282345254032e-01 5.504154616069638e-01
1.154781984689458e-01 5.461402147173877e-01
1.171520789831560e-01 5.418406632494722e-01
1.188502227437019e-01 5.375170115720780e-01
1.205729814513874e-01 5.331694735768840e-01
1.223207119049931e-01 5.287982728477246e-01
1.240937760751720e-01 5.244036428309297e-01
1.258925411794168e-01 5.199858270066042e-01
1.277173797581143e-01 5.155450790607941e-01
1.295686697517019e-01 5.110816630584682e-01
1.314467945789422e-01 5.065958536172545e-01
1.333521432163324e-01 5.020879360818578e-01
1.352851102786651e-01 4.975582066990829e-01
1.372460961007562e-01 4.930069727933883e-01
1.392355068203583e-01 4.884345529428854e-01
1.412537544622754e-01 4.838412771556970e-01
1.433012570236963e-01 4.792274870465897e-01
1.453784385607662e-01 4.745935360137759e-01
1.474857292764125e-01 4.699397894157935e-01
1.496235656094433e-01 4.652666247483559e-01
1.517923903249384e-01 4.605744318210609e-01
1.539926526059492e-01 4.558636129338506e-01
1.562248081465291e-01 4.511345830530926e-01
1.584893192461114e-01 4.463877699871657e-01
1.607866549052560e-01 4.416236145614136e-01
1.631172909227838e-01 4.368425707923312e-01
1.654817099943181e-01 4.320451060608416e-01
1.678804018122561e-01 4.272317012845094e-01
1.703138631671878e-01 4.224028510885388e-01
1.727825980507863e-01 4.175590639753889e-01
1.752871177601893e-01 4.127008624928372e-01
1.778279410038923e-01 4.078287834003141e-01
1.804055940091787e-01 4.029433778333192e-01
1.830206106311057e-01 3.980452114657271e-01
1.856735324630706e-01 3.931348646697809e-01
1.883649089489800e-01 3.882129326735571e-01
1.910952974970440e-01 3.832800257156903e-01
1.938652635952208e-01 3.783367691971166e-01
1.966753809283339e-01 3.733838038296042e-01
1.995262314968879e-01 3.684217857808174e-01
2.024184057376061e-01 3.634513868156498e-01
2.053525026457146e-01 3.584732944335651e-01
2.083291298990000e-01 3.534882120016462e-01
2.113489039836648e-01 3.484968588830717e-01
2.144124503220071e-01 3.434999705607009e-01
2.175204034019522e-01 3.384982987554477e-01
2.206734069084590e-01 3.334926115391152e-01
2.238721138568340e-01 3.284836934413288e-01
2.271171867279766e-01 3.234723455502134e-01
2.304092976055845e-01 3.184593856064284e-01
2.337491283153488e-01 3.134456480901663e-01
2.371373705661655e-01 3.084319843007013e-01
2.405747260933951e-01 3.034192624280541e-01
2.440619068041981e-01 2.984083676163244e-01
2.475996349249773e-01 2.934002020182219e-01
2.511886431509580e-01 2.883956848403007e-01
2.548296747979347e-01 2.833957523783958e-01
2.585234839562191e-01 2.784013580427140e-01
2.622708356468192e-01 2.734134723720336e-01
2.660725059798809e-01 2.684330830364237e-01
2.699292823154293e-01 2.634611948278760e-01
2.738419634264361e-01 2.584988296382189e-01
2.778113596642536e-01 2.535470264236414e-01
2.818382931264455e-01 2.486068411551410e-01
2.859235978270505e-01 2.436793467541662e-01
2.900681198693153e-01 2.387656330126950e-01
2.942727176209282e-01 2.338668064969599e-01
2.985382618917961e-01 2.289839904339836e-01
3.028656361143965e-01 2.241183245800617e-01
3.072557365267445e-01 2.192709650702788e-01
3.117094723580126e-01 2.144430842481059e-01
3.162277660168379e-01 2.096358704740853e-01
3.208115532823637e-01 2.048505279125473e-01
3.254617834980460e-01 2.000882762952695e-01
3.301794197682719e-01 1.953503506609220e-01
3.349654391578276e-01 1.906380010690920e-01
3.398208328942560e-01 1.859524922876215e-01
3.447466065731494e-01 1.812951034519172e-01
3.497437803664180e-01 1.766671276948408e-01
3.548133892335753e-01 1.720698717457003e-01
3.599564831360895e-01 1.675046554967920e-01
3.651741272548377e-01 1.629728115358679e-01
3.704674022107158e-01 1.584756846428004e-01
3.758374042884443e-01 1.540146312486394e-01
3.812852456636187e-01 1.495910188551497e-01
3.868120546330521e-01 1.452062254128113e-01
3.924189758484536e-01 1.408616386551588e-01
3.981071705534974e-01 1.365586553872048e-01
4.038778168243262e-01 1.322986807255747e-01
4.097321098135414e-01 1.280831272878357e-01
4.156712619977310e-01 1.239134143283529e-01
4.216965034285822e-01 1.197909668178580e-01
4.278090819876381e-01 1.157172144637265e-01
4.340102636447440e-01 1.116935906677957e-01
4.403013327202412e-01 1.077215314183420e-01
4.466835921509631e-01 1.038024741126334e-01
4.531583637600818e-01 9.993785630623979e-02
4.597269885308723e-01 9.612911438503052e-02
4.663908268844408e-01 9.237768215552879e-02
4.731512589614803e-01 8.868498934899420e-02
4.800096849081115e-01 8.505246003429213e-02
4.869675251658631e-01 8.148151093426753e-02
4.940262207658599e-01 7.797354963996329e-02
5.011872336272726e-01 7.452997271662326e-02
5.084520468600937e-01 7.115216369497489e-02
5.158221650723056e-01 6.784149094080325e-02
5.232991146814947e-01 6.459930539530520e-02
5.308844442309885e-01 6.142693817812628e-02
5.385797247105721e-01 5.832569804435730e-02
5.463865498818540e-01 5.529686868606618e-02
5.543065366083505e-01 5.234170586817491e-02
5.623413251903492e-01 4.946143438765031e-02
5.704925797046322e-01 4.665724484403665e-02
5.787619883491208e-01 4.393029020833281e-02
5.871512637925164e-01 4.128168217606860e-02
5.956621435290104e-01 3.871248728916172e-02
6.042963902381329e-01 3.622372280972525e-02
6.130557921498209e-01 3.381635232740986e-02
6.219421634147765e-01 3.149128108010420e-02
6.309573444801930e-01 2.924935096583364e-02
6.401032024709307e-01 2.709133522147323e-02
6.493816315762113e-01 2.501793274138805e-02
6.587945534419239e-01 2.302976200627852e-02
6.683439175686149e-01 2.112735458930810e-02
6.780317017152456e-01 1.931114820294804e-02
6.878599123088075e-01 1.758147924582535e-02
6.978305848598664e-01 1.593857480412338e-02
7.079457843841381e-01 1.438254405664485e-02
7.182076058301710e-01 1.291336902639747e-02
7.286181745132274e-01 1.153089461433857e-02
7.391796465554595e-01 1.023481784254331e-02
7.498942093324559e-01 9.024676224319648e-03
7.607640819262703e-01 7.899835167400733e-03
7.717915155850128e-01 6.859474302978311e-03
7.829787941891021e-01 5.902572617565538e-03
7.943282347242814e-01 5.027892245978658e-03
8.058421877614819e-01 4.233960761442293e-03
8.175230379436502e-01 3.519051772108883e-03
8.293732044796289e-01 2.881163601077715e-03
8.413951416451948e-01 2.317995787913816e-03
8.535913392913658e-01 1.826923101914519e-03
8.659643233600653e-01 1.404966698600174e-03
8.785166564072719e-01 1.048761977997978e-03
8.912509381337459e-01 7.545226120838132e-04
9.041698059234501e-01 5.180000935992856e-04
9.172759353897795e-01 3.344380116439157e-04
9.305720409296990e-01 1.985200702176843e-04
9.440608762859236e-01 1.043106191262067e-04
9.577452351172417e-01 4.518614069790370e-05
9.716279515771058e-01 1.375569903270472e-05
9.857119009006160e-01 1.767764121578788e-06
1.000000000000000e+00 0.000000000000000e+00
